sample_id,year,month,day,date,time,latitude,longitude,station_num,station_depth,sampling_depth,group,species,group_species,count
1,2001,Dec,1,01/12/2001,,,,ST1,,1,Diatom,Thalassionema spp.,D-Thalassionema spp.,52
,,,,,,,,,,,,,,
2,2001,Dec,1,01/12/2001,,,,ST1,,1,Dinoflagellate,Gyrodinium,DF-Gyrodinium,113
3,2001,Dec,1,01/12/2001,,,,ST1,,1,Dinoflagellate,Protoperidinium oblongum,DF-Protoperidinium oblongum,113
4,2001,Dec,1,01/12/2001,,,,ST2,,1,Diatom,Coscinodiscus spp.,D-Coscinodiscus spp.,132
5,2001,Dec,1,01/12/2001,,,,ST2,,1,Diatom,Navicula  spp.,D-Navicula  spp.,658
6,2001,Dec,1,01/12/2001,,,,ST2,,1,Diatom,Rhizosolenia spp.,D-Rhizosolenia spp.,132
7,2001,Dec,1,01/12/2001,,,,ST2,,1,Diatom,Skeletonema,D-Skeletonema,132
8,2001,Dec,1,01/12/2001,,,,ST2,,1,Diatom,Thalassionema spp.,D-Thalassionema spp.,395
9,2001,Dec,1,01/12/2001,,,,ST2,,1,Diatom,Thalassiosira spp.,D-Thalassiosira spp.,263
10,2001,Dec,1,01/12/2001,,,,ST3,,1,Dinoflagellate,Gyrodinium spirale,DF-Gyrodinium spirale,737
11,2001,Dec,1,01/12/2001,,,,ST4,,1,Diatom,Chaetoceros spp.,D-Chaetoceros spp.,212
12,2001,Dec,1,01/12/2001,,,,ST4,,1,Diatom,Coscinodiscus spp.,D-Coscinodiscus spp.,106
13,2001,Dec,1,01/12/2001,,,,ST4,,1,Dinoflagellate,Protoperidinium conicum,DF-Protoperidinium conicum,212
14,2001,Dec,1,01/12/2001,,,,ST4,,1,Dinoflagellate,Protoperidinium oblongum,DF-Protoperidinium oblongum,212
15,2001,Dec,1,01/12/2001,,,,ST5,,1,Diatom,Navicula  spp.,D-Navicula  spp.,454
16,2001,Dec,1,01/12/2001,,,,ST5,,1,Dinoflagellate,Dinophysis miles,DF-Dinophysis miles,113
17,2001,Dec,1,01/12/2001,,,,ST6,,1,Diatom,Coscinodiscus spp.,D-Coscinodiscus spp.,232
18,2001,Dec,1,01/12/2001,,,,ST6,,1,Diatom,Navicula  spp.,D-Navicula  spp.,580
19,2001,Dec,1,01/12/2001,,,,ST6,,1,Diatom,Pleurosigma spp.,D-Pleurosigma spp.,116
20,2001,Dec,1,01/12/2001,,,,ST6,,1,Diatom,Pseudonitzschia spp.,D-Pseudonitzschia spp.,91094
21,2001,Dec,1,01/12/2001,,,,ST6,,1,Diatom,Thalassionema spp.,D-Thalassionema spp.,116
22,2001,Dec,1,01/12/2001,,,,ST6,,1,Dinoflagellate,Gyrodinium,DF-Gyrodinium,7543
23,2001,Dec,1,01/12/2001,,,,ST6,,1,Dinoflagellate,Gyrodinium spirale,DF-Gyrodinium spirale,232
24,2001,Dec,1,01/12/2001,,,,ST6,,1,Dinoflagellate,Prorocentrum micans,DF-Prorocentrum micans,232
25,2001,Dec,1,01/12/2001,,,,ST6,,1,Dinoflagellate,Prorocentrum sigmoides,DF-Prorocentrum sigmoides,696
26,2001,Dec,1,01/12/2001,,,,ST6,,1,Dinoflagellate,Protoperidinium spp.,DF-Protoperidinium spp.,696
27,2001,Dec,1,01/12/2001,,,,ST7,,1,Diatom,Coscinodiscus spp.,D-Coscinodiscus spp.,112
28,2001,Dec,1,01/12/2001,,,,ST7,,1,Diatom,Navicula  spp.,D-Navicula  spp.,336
29,2001,Dec,1,01/12/2001,,,,ST7,,1,Diatom,Pseudonitzschia spp.,D-Pseudonitzschia spp.,13569
30,2001,Dec,1,01/12/2001,,,,ST7,,1,Dinoflagellate,Gyrodinium,DF-Gyrodinium,561
31,2001,Dec,1,01/12/2001,,,,ST7,,1,Dinoflagellate,Prorocentrum micans,DF-Prorocentrum micans,112
32,2001,Dec,1,01/12/2001,,,,ST7,,1,Dinoflagellate,Protoperidinium spp.,DF-Protoperidinium spp.,112
33,2002,Jan,1,01/01/2002,,,,ST1,,1,Diatom,Pleurosigma spp.,D-Pleurosigma spp.,384
34,2002,Jan,1,01/01/2002,,,,ST1,,1,Diatom,Skeletonema,D-Skeletonema,36
35,2002,Jan,1,01/01/2002,,,,ST1,,1,Dinoflagellate,Prorocentrum micans,DF-Prorocentrum micans,72
36,2002,Jan,1,01/01/2002,,,,ST1,,1,Dinoflagellate,Prorocentrum minimum,DF-Prorocentrum minimum,154255
37,2002,Jan,1,01/01/2002,,,,ST1,,1,Dinoflagellate,Protoperidinium pellucidum,DF-Protoperidinium pellucidum,36
38,2002,Mar,1,01/03/2002,,,,ST2,,1,Dinoflagellate,Goniodoma,DF-Goniodoma,6
39,2002,Mar,1,01/03/2002,,,,ST2,,1,Dinoflagellate,Gyrodinium spirale,DF-Gyrodinium spirale,18
40,2002,Mar,1,01/03/2002,,,,ST4,,1,Dinoflagellate,Gymnodinium,DF-Gymnodinium,34
41,2002,Mar,1,01/03/2002,,,,ST9,,1,Dinoflagellate,Protoperidinium pellucidum,DF-Protoperidinium pellucidum,5
42,2002,Apr,1,01/04/2002,,,,ST2,,1,Diatom,Rhizosolenia spp.,D-Rhizosolenia spp.,3
43,2002,Apr,1,01/04/2002,,,,ST2,,1,Diatom,Thalassionema spp.,D-Thalassionema spp.,10
44,2002,Apr,1,01/04/2002,,,,ST2,,1,Dinoflagellate,Prorocentrum micans,DF-Prorocentrum micans,3
45,2002,Apr,1,01/04/2002,,,,ST2,,1,Dinoflagellate,Protoperidinium oblongum,DF-Protoperidinium oblongum,3
46,2002,Apr,1,01/04/2002,,,,ST6,,1,Diatom,Rhizosolenia spp.,D-Rhizosolenia spp.,7
47,2002,Apr,1,01/04/2002,,,,ST6,,1,Dinoflagellate,Ceratium trichoceros,DF-Ceratium trichoceros,5
48,2002,Apr,1,01/04/2002,,,,ST6,,1,Dinoflagellate,Dinophysis miles,DF-Dinophysis miles,2
49,2002,Apr,1,01/04/2002,,,,ST7,,1,Diatom,Pseudonitzschia spp.,D-Pseudonitzschia spp.,2
50,2002,Apr,1,01/04/2002,,,,ST7,,1,Diatom,Rhizosolenia spp.,D-Rhizosolenia spp.,2
51,2002,Apr,1,01/04/2002,,,,ST7,,1,Dinoflagellate,Ceratium furca,DF-Ceratium furca,2
52,2002,Apr,1,01/04/2002,,,,ST7,,1,Dinoflagellate,Protoperidinium oblongum,DF-Protoperidinium oblongum,2
53,2002,Jun,1,01/06/2002,,,,ST1,,1,Diatom,Thalassionema spp.,D-Thalassionema spp.,15
54,2002,Jun,1,01/06/2002,,,,ST1,,1,Diatom,Thalassiosira spp.,D-Thalassiosira spp.,8
55,2002,Jun,1,01/06/2002,,,,ST1,,1,Dinoflagellate,Scrippsiella trochoidea,DF-Scrippsiella trochoidea,4
56,2002,Jun,1,01/06/2002,,,,ST2,,1,Diatom,Bacteriastrum spp.,D-Bacteriastrum spp.,18
57,2002,Jun,1,01/06/2002,,,,ST2,,1,Diatom,Chaetoceros spp.,D-Chaetoceros spp.,476
58,2002,Jun,1,01/06/2002,,,,ST2,,1,Diatom,Coscinodiscus spp.,D-Coscinodiscus spp.,35
59,2002,Jun,1,01/06/2002,,,,ST2,,1,Diatom,Leptocylindrus spp.,D-Leptocylindrus spp.,18
60,2002,Jun,1,01/06/2002,,,,ST2,,1,Diatom,Navicula  spp.,D-Navicula  spp.,47
61,2002,Jun,1,01/06/2002,,,,ST2,,1,Diatom,Pleurosigma spp.,D-Pleurosigma spp.,6
62,2002,Jun,1,01/06/2002,,,,ST2,,1,Diatom,Pseudonitzschia spp.,D-Pseudonitzschia spp.,6
63,2002,Jun,1,01/06/2002,,,,ST2,,1,Diatom,Rhizosolenia spp.,D-Rhizosolenia spp.,29
64,2002,Jun,1,01/06/2002,,,,ST2,,1,Diatom,Thalassionema spp.,D-Thalassionema spp.,24
65,2002,Jun,1,01/06/2002,,,,ST2,,1,Diatom,Thalassiosira spp.,D-Thalassiosira spp.,41
66,2002,Jun,1,01/06/2002,,,,ST2,,1,Dinoflagellate,Odontella spp.,DF-Odontella spp.,6
67,2002,Jun,1,01/06/2002,,,,ST2,,1,Dinoflagellate,Prorocentrum lima,DF-Prorocentrum lima,6
68,2002,Jun,1,01/06/2002,,,,ST2,,1,Dinoflagellate,Prorocentrum micans,DF-Prorocentrum micans,6
69,2002,Jun,1,01/06/2002,,,,ST3,,1,Diatom,Bacteriastrum spp.,D-Bacteriastrum spp.,32
70,2002,Jun,1,01/06/2002,,,,ST3,,1,Diatom,Chaetoceros spp.,D-Chaetoceros spp.,51
71,2002,Jun,1,01/06/2002,,,,ST3,,1,Diatom,Coscinodiscus spp.,D-Coscinodiscus spp.,19
72,2002,Jun,1,01/06/2002,,,,ST3,,1,Diatom,Navicula  spp.,D-Navicula  spp.,6
73,2002,Jun,1,01/06/2002,,,,ST3,,1,Diatom,Pleurosigma spp.,D-Pleurosigma spp.,13
74,2002,Jun,1,01/06/2002,,,,ST3,,1,Diatom,Pseudonitzschia spp.,D-Pseudonitzschia spp.,6
75,2002,Jun,1,01/06/2002,,,,ST3,,1,Diatom,Rhizosolenia spp.,D-Rhizosolenia spp.,76
76,2002,Jun,1,01/06/2002,,,,ST3,,1,Diatom,Thalassionema spp.,D-Thalassionema spp.,25
77,2002,Jun,1,01/06/2002,,,,ST3,,1,Diatom,Thalassiosira spp.,D-Thalassiosira spp.,32
78,2002,Jun,1,01/06/2002,,,,ST3,,1,Dinoflagellate,Protoperidinium spp.,DF-Protoperidinium spp.,6
79,2002,Jun,1,01/06/2002,,,,ST3,,1,Dinoflagellate,Protoperidinium oblongum,DF-Protoperidinium oblongum,13
80,2002,Jun,1,01/06/2002,,,,ST4,,1,Diatom,Bacteriastrum spp.,D-Bacteriastrum spp.,14
81,2002,Jun,1,01/06/2002,,,,ST4,,1,Diatom,Coscinodiscus spp.,D-Coscinodiscus spp.,3
82,2002,Jun,1,01/06/2002,,,,ST4,,1,Diatom,Navicula  spp.,D-Navicula  spp.,14
83,2002,Jun,1,01/06/2002,,,,ST4,,1,Diatom,Rhizosolenia spp.,D-Rhizosolenia spp.,14
84,2002,Jun,1,01/06/2002,,,,ST4,,1,Diatom,Skeletonema,D-Skeletonema,59
85,2002,Jun,1,01/06/2002,,,,ST4,,1,Diatom,Thalassiosira spp.,D-Thalassiosira spp.,10
86,2002,Jun,1,01/06/2002,,,,ST4,,1,Dinoflagellate,Prorocentrum lima,DF-Prorocentrum lima,3
87,2002,Jun,1,01/06/2002,,,,ST4,,1,Dinoflagellate,Protoperidinium depressum,DF-Protoperidinium depressum,3
88,2002,Jun,1,01/06/2002,,,,ST4,,1,Silicoflagellate,Dictyocha,SF-Dictyocha,3
89,2002,Jun,1,01/06/2002,,,,ST5,,1,Diatom,Bacteriastrum spp.,D-Bacteriastrum spp.,15
90,2002,Jun,1,01/06/2002,,,,ST5,,1,Diatom,Chaetoceros spp.,D-Chaetoceros spp.,55
91,2002,Jun,1,01/06/2002,,,,ST5,,1,Diatom,Coscinodiscus spp.,D-Coscinodiscus spp.,5
92,2002,Jun,1,01/06/2002,,,,ST5,,1,Diatom,Leptocylindrus spp.,D-Leptocylindrus spp.,5
93,2002,Jun,1,01/06/2002,,,,ST5,,1,Diatom,Navicula  spp.,D-Navicula  spp.,5
94,2002,Jun,1,01/06/2002,,,,ST5,,1,Diatom,Pleurosigma spp.,D-Pleurosigma spp.,10
95,2002,Jun,1,01/06/2002,,,,ST5,,1,Diatom,Rhizosolenia spp.,D-Rhizosolenia spp.,5
96,2002,Jun,1,01/06/2002,,,,ST5,,1,Diatom,Thalassionema spp.,D-Thalassionema spp.,45
97,2002,Jun,1,01/06/2002,,,,ST5,,1,Dinoflagellate,Alexandrium spp.,DF-Alexandrium spp.,20
98,2002,Jun,1,01/06/2002,,,,ST5,,1,Dinoflagellate,Ceratium breve,DF-Ceratium breve,5
99,2002,Jun,1,01/06/2002,,,,ST5,,1,Dinoflagellate,Ceratium furca,DF-Ceratium furca,516
100,2002,Jun,1,01/06/2002,,,,ST5,,1,Dinoflagellate,Ceratium fusus,DF-Ceratium fusus,10
101,2002,Jun,1,01/06/2002,,,,ST5,,1,Dinoflagellate,Ceratium trichoceros,DF-Ceratium trichoceros,5
102,2002,Jun,1,01/06/2002,,,,ST5,,1,Dinoflagellate,Diplopsalis spp.,DF-Diplopsalis spp.,5
103,2002,Jun,1,01/06/2002,,,,ST5,,1,Dinoflagellate,Odontella spp.,DF-Odontella spp.,20
104,2002,Jun,1,01/06/2002,,,,ST5,,1,Dinoflagellate,Prorocentrum micans,DF-Prorocentrum micans,35
105,2002,Jun,1,01/06/2002,,,,ST5,,1,Dinoflagellate,Protoperidinium conicum,DF-Protoperidinium conicum,10
106,2002,Jun,1,01/06/2002,,,,ST5,,1,Dinoflagellate,Protoperidinium divergens,DF-Protoperidinium divergens,5
107,2002,Jun,1,01/06/2002,,,,ST5,,1,Dinoflagellate,Protoperidinium oblongum,DF-Protoperidinium oblongum,160
108,2002,Jun,1,01/06/2002,,,,ST5,,1,Dinoflagellate,Protoperidinium pallidum,DF-Protoperidinium pallidum,80
109,2002,Jun,1,01/06/2002,,,,ST5,,1,Dinoflagellate,Protoperidinium pellucidum,DF-Protoperidinium pellucidum,45
110,2002,Jun,1,01/06/2002,,,,ST5,,1,Dinoflagellate,Pyrophacus,DF-Pyrophacus,5
111,2002,Jun,1,01/06/2002,,,,ST6,,1,Diatom,Bacteriastrum spp.,D-Bacteriastrum spp.,14
112,2002,Jun,1,01/06/2002,,,,ST6,,1,Diatom,Chaetoceros spp.,D-Chaetoceros spp.,258
113,2002,Jun,1,01/06/2002,,,,ST6,,1,Diatom,Coscinodiscus spp.,D-Coscinodiscus spp.,3
114,2002,Jun,1,01/06/2002,,,,ST6,,1,Diatom,Guinardia,D-Guinardia,5
115,2002,Jun,1,01/06/2002,,,,ST6,,1,Diatom,Pleurosigma spp.,D-Pleurosigma spp.,11
116,2002,Jun,1,01/06/2002,,,,ST6,,1,Diatom,Pseudonitzschia spp.,D-Pseudonitzschia spp.,13
117,2002,Jun,1,01/06/2002,,,,ST6,,1,Diatom,Rhizosolenia spp.,D-Rhizosolenia spp.,11
118,2002,Jun,1,01/06/2002,,,,ST6,,1,Diatom,Skeletonema,D-Skeletonema,22
119,2002,Jun,1,01/06/2002,,,,ST6,,1,Diatom,Thalassionema spp.,D-Thalassionema spp.,26
120,2002,Jun,1,01/06/2002,,,,ST6,,1,Dinoflagellate,Alexandrium spp.,DF-Alexandrium spp.,1
121,2002,Jun,1,01/06/2002,,,,ST6,,1,Dinoflagellate,Ceratium breve,DF-Ceratium breve,2
122,2002,Jun,1,01/06/2002,,,,ST6,,1,Dinoflagellate,Ceratium furca,DF-Ceratium furca,133
123,2002,Jun,1,01/06/2002,,,,ST6,,1,Dinoflagellate,Ceratium fusus,DF-Ceratium fusus,6
124,2002,Jun,1,01/06/2002,,,,ST6,,1,Dinoflagellate,Dinophysis caudata,DF-Dinophysis caudata,7
125,2002,Jun,1,01/06/2002,,,,ST6,,1,Dinoflagellate,Odontella spp.,DF-Odontella spp.,483
126,2002,Jun,1,01/06/2002,,,,ST6,,1,Dinoflagellate,Prorocentrum lima,DF-Prorocentrum lima,1
127,2002,Jun,1,01/06/2002,,,,ST6,,1,Dinoflagellate,Prorocentrum micans,DF-Prorocentrum micans,6
128,2002,Jun,1,01/06/2002,,,,ST6,,1,Dinoflagellate,Protoperidinium spp.,DF-Protoperidinium spp.,30
129,2002,Jun,1,01/06/2002,,,,ST6,,1,Dinoflagellate,Protoperidinium conicum,DF-Protoperidinium conicum,30
130,2002,Jun,1,01/06/2002,,,,ST6,,1,Dinoflagellate,Protoperidinium oblongum,DF-Protoperidinium oblongum,57
131,2002,Jun,1,01/06/2002,,,,ST6,,1,Dinoflagellate,Protoperidinium pallidum,DF-Protoperidinium pallidum,2
132,2002,Jun,1,01/06/2002,,,,ST6,,1,Dinoflagellate,Protoperidinium pellucidum,DF-Protoperidinium pellucidum,5
133,2002,Jun,1,01/06/2002,,,,ST7,,1,Diatom,Bacteriastrum spp.,D-Bacteriastrum spp.,5
134,2002,Jun,1,01/06/2002,,,,ST7,,1,Diatom,Chaetoceros spp.,D-Chaetoceros spp.,1201
135,2002,Jun,1,01/06/2002,,,,ST7,,1,Diatom,Coscinodiscus spp.,D-Coscinodiscus spp.,19
136,2002,Jun,1,01/06/2002,,,,ST7,,1,Diatom,Navicula  spp.,D-Navicula  spp.,5
137,2002,Jun,1,01/06/2002,,,,ST7,,1,Diatom,Pseudonitzschia spp.,D-Pseudonitzschia spp.,5
138,2002,Jun,1,01/06/2002,,,,ST7,,1,Diatom,Thalassionema spp.,D-Thalassionema spp.,84
139,2002,Jun,1,01/06/2002,,,,ST7,,1,Dinoflagellate,Alexandrium spp.,DF-Alexandrium spp.,5
140,2002,Jun,1,01/06/2002,,,,ST7,,1,Dinoflagellate,Ceratium furca,DF-Ceratium furca,1987
141,2002,Jun,1,01/06/2002,,,,ST7,,1,Dinoflagellate,Ceratium fusus,DF-Ceratium fusus,5
142,2002,Jun,1,01/06/2002,,,,ST7,,1,Dinoflagellate,Ceratium trichoceros,DF-Ceratium trichoceros,14
143,2002,Jun,1,01/06/2002,,,,ST7,,1,Dinoflagellate,Diplopsalis spp.,DF-Diplopsalis spp.,9
144,2002,Jun,1,01/06/2002,,,,ST7,,1,Dinoflagellate,Gyrodinium,DF-Gyrodinium,14
145,2002,Jun,1,01/06/2002,,,,ST7,,1,Dinoflagellate,Odontella spp.,DF-Odontella spp.,33
146,2002,Jun,1,01/06/2002,,,,ST7,,1,Dinoflagellate,Prorocentrum micans,DF-Prorocentrum micans,33
147,2002,Jun,1,01/06/2002,,,,ST7,,1,Dinoflagellate,Protoperidinium spp.,DF-Protoperidinium spp.,84
148,2002,Jun,1,01/06/2002,,,,ST7,,1,Dinoflagellate,Protoperidinium conicum,DF-Protoperidinium conicum,37
149,2002,Jun,1,01/06/2002,,,,ST7,,1,Dinoflagellate,Protoperidinium oblongum,DF-Protoperidinium oblongum,538
150,2002,Jun,1,01/06/2002,,,,ST7,,1,Dinoflagellate,Protoperidinium pallidum,DF-Protoperidinium pallidum,23
151,2002,Jun,1,01/06/2002,,,,ST7,,1,Dinoflagellate,Protoperidinium pellucidum,DF-Protoperidinium pellucidum,65
152,2002,Jun,1,01/06/2002,,,,ST8,,1,Diatom,Bacteriastrum spp.,D-Bacteriastrum spp.,80
153,2002,Jun,1,01/06/2002,,,,ST8,,1,Diatom,Chaetoceros spp.,D-Chaetoceros spp.,803
154,2002,Jun,1,01/06/2002,,,,ST8,,1,Diatom,Coscinodiscus spp.,D-Coscinodiscus spp.,13
155,2002,Jun,1,01/06/2002,,,,ST8,,1,Diatom,Leptocylindrus spp.,D-Leptocylindrus spp.,30
156,2002,Jun,1,01/06/2002,,,,ST8,,1,Diatom,Navicula  spp.,D-Navicula  spp.,43
157,2002,Jun,1,01/06/2002,,,,ST8,,1,Diatom,Pleurosigma spp.,D-Pleurosigma spp.,3
158,2002,Jun,1,01/06/2002,,,,ST8,,1,Diatom,Pseudonitzschia spp.,D-Pseudonitzschia spp.,10
159,2002,Jun,1,01/06/2002,,,,ST8,,1,Diatom,Rhizosolenia spp.,D-Rhizosolenia spp.,7
160,2002,Jun,1,01/06/2002,,,,ST8,,1,Diatom,Thalassionema spp.,D-Thalassionema spp.,46
161,2002,Jun,1,01/06/2002,,,,ST8,,1,Dinoflagellate,Ceratium furca,DF-Ceratium furca,239
162,2002,Jun,1,01/06/2002,,,,ST8,,1,Dinoflagellate,Ceratium fusus,DF-Ceratium fusus,179
163,2002,Jun,1,01/06/2002,,,,ST8,,1,Dinoflagellate,Ceratium trichoceros,DF-Ceratium trichoceros,7
164,2002,Jun,1,01/06/2002,,,,ST8,,1,Dinoflagellate,Dinophysis caudata,DF-Dinophysis caudata,10
165,2002,Jun,1,01/06/2002,,,,ST8,,1,Dinoflagellate,Diplopsalis spp.,DF-Diplopsalis spp.,7
166,2002,Jun,1,01/06/2002,,,,ST8,,1,Dinoflagellate,Gyrodinium,DF-Gyrodinium,33
167,2002,Jun,1,01/06/2002,,,,ST8,,1,Dinoflagellate,Gyrodinium spirale,DF-Gyrodinium spirale,56
168,2002,Jun,1,01/06/2002,,,,ST8,,1,Dinoflagellate,Odontella spp.,DF-Odontella spp.,93
169,2002,Jun,1,01/06/2002,,,,ST8,,1,Dinoflagellate,Prorocentrum micans,DF-Prorocentrum micans,10
170,2002,Jun,1,01/06/2002,,,,ST8,,1,Dinoflagellate,Protoperidinium conicum,DF-Protoperidinium conicum,56
171,2002,Jun,1,01/06/2002,,,,ST8,,1,Dinoflagellate,Protoperidinium depressum,DF-Protoperidinium depressum,13
172,2002,Jun,1,01/06/2002,,,,ST8,,1,Dinoflagellate,Protoperidinium oblongum,DF-Protoperidinium oblongum,70
173,2002,Jun,1,01/06/2002,,,,ST8,,1,Dinoflagellate,Protoperidinium pentagonum,DF-Protoperidinium pentagonum,10
174,2002,Aug,1,01/08/2002,,,,ST1,,1,Diatom,Chaetoceros spp.,D-Chaetoceros spp.,61
175,2002,Aug,1,01/08/2002,,,,ST1,,1,Diatom,Thalassiosira spp.,D-Thalassiosira spp.,12
176,2002,Aug,1,01/08/2002,,,,ST1,,1,Dinoflagellate,Ceratium furca,DF-Ceratium furca,12
177,2002,Aug,1,01/08/2002,,,,ST1,,1,Dinoflagellate,Gyrodinium spirale,DF-Gyrodinium spirale,6
178,2002,Aug,1,01/08/2002,,,,ST3,,1,Diatom,Coscinodiscus spp.,D-Coscinodiscus spp.,11
179,2002,Aug,1,01/08/2002,,,,ST3,,1,Diatom,Pseudonitzschia spp.,D-Pseudonitzschia spp.,23
180,2002,Aug,1,01/08/2002,,,,ST3,,1,Diatom,Rhizosolenia spp.,D-Rhizosolenia spp.,34
181,2002,Aug,1,01/08/2002,,,,ST3,,1,Diatom,Skeletonema,D-Skeletonema,1279
182,2002,Aug,1,01/08/2002,,,,ST3,,1,Diatom,Thalassionema spp.,D-Thalassionema spp.,39
183,2002,Aug,1,01/08/2002,,,,ST3,,1,Dinoflagellate,Ceratium furca,DF-Ceratium furca,6
184,2002,Aug,1,01/08/2002,,,,ST3,,1,Dinoflagellate,Ceratium trichoceros,DF-Ceratium trichoceros,6
185,2002,Aug,1,01/08/2002,,,,ST3,,1,Dinoflagellate,Dinophysis caudata,DF-Dinophysis caudata,11
186,2002,Aug,1,01/08/2002,,,,ST3,,1,Dinoflagellate,Gymnodinium,DF-Gymnodinium,6
187,2002,Aug,1,01/08/2002,,,,ST3,,1,Dinoflagellate,Prorocentrum micans,DF-Prorocentrum micans,17
188,2002,Aug,1,01/08/2002,,,,ST3,,1,Dinoflagellate,Protoperidinium conicum,DF-Protoperidinium conicum,6
189,2002,Aug,1,01/08/2002,,,,ST5,,1,Diatom,Coscinodiscus spp.,D-Coscinodiscus spp.,7
190,2002,Aug,1,01/08/2002,,,,ST5,,1,Diatom,Navicula  spp.,D-Navicula  spp.,20
191,2002,Aug,1,01/08/2002,,,,ST5,,1,Diatom,Pleurosigma spp.,D-Pleurosigma spp.,47
192,2002,Aug,1,01/08/2002,,,,ST5,,1,Dinoflagellate,Alexandrium spp.,DF-Alexandrium spp.,7
193,2002,Aug,1,01/08/2002,,,,ST5,,1,Dinoflagellate,Ceratium furca,DF-Ceratium furca,140
194,2002,Aug,1,01/08/2002,,,,ST5,,1,Dinoflagellate,Ceratium fusus,DF-Ceratium fusus,13
195,2002,Aug,1,01/08/2002,,,,ST5,,1,Dinoflagellate,Dinophysis caudata,DF-Dinophysis caudata,7
196,2002,Aug,1,01/08/2002,,,,ST5,,1,Dinoflagellate,Gyrodinium,DF-Gyrodinium,20
197,2002,Aug,1,01/08/2002,,,,ST5,,1,Dinoflagellate,Gyrodinium spirale,DF-Gyrodinium spirale,20
198,2002,Aug,1,01/08/2002,,,,ST5,,1,Dinoflagellate,Prorocentrum lima,DF-Prorocentrum lima,13
199,2002,Aug,1,01/08/2002,,,,ST5,,1,Dinoflagellate,Protoperidinium oblongum,DF-Protoperidinium oblongum,47
200,2002,Aug,1,01/08/2002,,,,ST5,,1,Dinoflagellate,Protoperidinium pallidum,DF-Protoperidinium pallidum,7
201,2002,Aug,1,01/08/2002,,,,ST5,,1,Dinoflagellate,Protoperidinium pellucidum,DF-Protoperidinium pellucidum,7
202,2002,Aug,1,01/08/2002,,,,ST6,,1,Diatom,Thalassiosira spp.,D-Thalassiosira spp.,9
203,2002,Aug,1,01/08/2002,,,,ST6,,1,Dinoflagellate,Ceratium furca,DF-Ceratium furca,496
204,2002,Aug,1,01/08/2002,,,,ST6,,1,Dinoflagellate,Ceratium fusus,DF-Ceratium fusus,52
205,2002,Aug,1,01/08/2002,,,,ST6,,1,Dinoflagellate,Dinophysis caudata,DF-Dinophysis caudata,5
206,2002,Aug,1,01/08/2002,,,,ST6,,1,Dinoflagellate,Goniodoma,DF-Goniodoma,14
207,2002,Aug,1,01/08/2002,,,,ST6,,1,Dinoflagellate,Gonyaulax,DF-Gonyaulax,36
208,2002,Aug,1,01/08/2002,,,,ST6,,1,Dinoflagellate,Prorocentrum micans,DF-Prorocentrum micans,9
209,2002,Aug,1,01/08/2002,,,,ST6,,1,Dinoflagellate,Protoperidinium oblongum,DF-Protoperidinium oblongum,5
210,2002,Aug,1,01/08/2002,,,,ST6,,1,Dinoflagellate,Protoperidinium pallidum,DF-Protoperidinium pallidum,37
211,2002,Aug,1,01/08/2002,,,,ST7,,1,Diatom,Navicula  spp.,D-Navicula  spp.,24
212,2002,Aug,1,01/08/2002,,,,ST7,,1,Diatom,Pleurosigma spp.,D-Pleurosigma spp.,10
213,2002,Aug,1,01/08/2002,,,,ST7,,1,Dinoflagellate,Ceratium furca,DF-Ceratium furca,5
214,2002,Aug,1,01/08/2002,,,,ST7,,1,Dinoflagellate,Ceratium fusus,DF-Ceratium fusus,5
215,2002,Aug,1,01/08/2002,,,,ST7,,1,Dinoflagellate,Gyrodinium,DF-Gyrodinium,24
216,2002,Aug,1,01/08/2002,,,,ST7,,1,Dinoflagellate,Gyrodinium spirale,DF-Gyrodinium spirale,19
217,2002,Aug,1,01/08/2002,,,,ST7,,1,Dinoflagellate,Prorocentrum micans,DF-Prorocentrum micans,5
218,2002,Aug,1,01/08/2002,,,,ST8,,1,Diatom,Navicula  spp.,D-Navicula  spp.,5
219,2002,Aug,1,01/08/2002,,,,ST8,,1,Dinoflagellate,Ceratium furca,DF-Ceratium furca,3078
220,2002,Aug,1,01/08/2002,,,,ST8,,1,Dinoflagellate,Ceratium fusus,DF-Ceratium fusus,143
221,2002,Aug,1,01/08/2002,,,,ST8,,1,Dinoflagellate,Dinophysis caudata,DF-Dinophysis caudata,26
222,2002,Aug,1,01/08/2002,,,,ST8,,1,Dinoflagellate,Goniodoma,DF-Goniodoma,21
223,2002,Aug,1,01/08/2002,,,,ST8,,1,Dinoflagellate,Gonyaulax,DF-Gonyaulax,21
224,2002,Aug,1,01/08/2002,,,,ST8,,1,Dinoflagellate,Prorocentrum lima,DF-Prorocentrum lima,42
225,2002,Aug,1,01/08/2002,,,,ST8,,1,Dinoflagellate,Prorocentrum micans,DF-Prorocentrum micans,196
226,2002,Aug,1,01/08/2002,,,,ST8,,1,Dinoflagellate,Prorocentrum sigmoides,DF-Prorocentrum sigmoides,5
227,2002,Aug,1,01/08/2002,,,,ST8,,1,Dinoflagellate,Protoperidinium conicum,DF-Protoperidinium conicum,16
228,2002,Aug,1,01/08/2002,,,,ST8,,1,Dinoflagellate,Protoperidinium oblongum,DF-Protoperidinium oblongum,26
229,2002,Aug,1,01/08/2002,,,,ST8,,1,Dinoflagellate,Protoperidinium pallidum,DF-Protoperidinium pallidum,16
230,2002,Aug,1,01/08/2002,,,,ST8,,1,Dinoflagellate,Protoperidinium pellucidum,DF-Protoperidinium pellucidum,21
231,2002,Aug,1,01/08/2002,,,,ST8,,1,Dinoflagellate,Protoperidinium pentagonum,DF-Protoperidinium pentagonum,11
232,2002,Aug,1,01/08/2002,,,,ST8,,1,Dinoflagellate,Scrippsiella trochoidea,DF-Scrippsiella trochoidea,11
233,2002,Oct,1,01/10/2002,,,,ST1,,1,Diatom,Pseudonitzschia spp.,D-Pseudonitzschia spp.,2
234,2002,Oct,1,01/10/2002,,,,ST1,,1,Dinoflagellate,Polykrikos,DF-Polykrikos,2
235,2002,Oct,1,01/10/2002,,,,ST1,,1,Dinoflagellate,Prorocentrum micans,DF-Prorocentrum micans,2
236,2002,Oct,1,01/10/2002,,,,ST2,,1,Diatom,Coscinodiscus spp.,D-Coscinodiscus spp.,3
237,2002,Oct,1,01/10/2002,,,,ST2,,1,Diatom,Navicula  spp.,D-Navicula  spp.,12
238,2002,Oct,1,01/10/2002,,,,ST2,,1,Diatom,Rhizosolenia spp.,D-Rhizosolenia spp.,9
239,2002,Oct,1,01/10/2002,,,,ST2,,1,Dinoflagellate,Gyrodinium,DF-Gyrodinium,6
240,2002,Oct,1,01/10/2002,,,,ST4,,1,Diatom,Skeletonema,D-Skeletonema,7
241,2002,Oct,1,01/10/2002,,,,ST4,,1,Dinoflagellate,Gonyaulax,DF-Gonyaulax,2
242,2002,Oct,1,01/10/2002,,,,ST5,,1,Diatom,Chaetoceros spp.,D-Chaetoceros spp.,6
243,2002,Oct,1,01/10/2002,,,,ST5,,1,Dinoflagellate,Ceratium furca,DF-Ceratium furca,2
244,2002,Oct,1,01/10/2002,,,,ST5,,1,Dinoflagellate,Protoperidinium conicum,DF-Protoperidinium conicum,4
245,2002,Oct,1,01/10/2002,,,,ST7,,1,Diatom,Chaetoceros spp.,D-Chaetoceros spp.,44
246,2002,Oct,1,01/10/2002,,,,ST7,,1,Diatom,Thalassionema spp.,D-Thalassionema spp.,11
247,2002,Oct,1,01/10/2002,,,,ST8,,1,Diatom,Pleurosigma spp.,D-Pleurosigma spp.,4
248,2002,Oct,1,01/10/2002,,,,ST8,,1,Diatom,Skeletonema,D-Skeletonema,4
249,2002,Oct,1,01/10/2002,,,,ST8,,1,Dinoflagellate,Ceratium furca,DF-Ceratium furca,4
250,2002,Oct,1,01/10/2002,,,,ST8,,1,Dinoflagellate,Protoperidinium pellucidum,DF-Protoperidinium pellucidum,4
251,2002,Oct,1,01/10/2002,,,,ST8,,1,Silicoflagellate,Dictyocha,SF-Dictyocha,4
252,2002,Oct,1,01/10/2002,,,,ST9,,1,Diatom,Coscinodiscus spp.,D-Coscinodiscus spp.,4
253,2002,Oct,1,01/10/2002,,,,ST9,,1,Diatom,Pleurosigma spp.,D-Pleurosigma spp.,32
254,2002,Oct,1,01/10/2002,,,,ST9,,1,Diatom,Rhizosolenia spp.,D-Rhizosolenia spp.,8
255,2002,Oct,1,01/10/2002,,,,ST9,,1,Diatom,Thalassionema spp.,D-Thalassionema spp.,12
256,2002,Nov,1,01/11/2002,,,,ST1,,1,Diatom,Rhizosolenia spp.,D-Rhizosolenia spp.,151
257,2002,Nov,1,01/11/2002,,,,ST1,,1,Dinoflagellate,Gyrodinium,DF-Gyrodinium,4
258,2002,Nov,1,01/11/2002,,,,ST1,,1,Dinoflagellate,Protoperidinium pellucidum,DF-Protoperidinium pellucidum,4
259,2002,Nov,1,01/11/2002,,,,ST2,,1,Diatom,Coscinodiscus spp.,D-Coscinodiscus spp.,5
260,2002,Nov,1,01/11/2002,,,,ST2,,1,Diatom,Navicula  spp.,D-Navicula  spp.,15
261,2002,Nov,1,01/11/2002,,,,ST2,,1,Diatom,Pleurosigma spp.,D-Pleurosigma spp.,3
262,2002,Nov,1,01/11/2002,,,,ST2,,1,Diatom,Rhizosolenia spp.,D-Rhizosolenia spp.,32
263,2002,Nov,1,01/11/2002,,,,ST2,,1,Diatom,Skeletonema,D-Skeletonema,1
264,2002,Nov,1,01/11/2002,,,,ST2,,1,Diatom,Thalassionema spp.,D-Thalassionema spp.,1
265,2002,Nov,1,01/11/2002,,,,ST3,,1,Diatom,Coscinodiscus spp.,D-Coscinodiscus spp.,6
266,2002,Nov,1,01/11/2002,,,,ST3,,1,Diatom,Navicula  spp.,D-Navicula  spp.,112
267,2002,Nov,1,01/11/2002,,,,ST3,,1,Diatom,Pleurosigma spp.,D-Pleurosigma spp.,47
268,2002,Nov,1,01/11/2002,,,,ST3,,1,Diatom,Pseudonitzschia spp.,D-Pseudonitzschia spp.,6
269,2002,Nov,1,01/11/2002,,,,ST3,,1,Diatom,Rhizosolenia spp.,D-Rhizosolenia spp.,75
270,2002,Nov,1,01/11/2002,,,,ST3,,1,Dinoflagellate,Ceratium furca,DF-Ceratium furca,103
271,2002,Nov,1,01/11/2002,,,,ST3,,1,Dinoflagellate,Ceratium fusus,DF-Ceratium fusus,25
272,2002,Nov,1,01/11/2002,,,,ST3,,1,Dinoflagellate,Dinophysis caudata,DF-Dinophysis caudata,22
273,2002,Nov,1,01/11/2002,,,,ST3,,1,Dinoflagellate,Dinophysis tripos,DF-Dinophysis tripos,22
274,2002,Nov,1,01/11/2002,,,,ST3,,1,Dinoflagellate,Diplopsalis spp.,DF-Diplopsalis spp.,9
275,2002,Nov,1,01/11/2002,,,,ST3,,1,Dinoflagellate,Odontella spp.,DF-Odontella spp.,159
276,2002,Nov,1,01/11/2002,,,,ST3,,1,Dinoflagellate,Protoperidinium pallidum,DF-Protoperidinium pallidum,6
277,2002,Nov,1,01/11/2002,,,,ST3,,1,Dinoflagellate,Protoperidinium pellucidum,DF-Protoperidinium pellucidum,12
278,2002,Nov,1,01/11/2002,,,,ST4,,1,Diatom,Navicula  spp.,D-Navicula  spp.,22
279,2002,Nov,1,01/11/2002,,,,ST4,,1,Diatom,Pseudonitzschia spp.,D-Pseudonitzschia spp.,9
280,2002,Nov,1,01/11/2002,,,,ST4,,1,Diatom,Rhizosolenia spp.,D-Rhizosolenia spp.,6
281,2002,Nov,1,01/11/2002,,,,ST4,,1,Diatom,Thalassionema spp.,D-Thalassionema spp.,19
282,2002,Nov,1,01/11/2002,,,,ST4,,1,Dinoflagellate,Ceratium fusus,DF-Ceratium fusus,3
283,2002,Nov,1,01/11/2002,,,,ST4,,1,Dinoflagellate,Odontella spp.,DF-Odontella spp.,9
284,2002,Nov,1,01/11/2002,,,,ST4,,1,Dinoflagellate,Protoperidinium divergens,DF-Protoperidinium divergens,3
285,2002,Nov,1,01/11/2002,,,,ST4,,1,Dinoflagellate,Protoperidinium pellucidum,DF-Protoperidinium pellucidum,3
286,2002,Nov,1,01/11/2002,,,,ST5,,1,Diatom,Leptocylindrus spp.,D-Leptocylindrus spp.,2
287,2002,Nov,1,01/11/2002,,,,ST5,,1,Diatom,Navicula  spp.,D-Navicula  spp.,26
288,2002,Nov,1,01/11/2002,,,,ST5,,1,Diatom,Pseudonitzschia spp.,D-Pseudonitzschia spp.,8
289,2002,Nov,1,01/11/2002,,,,ST5,,1,Diatom,Rhizosolenia spp.,D-Rhizosolenia spp.,134
290,2002,Nov,1,01/11/2002,,,,ST5,,1,Dinoflagellate,Ceratium furca,DF-Ceratium furca,2
291,2002,Nov,1,01/11/2002,,,,ST5,,1,Dinoflagellate,Ceratium fusus,DF-Ceratium fusus,57
292,2002,Nov,1,01/11/2002,,,,ST5,,1,Dinoflagellate,Dinophysis caudata,DF-Dinophysis caudata,4
293,2002,Nov,1,01/11/2002,,,,ST5,,1,Dinoflagellate,Diplopsalis spp.,DF-Diplopsalis spp.,6
294,2002,Nov,1,01/11/2002,,,,ST5,,1,Dinoflagellate,Protoperidinium pellucidum,DF-Protoperidinium pellucidum,2
295,2002,Nov,1,01/11/2002,,,,ST5,,1,Dinoflagellate,Protoperidinium pentagonum,DF-Protoperidinium pentagonum,4
296,2002,Nov,1,01/11/2002,,,,ST6,,1,Diatom,Navicula  spp.,D-Navicula  spp.,80
297,2002,Nov,1,01/11/2002,,,,ST6,,1,Diatom,Rhizosolenia spp.,D-Rhizosolenia spp.,8
298,2002,Nov,1,01/11/2002,,,,ST6,,1,Diatom,Skeletonema,D-Skeletonema,12
299,2002,Nov,1,01/11/2002,,,,ST6,,1,Dinoflagellate,Protoperidinium pellucidum,DF-Protoperidinium pellucidum,2
300,2002,Nov,1,01/11/2002,,,,ST8,,1,Diatom,Coscinodiscus spp.,D-Coscinodiscus spp.,8
301,2002,Nov,1,01/11/2002,,,,ST8,,1,Diatom,Navicula  spp.,D-Navicula  spp.,49
302,2002,Nov,1,01/11/2002,,,,ST8,,1,Diatom,Rhizosolenia spp.,D-Rhizosolenia spp.,197
303,2002,Nov,1,01/11/2002,,,,ST8,,1,Diatom,Skeletonema,D-Skeletonema,4
304,2002,Nov,1,01/11/2002,,,,ST8,,1,Diatom,Thalassionema spp.,D-Thalassionema spp.,4
305,2002,Nov,1,01/11/2002,,,,ST8,,1,Dinoflagellate,Ceratium fusus,DF-Ceratium fusus,4
306,2002,Nov,1,01/11/2002,,,,ST8,,1,Dinoflagellate,Protoperidinium oblongum,DF-Protoperidinium oblongum,4
307,2002,Dec,1,01/12/2002,,,,ST1,,1,Diatom,Chaetoceros spp.,D-Chaetoceros spp.,14
308,2002,Dec,1,01/12/2002,,,,ST1,,1,Diatom,Leptocylindrus spp.,D-Leptocylindrus spp.,3
309,2002,Dec,1,01/12/2002,,,,ST1,,1,Diatom,Pseudonitzschia spp.,D-Pseudonitzschia spp.,3
310,2002,Dec,1,01/12/2002,,,,ST1,,1,Diatom,Rhizosolenia spp.,D-Rhizosolenia spp.,54
311,2002,Dec,1,01/12/2002,,,,ST1,,1,Dinoflagellate,Polykrikos,DF-Polykrikos,2
312,2002,Dec,1,01/12/2002,,,,ST1,,1,Dinoflagellate,Prorocentrum micans,DF-Prorocentrum micans,2
313,2002,Dec,1,01/12/2002,,,,ST2,,1,Diatom,Coscinodiscus spp.,D-Coscinodiscus spp.,6
314,2002,Dec,1,01/12/2002,,,,ST2,,1,Diatom,Navicula  spp.,D-Navicula  spp.,28
315,2002,Dec,1,01/12/2002,,,,ST2,,1,Diatom,Pleurosigma spp.,D-Pleurosigma spp.,12
316,2002,Dec,1,01/12/2002,,,,ST2,,1,Diatom,Rhizosolenia spp.,D-Rhizosolenia spp.,37
317,2002,Dec,1,01/12/2002,,,,ST2,,1,Dinoflagellate,Ceratium furca,DF-Ceratium furca,3
318,2002,Dec,1,01/12/2002,,,,ST3,,1,Diatom,Coscinodiscus spp.,D-Coscinodiscus spp.,19
319,2002,Dec,1,01/12/2002,,,,ST3,,1,Diatom,Navicula  spp.,D-Navicula  spp.,9
320,2002,Dec,1,01/12/2002,,,,ST3,,1,Diatom,Pseudonitzschia spp.,D-Pseudonitzschia spp.,9
321,2002,Dec,1,01/12/2002,,,,ST3,,1,Diatom,Thalassionema spp.,D-Thalassionema spp.,14
322,2002,Dec,1,01/12/2002,,,,ST3,,1,Dinoflagellate,Ceratium fusus,DF-Ceratium fusus,5
323,2002,Dec,1,01/12/2002,,,,ST3,,1,Dinoflagellate,Diplopsalis spp.,DF-Diplopsalis spp.,9
324,2002,Dec,1,01/12/2002,,,,ST3,,1,Dinoflagellate,Goniodoma,DF-Goniodoma,5
325,2002,Dec,1,01/12/2002,,,,ST3,,1,Dinoflagellate,Gyrodinium spirale,DF-Gyrodinium spirale,9
326,2002,Dec,1,01/12/2002,,,,ST3,,1,Dinoflagellate,Protoperidinium pellucidum,DF-Protoperidinium pellucidum,5
327,2002,Dec,1,01/12/2002,,,,ST4,,1,Diatom,Bacteriastrum spp.,D-Bacteriastrum spp.,27
328,2002,Dec,1,01/12/2002,,,,ST4,,1,Diatom,Chaetoceros spp.,D-Chaetoceros spp.,101
329,2002,Dec,1,01/12/2002,,,,ST4,,1,Diatom,Coscinodiscus spp.,D-Coscinodiscus spp.,12
330,2002,Dec,1,01/12/2002,,,,ST4,,1,Diatom,Navicula  spp.,D-Navicula  spp.,43
331,2002,Dec,1,01/12/2002,,,,ST4,,1,Diatom,Pseudonitzschia spp.,D-Pseudonitzschia spp.,23
332,2002,Dec,1,01/12/2002,,,,ST4,,1,Diatom,Rhizosolenia spp.,D-Rhizosolenia spp.,27
333,2002,Dec,1,01/12/2002,,,,ST4,,1,Diatom,Skeletonema,D-Skeletonema,4
334,2002,Dec,1,01/12/2002,,,,ST4,,1,Diatom,Thalassionema spp.,D-Thalassionema spp.,31
335,2002,Dec,1,01/12/2002,,,,ST4,,1,Dinoflagellate,Ceratium furca,DF-Ceratium furca,31
336,2002,Dec,1,01/12/2002,,,,ST4,,1,Dinoflagellate,Gonyaulax,DF-Gonyaulax,8
337,2002,Dec,1,01/12/2002,,,,ST4,,1,Dinoflagellate,Odontella spp.,DF-Odontella spp.,4
338,2002,Dec,1,01/12/2002,,,,ST4,,1,Dinoflagellate,Protoperidinium conicum,DF-Protoperidinium conicum,4
339,2002,Dec,1,01/12/2002,,,,ST4,,1,Dinoflagellate,Protoperidinium oblongum,DF-Protoperidinium oblongum,4
340,2002,Dec,1,01/12/2002,,,,ST5,,1,Diatom,Bacteriastrum spp.,D-Bacteriastrum spp.,2
341,2002,Dec,1,01/12/2002,,,,ST5,,1,Diatom,Coscinodiscus spp.,D-Coscinodiscus spp.,12
342,2002,Dec,1,01/12/2002,,,,ST5,,1,Diatom,Navicula  spp.,D-Navicula  spp.,2
343,2002,Dec,1,01/12/2002,,,,ST5,,1,Diatom,Pleurosigma spp.,D-Pleurosigma spp.,2
344,2002,Dec,1,01/12/2002,,,,ST5,,1,Diatom,Rhizosolenia spp.,D-Rhizosolenia spp.,9
345,2002,Dec,1,01/12/2002,,,,ST5,,1,Diatom,Thalassionema spp.,D-Thalassionema spp.,2
346,2002,Dec,1,01/12/2002,,,,ST5,,1,Dinoflagellate,Ceratium breve,DF-Ceratium breve,2
347,2002,Dec,1,01/12/2002,,,,ST5,,1,Dinoflagellate,Ceratium fusus,DF-Ceratium fusus,12
348,2002,Dec,1,01/12/2002,,,,ST5,,1,Dinoflagellate,Goniodoma,DF-Goniodoma,7
349,2002,Dec,1,01/12/2002,,,,ST5,,1,Dinoflagellate,Gonyaulax,DF-Gonyaulax,2
350,2002,Dec,1,01/12/2002,,,,ST5,,1,Dinoflagellate,Odontella spp.,DF-Odontella spp.,2
351,2002,Dec,1,01/12/2002,,,,ST6,,1,Diatom,Leptocylindrus spp.,D-Leptocylindrus spp.,17
352,2002,Dec,1,01/12/2002,,,,ST6,,1,Diatom,Rhizosolenia spp.,D-Rhizosolenia spp.,7
353,2002,Dec,1,01/12/2002,,,,ST7,,1,Diatom,Bacteriastrum spp.,D-Bacteriastrum spp.,36
354,2002,Dec,1,01/12/2002,,,,ST7,,1,Diatom,Coscinodiscus spp.,D-Coscinodiscus spp.,91
355,2002,Dec,1,01/12/2002,,,,ST7,,1,Diatom,Thalassionema spp.,D-Thalassionema spp.,21
356,2002,Dec,1,01/12/2002,,,,ST7,,1,Dinoflagellate,Ceratium furca,DF-Ceratium furca,8
357,2002,Dec,1,01/12/2002,,,,ST7,,1,Dinoflagellate,Ceratium fusus,DF-Ceratium fusus,8
358,2002,Dec,1,01/12/2002,,,,ST7,,1,Dinoflagellate,Gonyaulax,DF-Gonyaulax,4
359,2002,Dec,1,01/12/2002,,,,ST7,,1,Dinoflagellate,Gyrodinium spirale,DF-Gyrodinium spirale,4
360,2002,Dec,1,01/12/2002,,,,ST7,,1,Dinoflagellate,Protoperidinium conicum,DF-Protoperidinium conicum,4
361,2002,Dec,1,01/12/2002,,,,ST7,,1,Dinoflagellate,Protoperidinium oblongum,DF-Protoperidinium oblongum,4
362,2002,Dec,1,01/12/2002,,,,ST8,,1,Diatom,Chaetoceros spp.,D-Chaetoceros spp.,18
363,2002,Dec,1,01/12/2002,,,,ST8,,1,Diatom,Coscinodiscus spp.,D-Coscinodiscus spp.,13
364,2002,Dec,1,01/12/2002,,,,ST8,,1,Diatom,Navicula  spp.,D-Navicula  spp.,22
365,2002,Dec,1,01/12/2002,,,,ST8,,1,Diatom,Rhizosolenia spp.,D-Rhizosolenia spp.,31
366,2002,Dec,1,01/12/2002,,,,ST8,,1,Diatom,Thalassionema spp.,D-Thalassionema spp.,31
367,2002,Dec,1,01/12/2002,,,,ST8,,1,Dinoflagellate,Gyrodinium spirale,DF-Gyrodinium spirale,4
368,2004,Apr,27,27/04/2004,,16.38118,119.91042,BOL1,,1,Diatom,Chaetoceros spp.,D-Chaetoceros spp.,6
369,2004,Apr,27,27/04/2004,,16.38118,119.91042,BOL1,,1,Diatom,Helicotheca tamensis,D-Helicotheca tamensis,13
370,2004,Apr,27,27/04/2004,,16.38118,119.91042,BOL1,,1,Diatom,Navicula  spp.,D-Navicula  spp.,5
371,2004,Apr,27,27/04/2004,,16.38118,119.91042,BOL1,,1,Diatom,Rhizosolenia spp.,D-Rhizosolenia spp.,5
372,2004,Apr,27,27/04/2004,,16.38118,119.91042,BOL1,,1,Diatom,Thalassiosira spp.,D-Thalassiosira spp.,8148
373,2004,Apr,27,27/04/2004,,16.38118,119.91042,BOL1,,1,Dinoflagellate,Ceratium furca,DF-Ceratium furca,70
374,2004,Apr,27,27/04/2004,,16.38118,119.91042,BOL1,,1,Dinoflagellate,Ceratium fusus,DF-Ceratium fusus,6
375,2004,Apr,27,27/04/2004,,16.38118,119.91042,BOL1,,1,Dinoflagellate,Ceratium pentagonum,DF-Ceratium pentagonum,5
376,2004,Apr,27,27/04/2004,,16.38118,119.91042,BOL1,,1,Dinoflagellate,Ceratium tripos,DF-Ceratium tripos,6
377,2004,Apr,27,27/04/2004,,16.38118,119.91042,BOL1,,1,Dinoflagellate,Dinophysis caudata,DF-Dinophysis caudata,14
378,2004,Apr,27,27/04/2004,,16.38118,119.91042,BOL1,,1,Dinoflagellate,Diplopsalis spp.,DF-Diplopsalis spp.,41
379,2004,Apr,27,27/04/2004,,16.38118,119.91042,BOL1,,1,Dinoflagellate,Diplopsalis orbicularis,DF-Diplopsalis orbicularis,126
380,2004,Apr,27,27/04/2004,,16.38118,119.91042,BOL1,,1,Dinoflagellate,Gonyaulax,DF-Gonyaulax,39
381,2004,Apr,27,27/04/2004,,16.38118,119.91042,BOL1,,1,Dinoflagellate,Gyrodinium,DF-Gyrodinium,14
382,2004,Apr,27,27/04/2004,,16.38118,119.91042,BOL1,,1,Dinoflagellate,Gymnodnium coerulum,DF-Gymnodnium coerulum,68
383,2004,Apr,27,27/04/2004,,16.38118,119.91042,BOL1,,1,Dinoflagellate,Gyrodinium spirale,DF-Gyrodinium spirale,36
384,2004,Apr,27,27/04/2004,,16.38118,119.91042,BOL1,,1,Dinoflagellate,Prorocentrum micans,DF-Prorocentrum micans,5
385,2004,Apr,27,27/04/2004,,16.38118,119.91042,BOL1,,1,Dinoflagellate,Protoperidinium spp.,DF-Protoperidinium spp.,103
386,2004,Apr,27,27/04/2004,,16.38118,119.91042,BOL1,,1,Dinoflagellate,Protoperidnium conicum,DF-Protoperidnium conicum,19
387,2004,Apr,27,27/04/2004,,16.38118,119.91042,BOL1,,1,Dinoflagellate,Protoperidinium pallidum,DF-Protoperidinium pallidum,9
388,2004,Apr,27,27/04/2004,,16.38118,119.91042,BOL1,,1,Dinoflagellate,Protoperidnium pellucidum,DF-Protoperidnium pellucidum,18
389,2004,Apr,27,27/04/2004,,16.38118,119.91042,BOL1,,1,Dinoflagellate,Protoperidnium pentagonum,DF-Protoperidnium pentagonum,14
390,2004,Apr,27,27/04/2004,,16.38118,119.91042,BOL1,,1,Dinoflagellate,Pyrophacus,DF-Pyrophacus,197
391,2004,Apr,27,27/04/2004,,16.38118,119.91042,BOL1,,1,Dinoflagellate,Scrippsiella trochoidea,DF-Scrippsiella trochoidea,14
392,2004,Apr,27,27/04/2004,,16.38118,119.91042,BOL1,,1,Raphidophyte,Chattonnella subsalsa,RD-Chattonnella subsalsa,45
393,2004,Apr,27,27/04/2004,,16.38118,119.91042,BOL1,,1,Raphidophyte,Fibrocapsa,RD-Fibrocapsa,27
394,2004,Apr,27,27/04/2004,,16.38118,119.91042,BOL1,,NB,Diatom,Chaetoceros spp.,D-Chaetoceros spp.,34
395,2004,Apr,27,27/04/2004,,16.38118,119.91042,BOL1,,NB,Diatom,Guinardia,D-Guinardia,7
396,2004,Apr,27,27/04/2004,,16.38118,119.91042,BOL1,,NB,Diatom,Navicula  spp.,D-Navicula  spp.,4
397,2004,Apr,27,27/04/2004,,16.38118,119.91042,BOL1,,NB,Diatom,Odontella spp.,D-Odontella spp.,4
398,2004,Apr,27,27/04/2004,,16.38118,119.91042,BOL1,,NB,Diatom,Rhizosolenia spp.,D-Rhizosolenia spp.,15
399,2004,Apr,27,27/04/2004,,16.38118,119.91042,BOL1,,NB,Diatom,Thalassionema spp.,D-Thalassionema spp.,4
400,2004,Apr,27,27/04/2004,,16.38118,119.91042,BOL1,,NB,Diatom,Thalassiosira spp.,D-Thalassiosira spp.,3770
401,2004,Apr,27,27/04/2004,,16.38118,119.91042,BOL1,,NB,Dinoflagellate,Diplopsalis spp.,DF-Diplopsalis spp.,85
402,2004,Apr,27,27/04/2004,,16.38118,119.91042,BOL1,,NB,Dinoflagellate,Diplopsalis orbicularis,DF-Diplopsalis orbicularis,34
403,2004,Apr,27,27/04/2004,,16.38118,119.91042,BOL1,,NB,Dinoflagellate,Gyrodinium,DF-Gyrodinium,20
404,2004,Apr,27,27/04/2004,,16.38118,119.91042,BOL1,,NB,Dinoflagellate,Gymnodnium coerulum,DF-Gymnodnium coerulum,39
405,2004,Apr,27,27/04/2004,,16.38118,119.91042,BOL1,,NB,Dinoflagellate,Gyrodinium spirale,DF-Gyrodinium spirale,13
406,2004,Apr,27,27/04/2004,,16.38118,119.91042,BOL1,,NB,Dinoflagellate,Ornithocercus steinii,DF-Ornithocercus steinii,4
407,2004,Apr,27,27/04/2004,,16.38118,119.91042,BOL1,,NB,Dinoflagellate,Peridinium sp. ,DF-Peridinium sp. ,20
408,2004,Apr,27,27/04/2004,,16.38118,119.91042,BOL1,,NB,Dinoflagellate,Protoperidinium spp.,DF-Protoperidinium spp.,7
409,2004,Apr,27,27/04/2004,,16.38118,119.91042,BOL1,,NB,Dinoflagellate,Protoperidnium conicum,DF-Protoperidnium conicum,17
410,2004,Apr,27,27/04/2004,,16.38118,119.91042,BOL1,,NB,Dinoflagellate,Protoperidinium pallidum,DF-Protoperidinium pallidum,13
411,2004,Apr,27,27/04/2004,,16.38118,119.91042,BOL1,,NB,Dinoflagellate,Protoperidnium pellucidum,DF-Protoperidnium pellucidum,24
412,2004,Apr,27,27/04/2004,,16.38118,119.91042,BOL1,,NB,Dinoflagellate,Pyrocystis noctiluca,DF-Pyrocystis noctiluca,24
413,2004,Apr,27,27/04/2004,,16.38118,119.91042,BOL1,,NB,Dinoflagellate,Scrippsiella trochoidea,DF-Scrippsiella trochoidea,9
414,2004,Apr,27,27/04/2004,,16.38118,119.91042,BOL1,,NB,Raphidophyte,Chattonnella subsalsa,RD-Chattonnella subsalsa,74
415,2004,Apr,27,27/04/2004,,16.38118,119.91042,BOL1,,NB,Raphidophyte,Fibrocapsa,RD-Fibrocapsa,20
416,2004,Apr,27,27/04/2004,,16.38615,119.92093,BOL2,,1,Diatom,Coscinodiscus spp.,D-Coscinodiscus spp.,25
417,2004,Apr,27,27/04/2004,,16.38615,119.92093,BOL2,,1,Diatom,Navicula  spp.,D-Navicula  spp.,10
418,2004,Apr,27,27/04/2004,,16.38615,119.92093,BOL2,,1,Diatom,Odontella spp.,D-Odontella spp.,31
419,2004,Apr,27,27/04/2004,,16.38615,119.92093,BOL2,,1,Diatom,Rhizosolenia spp.,D-Rhizosolenia spp.,15
420,2004,Apr,27,27/04/2004,,16.38615,119.92093,BOL2,,1,Diatom,Thalassiosira spp.,D-Thalassiosira spp.,25059
421,2004,Apr,27,27/04/2004,,16.38615,119.92093,BOL2,,1,Dinoflagellate,Dinophysis,DF-Dinophysis,7
422,2004,Apr,27,27/04/2004,,16.38615,119.92093,BOL2,,1,Dinoflagellate,Dinophysis acuminata,DF-Dinophysis acuminata,52
423,2004,Apr,27,27/04/2004,,16.38615,119.92093,BOL2,,1,Dinoflagellate,Diplopsalis spp.,DF-Diplopsalis spp.,18
424,2004,Apr,27,27/04/2004,,16.38615,119.92093,BOL2,,1,Dinoflagellate,Diplopsalis orbicularis,DF-Diplopsalis orbicularis,10
425,2004,Apr,27,27/04/2004,,16.38615,119.92093,BOL2,,1,Dinoflagellate,Gonyaulax,DF-Gonyaulax,10
426,2004,Apr,27,27/04/2004,,16.38615,119.92093,BOL2,,1,Dinoflagellate,Prorocentrum micans,DF-Prorocentrum micans,21
427,2004,Apr,27,27/04/2004,,16.38615,119.92093,BOL2,,1,Dinoflagellate,Protoperidinium spp.,DF-Protoperidinium spp.,36
428,2004,Apr,27,27/04/2004,,16.38615,119.92093,BOL2,,1,Dinoflagellate,Protoperidinium pallidum,DF-Protoperidinium pallidum,21
429,2004,Apr,27,27/04/2004,,16.38615,119.92093,BOL2,,1,Dinoflagellate,Protoperidnium pellucidum,DF-Protoperidnium pellucidum,10
430,2004,Apr,27,27/04/2004,,16.38615,119.92093,BOL2,,1,Dinoflagellate,Protoperidnium pentagonum,DF-Protoperidnium pentagonum,10
431,2004,Apr,27,27/04/2004,,16.38615,119.92093,BOL2,,1,Dinoflagellate,Pyrophacus,DF-Pyrophacus,52
432,2004,Apr,27,27/04/2004,,16.38615,119.92093,BOL2,,1,Raphidophyte,Chattonnella subsalsa,RD-Chattonnella subsalsa,7
433,2004,Apr,27,27/04/2004,,16.38615,119.92093,BOL2,,1,Raphidophyte,Fibrocapsa,RD-Fibrocapsa,7
434,2004,Apr,27,27/04/2004,,16.38615,119.92093,BOL2,,NB,Diatom,Coscinodiscus spp.,D-Coscinodiscus spp.,25
435,2004,Apr,27,27/04/2004,,16.38615,119.92093,BOL2,,NB,Diatom,Navicula  spp.,D-Navicula  spp.,10
436,2004,Apr,27,27/04/2004,,16.38615,119.92093,BOL2,,NB,Diatom,Odontella spp.,D-Odontella spp.,31
437,2004,Apr,27,27/04/2004,,16.38615,119.92093,BOL2,,NB,Diatom,Rhizosolenia spp.,D-Rhizosolenia spp.,15
438,2004,Apr,27,27/04/2004,,16.38615,119.92093,BOL2,,NB,Diatom,Thalassiosira spp.,D-Thalassiosira spp.,25059
439,2004,Apr,27,27/04/2004,,16.38615,119.92093,BOL2,,NB,Dinoflagellate,Dinophysis,DF-Dinophysis,7
440,2004,Apr,27,27/04/2004,,16.38615,119.92093,BOL2,,NB,Dinoflagellate,Dinophysis acuminata,DF-Dinophysis acuminata,52
441,2004,Apr,27,27/04/2004,,16.38615,119.92093,BOL2,,NB,Dinoflagellate,Diplopsalis spp.,DF-Diplopsalis spp.,18
442,2004,Apr,27,27/04/2004,,16.38615,119.92093,BOL2,,NB,Dinoflagellate,Diplopsalis orbicularis,DF-Diplopsalis orbicularis,10
443,2004,Apr,27,27/04/2004,,16.38615,119.92093,BOL2,,NB,Dinoflagellate,Gonyaulax,DF-Gonyaulax,10
444,2004,Apr,27,27/04/2004,,16.38615,119.92093,BOL2,,NB,Dinoflagellate,Prorocentrum micans,DF-Prorocentrum micans,21
445,2004,Apr,27,27/04/2004,,16.38615,119.92093,BOL2,,NB,Dinoflagellate,Protoperidinium spp.,DF-Protoperidinium spp.,36
446,2004,Apr,27,27/04/2004,,16.38615,119.92093,BOL2,,NB,Dinoflagellate,Protoperidinium pallidum,DF-Protoperidinium pallidum,21
447,2004,Apr,27,27/04/2004,,16.38615,119.92093,BOL2,,NB,Dinoflagellate,Protoperidnium pellucidum,DF-Protoperidnium pellucidum,10
448,2004,Apr,27,27/04/2004,,16.38615,119.92093,BOL2,,NB,Dinoflagellate,Protoperidnium pentagonum,DF-Protoperidnium pentagonum,10
449,2004,Apr,27,27/04/2004,,16.38615,119.92093,BOL2,,NB,Dinoflagellate,Pyrophacus,DF-Pyrophacus,52
450,2004,Apr,27,27/04/2004,,16.38615,119.92093,BOL2,,NB,Raphidophyte,Chattonnella subsalsa,RD-Chattonnella subsalsa,7
451,2004,Apr,27,27/04/2004,,16.38615,119.92093,BOL2,,NB,Raphidophyte,Fibrocapsa,RD-Fibrocapsa,7
452,2004,Apr,27,27/04/2004,,16.3743,119.93198,BOL3,,1,Diatom,Helicotheca tamensis,D-Helicotheca tamensis,26
453,2004,Apr,27,27/04/2004,,16.3743,119.93198,BOL3,,1,Diatom,Odontella spp.,D-Odontella spp.,7
454,2004,Apr,27,27/04/2004,,16.3743,119.93198,BOL3,,1,Diatom,Pleurosigma spp.,D-Pleurosigma spp.,7
455,2004,Apr,27,27/04/2004,,16.3743,119.93198,BOL3,,1,Diatom,Thalassiosira spp.,D-Thalassiosira spp.,17843
456,2004,Apr,27,27/04/2004,,16.3743,119.93198,BOL3,,1,Dinoflagellate,Ceratium furca,DF-Ceratium furca,353
457,2004,Apr,27,27/04/2004,,16.3743,119.93198,BOL3,,1,Dinoflagellate,Ceratium fusus,DF-Ceratium fusus,30
458,2004,Apr,27,27/04/2004,,16.3743,119.93198,BOL3,,1,Dinoflagellate,Dinophysis acuminata,DF-Dinophysis acuminata,7
459,2004,Apr,27,27/04/2004,,16.3743,119.93198,BOL3,,1,Dinoflagellate,Dinophysis caudata,DF-Dinophysis caudata,35
460,2004,Apr,27,27/04/2004,,16.3743,119.93198,BOL3,,1,Dinoflagellate,Diplopsalis spp.,DF-Diplopsalis spp.,43
461,2004,Apr,27,27/04/2004,,16.3743,119.93198,BOL3,,1,Dinoflagellate,Diplopsalis orbicularis,DF-Diplopsalis orbicularis,282
462,2004,Apr,27,27/04/2004,,16.3743,119.93198,BOL3,,1,Dinoflagellate,Gonyaulax,DF-Gonyaulax,48
463,2004,Apr,27,27/04/2004,,16.3743,119.93198,BOL3,,1,Dinoflagellate,Gymnodinium,DF-Gymnodinium,54
464,2004,Apr,27,27/04/2004,,16.3743,119.93198,BOL3,,1,Dinoflagellate,Akashiwo sanguineum,DF-Akashiwo sanguineum,65
465,2004,Apr,27,27/04/2004,,16.3743,119.93198,BOL3,,1,Dinoflagellate,Gyrodinium,DF-Gyrodinium,93
466,2004,Apr,27,27/04/2004,,16.3743,119.93198,BOL3,,1,Dinoflagellate,Prorocentrum micans,DF-Prorocentrum micans,74
467,2004,Apr,27,27/04/2004,,16.3743,119.93198,BOL3,,1,Dinoflagellate,Protoperidinium spp.,DF-Protoperidinium spp.,91
468,2004,Apr,27,27/04/2004,,16.3743,119.93198,BOL3,,1,Dinoflagellate,Protoperidnium conicum,DF-Protoperidnium conicum,19
469,2004,Apr,27,27/04/2004,,16.3743,119.93198,BOL3,,1,Dinoflagellate,Protoperidnium divergens,DF-Protoperidnium divergens,9
470,2004,Apr,27,27/04/2004,,16.3743,119.93198,BOL3,,1,Dinoflagellate,Protoperidinium oblongum,DF-Protoperidinium oblongum,28
471,2004,Apr,27,27/04/2004,,16.3743,119.93198,BOL3,,1,Dinoflagellate,Protoperidnium pellucidum,DF-Protoperidnium pellucidum,17
472,2004,Apr,27,27/04/2004,,16.3743,119.93198,BOL3,,1,Dinoflagellate,Pyrocystis noctiluca,DF-Pyrocystis noctiluca,15
473,2004,Apr,27,27/04/2004,,16.3743,119.93198,BOL3,,1,Dinoflagellate,Pyrophacus,DF-Pyrophacus,629
474,2004,Apr,27,27/04/2004,,16.3743,119.93198,BOL3,,1,Dinoflagellate,Scrippsiella trochoidea,DF-Scrippsiella trochoidea,35
475,2004,Apr,27,27/04/2004,,16.3743,119.93198,BOL3,,1,Raphidophyte,Chattonnella subsalsa,RD-Chattonnella subsalsa,28
476,2004,Apr,27,27/04/2004,,16.3743,119.93198,BOL3,,1,Raphidophyte,Fibrocapsa,RD-Fibrocapsa,7
477,2004,Apr,27,27/04/2004,,16.3743,119.93198,BOL3,,NB,Diatom,Helicotheca tamensis,D-Helicotheca tamensis,29
478,2004,Apr,27,27/04/2004,,16.3743,119.93198,BOL3,,NB,Diatom,Navicula  spp.,D-Navicula  spp.,42
479,2004,Apr,27,27/04/2004,,16.3743,119.93198,BOL3,,NB,Diatom,Odontella spp.,D-Odontella spp.,79
480,2004,Apr,27,27/04/2004,,16.3743,119.93198,BOL3,,NB,Diatom,Rhizosolenia spp.,D-Rhizosolenia spp.,17
481,2004,Apr,27,27/04/2004,,16.3743,119.93198,BOL3,,NB,Diatom,Thalassiosira spp.,D-Thalassiosira spp.,21802
482,2004,Apr,27,27/04/2004,,16.3743,119.93198,BOL3,,NB,Dinoflagellate,Dinophysis,DF-Dinophysis,115
483,2004,Apr,27,27/04/2004,,16.3743,119.93198,BOL3,,NB,Dinoflagellate,Dinophysis acuminata,DF-Dinophysis acuminata,163
484,2004,Apr,27,27/04/2004,,16.3743,119.93198,BOL3,,NB,Dinoflagellate,Dinophysis caudata,DF-Dinophysis caudata,21
485,2004,Apr,27,27/04/2004,,16.3743,119.93198,BOL3,,NB,Dinoflagellate,Diplopsalis spp.,DF-Diplopsalis spp.,8
486,2004,Apr,27,27/04/2004,,16.3743,119.93198,BOL3,,NB,Dinoflagellate,Diplopsalis orbicularis,DF-Diplopsalis orbicularis,10
487,2004,Apr,27,27/04/2004,,16.3743,119.93198,BOL3,,NB,Dinoflagellate,Gyrodinium,DF-Gyrodinium,10
488,2004,Apr,27,27/04/2004,,16.3743,119.93198,BOL3,,NB,Dinoflagellate,Prorocentrum micans,DF-Prorocentrum micans,33
489,2004,Apr,27,27/04/2004,,16.3743,119.93198,BOL3,,NB,Dinoflagellate,Protoperidnium conicum,DF-Protoperidnium conicum,17
490,2004,Apr,27,27/04/2004,,16.3743,119.93198,BOL3,,NB,Dinoflagellate,Protoperidinium oblongum,DF-Protoperidinium oblongum,8
491,2004,Apr,27,27/04/2004,,16.3743,119.93198,BOL3,,NB,Dinoflagellate,Protoperidinium pallidum,DF-Protoperidinium pallidum,10
492,2004,Apr,27,27/04/2004,,16.3743,119.93198,BOL3,,NB,Dinoflagellate,Protoperidnium pellucidum,DF-Protoperidnium pellucidum,31
493,2004,Apr,27,27/04/2004,,16.3743,119.93198,BOL3,,NB,Raphidophyte,Chattonnella subsalsa,RD-Chattonnella subsalsa,8
494,2004,Apr,27,27/04/2004,,16.3743,119.93198,BOL3,,NB,Raphidophyte,Fibrocapsa,RD-Fibrocapsa,108
495,2004,Apr,27,27/04/2004,,16.35206,119.93943,BOL4,,1,Diatom,Guinardia,D-Guinardia,9
496,2004,Apr,27,27/04/2004,,16.35206,119.93943,BOL4,,1,Diatom,Odontella spp.,D-Odontella spp.,1622
497,2004,Apr,27,27/04/2004,,16.35206,119.93943,BOL4,,1,Diatom,Rhizosolenia spp.,D-Rhizosolenia spp.,195
498,2004,Apr,27,27/04/2004,,16.35206,119.93943,BOL4,,1,Diatom,Thalassiosira spp.,D-Thalassiosira spp.,25728
499,2004,Apr,27,27/04/2004,,16.35206,119.93943,BOL4,,1,Dinoflagellate,Ceratium furca,DF-Ceratium furca,51
500,2004,Apr,27,27/04/2004,,16.35206,119.93943,BOL4,,1,Dinoflagellate,Dinophysis,DF-Dinophysis,35
501,2004,Apr,27,27/04/2004,,16.35206,119.93943,BOL4,,1,Dinoflagellate,Dinophysis acuminata,DF-Dinophysis acuminata,7
502,2004,Apr,27,27/04/2004,,16.35206,119.93943,BOL4,,1,Dinoflagellate,Diplopsalis spp.,DF-Diplopsalis spp.,65
503,2004,Apr,27,27/04/2004,,16.35206,119.93943,BOL4,,1,Dinoflagellate,Akashiwo sanguineum,DF-Akashiwo sanguineum,122
504,2004,Apr,27,27/04/2004,,16.35206,119.93943,BOL4,,1,Dinoflagellate,Gyrodinium,DF-Gyrodinium,87
505,2004,Apr,27,27/04/2004,,16.35206,119.93943,BOL4,,1,Dinoflagellate,Gymnodnium coerulum,DF-Gymnodnium coerulum,27
506,2004,Apr,27,27/04/2004,,16.35206,119.93943,BOL4,,1,Dinoflagellate,Gyrodinium spirale,DF-Gyrodinium spirale,7
507,2004,Apr,27,27/04/2004,,16.35206,119.93943,BOL4,,1,Dinoflagellate,Peridinium quinquecorne,DF-Peridinium quinquecorne,9
508,2004,Apr,27,27/04/2004,,16.35206,119.93943,BOL4,,1,Dinoflagellate,Prorocentrum micans,DF-Prorocentrum micans,100
509,2004,Apr,27,27/04/2004,,16.35206,119.93943,BOL4,,1,Dinoflagellate,Protoperidinium spp.,DF-Protoperidinium spp.,107
510,2004,Apr,27,27/04/2004,,16.35206,119.93943,BOL4,,1,Dinoflagellate,Protoperidnium conicum,DF-Protoperidnium conicum,18
511,2004,Apr,27,27/04/2004,,16.35206,119.93943,BOL4,,1,Dinoflagellate,Protoperidnium divergens,DF-Protoperidnium divergens,38
512,2004,Apr,27,27/04/2004,,16.35206,119.93943,BOL4,,1,Dinoflagellate,Protoperidinium oblongum,DF-Protoperidinium oblongum,13
513,2004,Apr,27,27/04/2004,,16.35206,119.93943,BOL4,,1,Dinoflagellate,Protoperidnium pellucidum,DF-Protoperidnium pellucidum,36
514,2004,Apr,27,27/04/2004,,16.35206,119.93943,BOL4,,1,Dinoflagellate,Pyrophacus,DF-Pyrophacus,160
515,2004,Apr,27,27/04/2004,,16.35206,119.93943,BOL4,,1,Dinoflagellate,Scrippsiella trochoidea,DF-Scrippsiella trochoidea,93
516,2004,Apr,27,27/04/2004,,16.35206,119.93943,BOL4,,1,Raphidophyte,Chattonnella subsalsa,RD-Chattonnella subsalsa,35
517,2004,Apr,27,27/04/2004,,16.35206,119.93943,BOL4,,1,Raphidophyte,Fibrocapsa,RD-Fibrocapsa,45
518,2004,Apr,27,27/04/2004,,16.35206,119.93943,BOL4,,NB,Diatom,Coscinodiscus spp.,D-Coscinodiscus spp.,26
519,2004,Apr,27,27/04/2004,,16.35206,119.93943,BOL4,,NB,Diatom,Eucampia spp.,D-Eucampia spp.,123
520,2004,Apr,27,27/04/2004,,16.35206,119.93943,BOL4,,NB,Diatom,Guinardia,D-Guinardia,27
521,2004,Apr,27,27/04/2004,,16.35206,119.93943,BOL4,,NB,Diatom,Helicotheca tamensis,D-Helicotheca tamensis,9
522,2004,Apr,27,27/04/2004,,16.35206,119.93943,BOL4,,NB,Diatom,Leptocylindrus spp.,D-Leptocylindrus spp.,9
523,2004,Apr,27,27/04/2004,,16.35206,119.93943,BOL4,,NB,Diatom,Navicula  spp.,D-Navicula  spp.,123
524,2004,Apr,27,27/04/2004,,16.35206,119.93943,BOL4,,NB,Diatom,Odontella spp.,D-Odontella spp.,267
525,2004,Apr,27,27/04/2004,,16.35206,119.93943,BOL4,,NB,Diatom,Rhizosolenia spp.,D-Rhizosolenia spp.,53
526,2004,Apr,27,27/04/2004,,16.35206,119.93943,BOL4,,NB,Diatom,Thalassiosira spp.,D-Thalassiosira spp.,9305
527,2004,Apr,27,27/04/2004,,16.35206,119.93943,BOL4,,NB,Dinoflagellate,Ceratium furca,DF-Ceratium furca,4
528,2004,Apr,27,27/04/2004,,16.35206,119.93943,BOL4,,NB,Dinoflagellate,Dinophysis acuminata,DF-Dinophysis acuminata,27
529,2004,Apr,27,27/04/2004,,16.35206,119.93943,BOL4,,NB,Dinoflagellate,Diplopsalis spp.,DF-Diplopsalis spp.,18
530,2004,Apr,27,27/04/2004,,16.35206,119.93943,BOL4,,NB,Dinoflagellate,Prorocentrum micans,DF-Prorocentrum micans,4
531,2004,Apr,27,27/04/2004,,16.35206,119.93943,BOL4,,NB,Dinoflagellate,Protoperidinium spp.,DF-Protoperidinium spp.,71
532,2004,Apr,27,27/04/2004,,16.35206,119.93943,BOL4,,NB,Dinoflagellate,Protoperidnium conicum,DF-Protoperidnium conicum,9
533,2004,Apr,27,27/04/2004,,16.35206,119.93943,BOL4,,NB,Dinoflagellate,Protoperidnium grande,DF-Protoperidnium grande,4
534,2004,Apr,27,27/04/2004,,16.35206,119.93943,BOL4,,NB,Dinoflagellate,Protoperidinium oblongum,DF-Protoperidinium oblongum,9
535,2004,Apr,27,27/04/2004,,16.35206,119.93943,BOL4,,NB,Dinoflagellate,Protoperidinium pallidum,DF-Protoperidinium pallidum,13
536,2004,Apr,27,27/04/2004,,16.35206,119.93943,BOL4,,NB,Dinoflagellate,Protoperidnium pellucidum,DF-Protoperidnium pellucidum,27
537,2004,Apr,27,27/04/2004,,16.35206,119.93943,BOL4,,NB,Dinoflagellate,Pyrocystis noctiluca,DF-Pyrocystis noctiluca,40
538,2004,Apr,27,27/04/2004,,16.35206,119.93943,BOL4,,NB,Dinoflagellate,Scrippsiella trochoidea,DF-Scrippsiella trochoidea,18
539,2004,Apr,27,27/04/2004,,16.35206,119.93943,BOL4,,NB,Raphidophyte,Fibrocapsa,RD-Fibrocapsa,27
540,2004,Apr,27,27/04/2004,,16.31437,119.92279,BOL5,,1,Diatom,Guinardia,D-Guinardia,10
541,2004,Apr,27,27/04/2004,,16.31437,119.92279,BOL5,,1,Diatom,Navicula  spp.,D-Navicula  spp.,21
542,2004,Apr,27,27/04/2004,,16.31437,119.92279,BOL5,,1,Diatom,Odontella spp.,D-Odontella spp.,2077
543,2004,Apr,27,27/04/2004,,16.31437,119.92279,BOL5,,1,Diatom,Rhizosolenia spp.,D-Rhizosolenia spp.,250
544,2004,Apr,27,27/04/2004,,16.31437,119.92279,BOL5,,1,Diatom,Thalassionema spp.,D-Thalassionema spp.,10
545,2004,Apr,27,27/04/2004,,16.31437,119.92279,BOL5,,1,Diatom,Thalassiosira spp.,D-Thalassiosira spp.,57542
546,2004,Apr,27,27/04/2004,,16.31437,119.92279,BOL5,,1,Dinoflagellate,Ceratium furca,DF-Ceratium furca,32
547,2004,Apr,27,27/04/2004,,16.31437,119.92279,BOL5,,1,Dinoflagellate,Dinophysis caudata,DF-Dinophysis caudata,42
548,2004,Apr,27,27/04/2004,,16.31437,119.92279,BOL5,,1,Dinoflagellate,Diplopsalis spp.,DF-Diplopsalis spp.,52
549,2004,Apr,27,27/04/2004,,16.31437,119.92279,BOL5,,1,Dinoflagellate,Diplopsalis orbicularis,DF-Diplopsalis orbicularis,52
550,2004,Apr,27,27/04/2004,,16.31437,119.92279,BOL5,,1,Dinoflagellate,Gonyaulax,DF-Gonyaulax,147
551,2004,Apr,27,27/04/2004,,16.31437,119.92279,BOL5,,1,Dinoflagellate,Akashiwo sanguineum,DF-Akashiwo sanguineum,179
552,2004,Apr,27,27/04/2004,,16.31437,119.92279,BOL5,,1,Dinoflagellate,Gyrodinium,DF-Gyrodinium,21
553,2004,Apr,27,27/04/2004,,16.31437,119.92279,BOL5,,1,Dinoflagellate,Gymnodnium coerulum,DF-Gymnodnium coerulum,11
554,2004,Apr,27,27/04/2004,,16.31437,119.92279,BOL5,,1,Dinoflagellate,Gyrodinium spirale,DF-Gyrodinium spirale,11
555,2004,Apr,27,27/04/2004,,16.31437,119.92279,BOL5,,1,Dinoflagellate,Peridinium quinquecorne,DF-Peridinium quinquecorne,73
556,2004,Apr,27,27/04/2004,,16.31437,119.92279,BOL5,,1,Dinoflagellate,Prorocentrum lima,DF-Prorocentrum lima,11
557,2004,Apr,27,27/04/2004,,16.31437,119.92279,BOL5,,1,Dinoflagellate,Prorocentrum micans,DF-Prorocentrum micans,210
558,2004,Apr,27,27/04/2004,,16.31437,119.92279,BOL5,,1,Dinoflagellate,Protoperidinium spp.,DF-Protoperidinium spp.,177
559,2004,Apr,27,27/04/2004,,16.31437,119.92279,BOL5,,1,Dinoflagellate,Protoperidnium grande,DF-Protoperidnium grande,21
560,2004,Apr,27,27/04/2004,,16.31437,119.92279,BOL5,,1,Dinoflagellate,Protoperidnium pellucidum,DF-Protoperidnium pellucidum,21
561,2004,Apr,27,27/04/2004,,16.31437,119.92279,BOL5,,1,Dinoflagellate,Pyrophacus,DF-Pyrophacus,313
562,2004,Apr,27,27/04/2004,,16.31437,119.92279,BOL5,,1,Dinoflagellate,Scrippsiella trochoidea,DF-Scrippsiella trochoidea,73
563,2004,Apr,27,27/04/2004,,16.31437,119.92279,BOL5,,1,Raphidophyte,Chattonnella subsalsa,RD-Chattonnella subsalsa,31
564,2004,Apr,27,27/04/2004,,16.31437,119.92279,BOL5,,1,Raphidophyte,Fibrocapsa,RD-Fibrocapsa,10
565,2004,Apr,27,27/04/2004,,16.31437,119.92279,BOL5,,NB,Diatom,Helicotheca tamensis,D-Helicotheca tamensis,4
566,2004,Apr,27,27/04/2004,,16.31437,119.92279,BOL5,,NB,Diatom,Leptocylindrus spp.,D-Leptocylindrus spp.,4
567,2004,Apr,27,27/04/2004,,16.31437,119.92279,BOL5,,NB,Diatom,Navicula  spp.,D-Navicula  spp.,8
568,2004,Apr,27,27/04/2004,,16.31437,119.92279,BOL5,,NB,Diatom,Odontella spp.,D-Odontella spp.,216
569,2004,Apr,27,27/04/2004,,16.31437,119.92279,BOL5,,NB,Diatom,Rhizosolenia spp.,D-Rhizosolenia spp.,263
570,2004,Apr,27,27/04/2004,,16.31437,119.92279,BOL5,,NB,Diatom,Thalassiosira spp.,D-Thalassiosira spp.,16286
571,2004,Apr,27,27/04/2004,,16.31437,119.92279,BOL5,,NB,Dinoflagellate,Ceratium belone,DF-Ceratium belone,8
572,2004,Apr,27,27/04/2004,,16.31437,119.92279,BOL5,,NB,Dinoflagellate,Diplopsalis spp.,DF-Diplopsalis spp.,4
573,2004,Apr,27,27/04/2004,,16.31437,119.92279,BOL5,,NB,Dinoflagellate,Diplopsalis orbicularis,DF-Diplopsalis orbicularis,36
574,2004,Apr,27,27/04/2004,,16.31437,119.92279,BOL5,,NB,Dinoflagellate,Akashiwo sanguineum,DF-Akashiwo sanguineum,8
575,2004,Apr,27,27/04/2004,,16.31437,119.92279,BOL5,,NB,Dinoflagellate,Gyrodinium spirale,DF-Gyrodinium spirale,23
576,2004,Apr,27,27/04/2004,,16.31437,119.92279,BOL5,,NB,Dinoflagellate,Prorocentrum micans,DF-Prorocentrum micans,26
577,2004,Apr,27,27/04/2004,,16.31437,119.92279,BOL5,,NB,Dinoflagellate,Protoperidinium spp.,DF-Protoperidinium spp.,16
578,2004,Apr,27,27/04/2004,,16.31437,119.92279,BOL5,,NB,Dinoflagellate,Protoperidinium oblongum,DF-Protoperidinium oblongum,15
579,2004,Apr,27,27/04/2004,,16.31437,119.92279,BOL5,,NB,Dinoflagellate,Protoperidnium pentagonum,DF-Protoperidnium pentagonum,31
580,2004,Apr,27,27/04/2004,,16.31437,119.92279,BOL5,,NB,Dinoflagellate,Pyrocystis noctiluca,DF-Pyrocystis noctiluca,23
581,2004,Apr,27,27/04/2004,,16.31437,119.92279,BOL5,,NB,Dinoflagellate,Pyrophacus,DF-Pyrophacus,68
582,2004,Apr,27,27/04/2004,,16.31437,119.92279,BOL5,,NB,Dinoflagellate,Scrippsiella trochoidea,DF-Scrippsiella trochoidea,13
583,2004,Apr,27,27/04/2004,,16.31437,119.92279,BOL5,,NB,Raphidophyte,Chattonnella subsalsa,RD-Chattonnella subsalsa,21
584,2004,Apr,27,27/04/2004,,16.31437,119.92279,BOL5,,NB,Raphidophyte,Fibrocapsa,RD-Fibrocapsa,4
585,2004,Jun,25,25/06/2004,,16.38118,119.91042,BOL1,,1,Diatom,Bacteriastrum spp.,D-Bacteriastrum spp.,31
586,2004,Jun,25,25/06/2004,,16.38118,119.91042,BOL1,,1,Diatom,Chaetoceros spp.,D-Chaetoceros spp.,265
587,2004,Jun,25,25/06/2004,,16.38118,119.91042,BOL1,,1,Diatom,Coscinodiscus spp.,D-Coscinodiscus spp.,8
588,2004,Jun,25,25/06/2004,,16.38118,119.91042,BOL1,,1,Diatom,Cylindricotheca closterium,D-Cylindricotheca closterium,1342
589,2004,Jun,25,25/06/2004,,16.38118,119.91042,BOL1,,1,Diatom,Guinardia,D-Guinardia,75
590,2004,Jun,25,25/06/2004,,16.38118,119.91042,BOL1,,1,Diatom,Navicula  spp.,D-Navicula  spp.,75
591,2004,Jun,25,25/06/2004,,16.38118,119.91042,BOL1,,1,Diatom,Odontella spp.,D-Odontella spp.,8
592,2004,Jun,25,25/06/2004,,16.38118,119.91042,BOL1,,1,Diatom,Pleurosigma spp.,D-Pleurosigma spp.,8
593,2004,Jun,25,25/06/2004,,16.38118,119.91042,BOL1,,1,Diatom,Pseudonitzschia spp.,D-Pseudonitzschia spp.,29
594,2004,Jun,25,25/06/2004,,16.38118,119.91042,BOL1,,1,Diatom,Rhizosolenia spp.,D-Rhizosolenia spp.,361
595,2004,Jun,25,25/06/2004,,16.38118,119.91042,BOL1,,1,Diatom,Skeletonema,D-Skeletonema,22
596,2004,Jun,25,25/06/2004,,16.38118,119.91042,BOL1,,1,Diatom,Streptotheca,D-Streptotheca,31
597,2004,Jun,25,25/06/2004,,16.38118,119.91042,BOL1,,1,Diatom,Thalassionema spp.,D-Thalassionema spp.,915
598,2004,Jun,25,25/06/2004,,16.38118,119.91042,BOL1,,1,Dinoflagellate,Gonyaulax,DF-Gonyaulax,22
599,2004,Jun,25,25/06/2004,,16.38118,119.91042,BOL1,,1,Dinoflagellate,Peridinium sp. ,DF-Peridinium sp. ,8
600,2004,Jun,25,25/06/2004,,16.38118,119.91042,BOL1,,1,Dinoflagellate,Protoperidnium conicum,DF-Protoperidnium conicum,30
601,2004,Jun,25,25/06/2004,,16.38118,119.91042,BOL1,,1,Dinoflagellate,Protoperidinium oblongum,DF-Protoperidinium oblongum,8
602,2004,Jun,25,25/06/2004,,16.38118,119.91042,BOL1,,1,Dinoflagellate,Protoperidinium pallidum,DF-Protoperidinium pallidum,15
603,2004,Jun,25,25/06/2004,,16.38118,119.91042,BOL1,,NB,Diatom,Coscinodiscus spp.,D-Coscinodiscus spp.,278
604,2004,Jun,25,25/06/2004,,16.38118,119.91042,BOL1,,NB,Diatom,Cylindricotheca closterium,D-Cylindricotheca closterium,22
605,2004,Jun,25,25/06/2004,,16.38118,119.91042,BOL1,,NB,Diatom,Guinardia,D-Guinardia,7
606,2004,Jun,25,25/06/2004,,16.38118,119.91042,BOL1,,NB,Diatom,Manguinea rigida,D-Manguinea rigida,44
607,2004,Jun,25,25/06/2004,,16.38118,119.91042,BOL1,,NB,Diatom,Navicula  spp.,D-Navicula  spp.,99
608,2004,Jun,25,25/06/2004,,16.38118,119.91042,BOL1,,NB,Diatom,Phaeodactylum tricornutum,D-Phaeodactylum tricornutum,30
609,2004,Jun,25,25/06/2004,,16.38118,119.91042,BOL1,,NB,Diatom,Pleurosigma spp.,D-Pleurosigma spp.,42
610,2004,Jun,25,25/06/2004,,16.38118,119.91042,BOL1,,NB,Diatom,Rhizosolenia spp.,D-Rhizosolenia spp.,21
611,2004,Jun,25,25/06/2004,,16.38118,119.91042,BOL1,,NB,Diatom,Thalassionema spp.,D-Thalassionema spp.,273
612,2004,Jun,25,25/06/2004,,16.38118,119.91042,BOL1,,NB,Diatom,Thalassiosira spp.,D-Thalassiosira spp.,28
613,2004,Jun,25,25/06/2004,,16.38615,119.92093,BOL2,,1,Diatom,Bacteriastrum spp.,D-Bacteriastrum spp.,43
614,2004,Jun,25,25/06/2004,,16.38615,119.92093,BOL2,,1,Diatom,Chaetoceros spp.,D-Chaetoceros spp.,520
615,2004,Jun,25,25/06/2004,,16.38615,119.92093,BOL2,,1,Diatom,Coscinodiscus spp.,D-Coscinodiscus spp.,25
616,2004,Jun,25,25/06/2004,,16.38615,119.92093,BOL2,,1,Diatom,Cylindricotheca closterium,D-Cylindricotheca closterium,1085
617,2004,Jun,25,25/06/2004,,16.38615,119.92093,BOL2,,1,Diatom,Guinardia,D-Guinardia,42
618,2004,Jun,25,25/06/2004,,16.38615,119.92093,BOL2,,1,Diatom,Manguinea rigida,D-Manguinea rigida,25
619,2004,Jun,25,25/06/2004,,16.38615,119.92093,BOL2,,1,Diatom,Navicula  spp.,D-Navicula  spp.,74
620,2004,Jun,25,25/06/2004,,16.38615,119.92093,BOL2,,1,Diatom,Pseudonitzschia spp.,D-Pseudonitzschia spp.,116
621,2004,Jun,25,25/06/2004,,16.38615,119.92093,BOL2,,1,Diatom,Rhizosolenia spp.,D-Rhizosolenia spp.,659
622,2004,Jun,25,25/06/2004,,16.38615,119.92093,BOL2,,1,Diatom,Skeletonema,D-Skeletonema,103
623,2004,Jun,25,25/06/2004,,16.38615,119.92093,BOL2,,1,Diatom,Streptotheca,D-Streptotheca,9
624,2004,Jun,25,25/06/2004,,16.38615,119.92093,BOL2,,1,Diatom,Thalassionema spp.,D-Thalassionema spp.,455
625,2004,Jun,25,25/06/2004,,16.38615,119.92093,BOL2,,1,Diatom,Thalassiosira spp.,D-Thalassiosira spp.,305
626,2004,Jun,25,25/06/2004,,16.38615,119.92093,BOL2,,1,Dinoflagellate,Protoperidinium depressum,DF-Protoperidinium depressum,8
627,2004,Jun,25,25/06/2004,,16.38615,119.92093,BOL2,,1,Dinoflagellate,Protoperidinium oblongum,DF-Protoperidinium oblongum,8
628,2004,Jun,25,25/06/2004,,16.38615,119.92093,BOL2,,1,Dinoflagellate,Protoperidnium pellucidum,DF-Protoperidnium pellucidum,17
629,2004,Jun,25,25/06/2004,,16.38615,119.92093,BOL2,,1,Dinoflagellate,Pyrocystis noctiluca,DF-Pyrocystis noctiluca,9
630,2004,Jun,25,25/06/2004,,16.38615,119.92093,BOL2,,NB,Diatom,Bacteriastrum spp.,D-Bacteriastrum spp.,4
631,2004,Jun,25,25/06/2004,,16.38615,119.92093,BOL2,,NB,Diatom,Chaetoceros spp.,D-Chaetoceros spp.,35
632,2004,Jun,25,25/06/2004,,16.38615,119.92093,BOL2,,NB,Diatom,Coscinodiscus spp.,D-Coscinodiscus spp.,97
633,2004,Jun,25,25/06/2004,,16.38615,119.92093,BOL2,,NB,Diatom,Cylindricotheca closterium,D-Cylindricotheca closterium,29
634,2004,Jun,25,25/06/2004,,16.38615,119.92093,BOL2,,NB,Diatom,Leptocylindrus spp.,D-Leptocylindrus spp.,3
635,2004,Jun,25,25/06/2004,,16.38615,119.92093,BOL2,,NB,Diatom,Manguinea rigida,D-Manguinea rigida,132
636,2004,Jun,25,25/06/2004,,16.38615,119.92093,BOL2,,NB,Diatom,Navicula  spp.,D-Navicula  spp.,73
637,2004,Jun,25,25/06/2004,,16.38615,119.92093,BOL2,,NB,Diatom,Phaeodactylum tricornutum,D-Phaeodactylum tricornutum,9
638,2004,Jun,25,25/06/2004,,16.38615,119.92093,BOL2,,NB,Diatom,Pleurosigma spp.,D-Pleurosigma spp.,3
639,2004,Jun,25,25/06/2004,,16.38615,119.92093,BOL2,,NB,Diatom,Rhizosolenia spp.,D-Rhizosolenia spp.,45
640,2004,Jun,25,25/06/2004,,16.38615,119.92093,BOL2,,NB,Diatom,Skeletonema,D-Skeletonema,29
641,2004,Jun,25,25/06/2004,,16.38615,119.92093,BOL2,,NB,Diatom,Thalassionema spp.,D-Thalassionema spp.,160
642,2004,Jun,25,25/06/2004,,16.38615,119.92093,BOL2,,NB,Diatom,Thalassiosira spp.,D-Thalassiosira spp.,20
643,2004,Jun,25,25/06/2004,,16.38615,119.92093,BOL2,,NB,Dinoflagellate,Peridinium sp. ,DF-Peridinium sp. ,4
644,2004,Jun,25,25/06/2004,,16.3743,119.93198,BOL3,,1,Diatom,Bacteriastrum spp.,D-Bacteriastrum spp.,39
645,2004,Jun,25,25/06/2004,,16.3743,119.93198,BOL3,,1,Diatom,Biddulphia,D-Biddulphia,48
646,2004,Jun,25,25/06/2004,,16.3743,119.93198,BOL3,,1,Diatom,Chaetoceros spp.,D-Chaetoceros spp.,42
647,2004,Jun,25,25/06/2004,,16.3743,119.93198,BOL3,,1,Diatom,Coscinodiscus spp.,D-Coscinodiscus spp.,17
648,2004,Jun,25,25/06/2004,,16.3743,119.93198,BOL3,,1,Diatom,Cylindricotheca closterium,D-Cylindricotheca closterium,300
649,2004,Jun,25,25/06/2004,,16.3743,119.93198,BOL3,,1,Diatom,Navicula  spp.,D-Navicula  spp.,55
650,2004,Jun,25,25/06/2004,,16.3743,119.93198,BOL3,,1,Diatom,Odontella spp.,D-Odontella spp.,8
651,2004,Jun,25,25/06/2004,,16.3743,119.93198,BOL3,,1,Diatom,Odontella spp.,D-Odontella spp.,16
652,2004,Jun,25,25/06/2004,,16.3743,119.93198,BOL3,,1,Diatom,Rhizosolenia spp.,D-Rhizosolenia spp.,250
653,2004,Jun,25,25/06/2004,,16.3743,119.93198,BOL3,,1,Diatom,Skeletonema,D-Skeletonema,56
654,2004,Jun,25,25/06/2004,,16.3743,119.93198,BOL3,,1,Diatom,Thalassionema spp.,D-Thalassionema spp.,747
655,2004,Jun,25,25/06/2004,,16.3743,119.93198,BOL3,,1,Diatom,Thalassiosira spp.,D-Thalassiosira spp.,41
656,2004,Jun,25,25/06/2004,,16.3743,119.93198,BOL3,,1,Dinoflagellate,Gonyaulax,DF-Gonyaulax,8
657,2004,Jun,25,25/06/2004,,16.3743,119.93198,BOL3,,1,Dinoflagellate,Prorocentrum lima,DF-Prorocentrum lima,8
658,2004,Jun,25,25/06/2004,,16.3743,119.93198,BOL3,,1,Dinoflagellate,Protoperidinium oblongum,DF-Protoperidinium oblongum,8
659,2004,Jun,25,25/06/2004,,16.3743,119.93198,BOL3,,1,Dinoflagellate,Protoperidinium pallidum,DF-Protoperidinium pallidum,17
660,2004,Jun,25,25/06/2004,,16.3743,119.93198,BOL3,,1,Dinoflagellate,Pyrocystis noctiluca,DF-Pyrocystis noctiluca,74
661,2004,Jun,25,25/06/2004,,16.3743,119.93198,BOL3,,NB,Diatom,Chaetoceros spp.,D-Chaetoceros spp.,9
662,2004,Jun,25,25/06/2004,,16.3743,119.93198,BOL3,,NB,Diatom,Coscinodiscus spp.,D-Coscinodiscus spp.,91
663,2004,Jun,25,25/06/2004,,16.3743,119.93198,BOL3,,NB,Diatom,Cylindricotheca closterium,D-Cylindricotheca closterium,11
664,2004,Jun,25,25/06/2004,,16.3743,119.93198,BOL3,,NB,Diatom,Hemialus sine1is,D-Hemialus sine1is,20
665,2004,Jun,25,25/06/2004,,16.3743,119.93198,BOL3,,NB,Diatom,Navicula  spp.,D-Navicula  spp.,26
666,2004,Jun,25,25/06/2004,,16.3743,119.93198,BOL3,,NB,Diatom,Nitzschia spp.,D-Nitzschia spp.,13
667,2004,Jun,25,25/06/2004,,16.3743,119.93198,BOL3,,NB,Diatom,Odontella spp.,D-Odontella spp.,4
668,2004,Jun,25,25/06/2004,,16.3743,119.93198,BOL3,,NB,Diatom,Plagiotropsis gausii,D-Plagiotropsis gausii,46
669,2004,Jun,25,25/06/2004,,16.3743,119.93198,BOL3,,NB,Diatom,Rhizosolenia spp.,D-Rhizosolenia spp.,48
670,2004,Jun,25,25/06/2004,,16.3743,119.93198,BOL3,,NB,Diatom,Thalassionema spp.,D-Thalassionema spp.,133
671,2004,Jun,25,25/06/2004,,16.3743,119.93198,BOL3,,NB,Diatom,Thalassiosira spp.,D-Thalassiosira spp.,146
672,2004,Jun,25,25/06/2004,,16.3743,119.93198,BOL3,,NB,Dinoflagellate,Diplopsalis spp.,DF-Diplopsalis spp.,7
673,2004,Jun,25,25/06/2004,,16.3743,119.93198,BOL3,,NB,Dinoflagellate,Peridinium sp. ,DF-Peridinium sp. ,4
674,2004,Jun,25,25/06/2004,,16.3743,119.93198,BOL3,,NB,Dinoflagellate,Pyrocystis noctiluca,DF-Pyrocystis noctiluca,9
675,2004,Jun,25,25/06/2004,,16.35206,119.93943,BOL4,,1,Diatom,Bacteriastrum spp.,D-Bacteriastrum spp.,45
676,2004,Jun,25,25/06/2004,,16.35206,119.93943,BOL4,,1,Diatom,Chaetoceros spp.,D-Chaetoceros spp.,149
677,2004,Jun,25,25/06/2004,,16.35206,119.93943,BOL4,,1,Diatom,Cocconeis sp.,D-Cocconeis sp.,7
678,2004,Jun,25,25/06/2004,,16.35206,119.93943,BOL4,,1,Diatom,Coscinodiscus spp.,D-Coscinodiscus spp.,14
679,2004,Jun,25,25/06/2004,,16.35206,119.93943,BOL4,,1,Diatom,Cylindricotheca closterium,D-Cylindricotheca closterium,919
680,2004,Jun,25,25/06/2004,,16.35206,119.93943,BOL4,,1,Diatom,Guinardia,D-Guinardia,181
681,2004,Jun,25,25/06/2004,,16.35206,119.93943,BOL4,,1,Diatom,Hemialus sine1is,D-Hemialus sine1is,21
682,2004,Jun,25,25/06/2004,,16.35206,119.93943,BOL4,,1,Diatom,Navicula  spp.,D-Navicula  spp.,180
683,2004,Jun,25,25/06/2004,,16.35206,119.93943,BOL4,,1,Diatom,Nitzschia spp.,D-Nitzschia spp.,46
684,2004,Jun,25,25/06/2004,,16.35206,119.93943,BOL4,,1,Diatom,Odontella spp.,D-Odontella spp.,16
685,2004,Jun,25,25/06/2004,,16.35206,119.93943,BOL4,,1,Diatom,Plagiotropsis gausii,D-Plagiotropsis gausii,8
686,2004,Jun,25,25/06/2004,,16.35206,119.93943,BOL4,,1,Diatom,Pleurosigma spp.,D-Pleurosigma spp.,44
687,2004,Jun,25,25/06/2004,,16.35206,119.93943,BOL4,,1,Diatom,Rhizosolenia spp.,D-Rhizosolenia spp.,304
688,2004,Jun,25,25/06/2004,,16.35206,119.93943,BOL4,,1,Diatom,Thalassionema spp.,D-Thalassionema spp.,464
689,2004,Jun,25,25/06/2004,,16.35206,119.93943,BOL4,,1,Diatom,Thalassiosira spp.,D-Thalassiosira spp.,37
690,2004,Jun,25,25/06/2004,,16.35206,119.93943,BOL4,,1,Dinoflagellate,Ceratium furca,DF-Ceratium furca,24
691,2004,Jun,25,25/06/2004,,16.35206,119.93943,BOL4,,1,Dinoflagellate,Dinophysis caudata,DF-Dinophysis caudata,16
692,2004,Jun,25,25/06/2004,,16.35206,119.93943,BOL4,,1,Dinoflagellate,Protoperidnium conicum,DF-Protoperidnium conicum,7
693,2004,Jun,25,25/06/2004,,16.35206,119.93943,BOL4,,1,Dinoflagellate,Protoperidnium divergens,DF-Protoperidnium divergens,8
694,2004,Jun,25,25/06/2004,,16.35206,119.93943,BOL4,,1,Dinoflagellate,Protoperidinium oblongum,DF-Protoperidinium oblongum,31
695,2004,Jun,25,25/06/2004,,16.35206,119.93943,BOL4,,1,Dinoflagellate,Protoperidinium pallidum,DF-Protoperidinium pallidum,16
696,2004,Jun,25,25/06/2004,,16.35206,119.93943,BOL4,,1,Dinoflagellate,Protoperidnium pellucidum,DF-Protoperidnium pellucidum,14
697,2004,Jun,25,25/06/2004,,16.35206,119.93943,BOL4,,1,Dinoflagellate,Pyrocystis noctiluca,DF-Pyrocystis noctiluca,16
698,2004,Jun,25,25/06/2004,,16.35206,119.93943,BOL4,,NB,Diatom,Chaetoceros spp.,D-Chaetoceros spp.,37
699,2004,Jun,25,25/06/2004,,16.35206,119.93943,BOL4,,NB,Diatom,Coscinodiscus spp.,D-Coscinodiscus spp.,28
700,2004,Jun,25,25/06/2004,,16.35206,119.93943,BOL4,,NB,Diatom,Cylindricotheca closterium,D-Cylindricotheca closterium,37
701,2004,Jun,25,25/06/2004,,16.35206,119.93943,BOL4,,NB,Diatom,Navicula  spp.,D-Navicula  spp.,9
702,2004,Jun,25,25/06/2004,,16.35206,119.93943,BOL4,,NB,Diatom,Nitzschia spp.,D-Nitzschia spp.,46
703,2004,Jun,25,25/06/2004,,16.35206,119.93943,BOL4,,NB,Diatom,Odontella spp.,D-Odontella spp.,93
704,2004,Jun,25,25/06/2004,,16.35206,119.93943,BOL4,,NB,Diatom,Pleurosigma spp.,D-Pleurosigma spp.,9
705,2004,Jun,25,25/06/2004,,16.35206,119.93943,BOL4,,NB,Diatom,Rhizosolenia spp.,D-Rhizosolenia spp.,55
706,2004,Jun,25,25/06/2004,,16.35206,119.93943,BOL4,,NB,Diatom,Thalassionema spp.,D-Thalassionema spp.,189
707,2004,Jun,25,25/06/2004,,16.35206,119.93943,BOL4,,NB,Diatom,Thalassiosira spp.,D-Thalassiosira spp.,46
708,2004,Jun,25,25/06/2004,,16.35206,119.93943,BOL4,,NB,Dinoflagellate,Diplopsalis spp.,DF-Diplopsalis spp.,9
709,2004,Jun,25,25/06/2004,,16.35206,119.93943,BOL4,,NB,Dinoflagellate,Diplopsalis orbicularis,DF-Diplopsalis orbicularis,37
710,2004,Jun,25,25/06/2004,,16.31437,119.92279,BOL5,,1,Diatom,Bacteriastrum spp.,D-Bacteriastrum spp.,9
711,2004,Jun,25,25/06/2004,,16.31437,119.92279,BOL5,,1,Diatom,Chaetoceros spp.,D-Chaetoceros spp.,38
712,2004,Jun,25,25/06/2004,,16.31437,119.92279,BOL5,,1,Diatom,Coscinodiscus spp.,D-Coscinodiscus spp.,128
713,2004,Jun,25,25/06/2004,,16.31437,119.92279,BOL5,,1,Diatom,Cylindricotheca closterium,D-Cylindricotheca closterium,160
714,2004,Jun,25,25/06/2004,,16.31437,119.92279,BOL5,,1,Diatom,Guinardia,D-Guinardia,60
715,2004,Jun,25,25/06/2004,,16.31437,119.92279,BOL5,,1,Diatom,Navicula  spp.,D-Navicula  spp.,291
716,2004,Jun,25,25/06/2004,,16.31437,119.92279,BOL5,,1,Diatom,Nitzschia spp.,D-Nitzschia spp.,39
717,2004,Jun,25,25/06/2004,,16.31437,119.92279,BOL5,,1,Diatom,Pleurosigma spp.,D-Pleurosigma spp.,45
718,2004,Jun,25,25/06/2004,,16.31437,119.92279,BOL5,,1,Diatom,Rhizosolenia spp.,D-Rhizosolenia spp.,61
719,2004,Jun,25,25/06/2004,,16.31437,119.92279,BOL5,,1,Diatom,Thalassionema spp.,D-Thalassionema spp.,145
720,2004,Jun,25,25/06/2004,,16.31437,119.92279,BOL5,,1,Diatom,Thalassiosira spp.,D-Thalassiosira spp.,61
721,2004,Jun,25,25/06/2004,,16.31437,119.92279,BOL5,,1,Dinoflagellate,Ceratium furca,DF-Ceratium furca,9
722,2004,Jun,25,25/06/2004,,16.31437,119.92279,BOL5,,1,Dinoflagellate,Gonyaulax,DF-Gonyaulax,8
723,2004,Jun,25,25/06/2004,,16.31437,119.92279,BOL5,,1,Dinoflagellate,Protoperidnium conicum,DF-Protoperidnium conicum,9
724,2004,Jun,25,25/06/2004,,16.31437,119.92279,BOL5,,1,Dinoflagellate,Protoperidnium pellucidum,DF-Protoperidnium pellucidum,9
725,2004,Jun,25,25/06/2004,,16.31437,119.92279,BOL5,,1,Dinoflagellate,Pyrocystis noctiluca,DF-Pyrocystis noctiluca,45
726,2004,Jun,25,25/06/2004,,16.31437,119.92279,BOL5,,NB,Diatom,Coscinodiscus spp.,D-Coscinodiscus spp.,40
727,2004,Jun,25,25/06/2004,,16.31437,119.92279,BOL5,,NB,Diatom,Navicula  spp.,D-Navicula  spp.,33
728,2004,Jun,25,25/06/2004,,16.31437,119.92279,BOL5,,NB,Diatom,Nitzschia spp.,D-Nitzschia spp.,8
729,2004,Jun,25,25/06/2004,,16.31437,119.92279,BOL5,,NB,Diatom,Rhizosolenia spp.,D-Rhizosolenia spp.,8
730,2004,Jun,25,25/06/2004,,16.31437,119.92279,BOL5,,NB,Diatom,Thalassionema spp.,D-Thalassionema spp.,83
731,2004,Jun,25,25/06/2004,,16.31437,119.92279,BOL5,,NB,Diatom,Thalassiosira spp.,D-Thalassiosira spp.,63
732,2004,Jun,25,25/06/2004,,16.31437,119.92279,BOL5,,NB,Dinoflagellate,Gyrodinium spirale,DF-Gyrodinium spirale,8
733,2004,Jun,25,25/06/2004,,16.31437,119.92279,BOL5,,NB,Dinoflagellate,Protoperidnium conicum,DF-Protoperidnium conicum,16
734,2004,Jun,25,25/06/2004,,16.31437,119.92279,BOL5,,NB,Dinoflagellate,Pyrocystis noctiluca,DF-Pyrocystis noctiluca,8
735,2004,Nov,25,25/11/2004,,16.38118,119.91042,BOL1,,1,Diatom,Bellerochea malleus,D-Bellerochea malleus,116
736,2004,Nov,25,25/11/2004,,16.38118,119.91042,BOL1,,1,Diatom,Coscinodiscus spp.,D-Coscinodiscus spp.,83
737,2004,Nov,25,25/11/2004,,16.38118,119.91042,BOL1,,1,Diatom,Licmophora abbreviata,D-Licmophora abbreviata,15
738,2004,Nov,25,25/11/2004,,16.38118,119.91042,BOL1,,1,Diatom,Navicula  spp.,D-Navicula  spp.,5
739,2004,Nov,25,25/11/2004,,16.38118,119.91042,BOL1,,1,Diatom,Pseudonitzschia spp.,D-Pseudonitzschia spp.,21
740,2004,Nov,25,25/11/2004,,16.38118,119.91042,BOL1,,1,Diatom,Rhizosolenia spp.,D-Rhizosolenia spp.,43
741,2004,Nov,25,25/11/2004,,16.38118,119.91042,BOL1,,1,Diatom,Thalassiosira spp.,D-Thalassiosira spp.,87
742,2004,Nov,25,25/11/2004,,16.38118,119.91042,BOL1,,1,Dinoflagellate,Gyrodinium,DF-Gyrodinium,201
743,2004,Nov,25,25/11/2004,,16.38118,119.91042,BOL1,,1,Dinoflagellate,Gyrodinium spirale,DF-Gyrodinium spirale,136
744,2004,Nov,25,25/11/2004,,16.38118,119.91042,BOL1,,1,Dinoflagellate,Prorocentrum lima,DF-Prorocentrum lima,4
745,2004,Nov,25,25/11/2004,,16.38118,119.91042,BOL1,,1,Dinoflagellate,Prorocentrum micans,DF-Prorocentrum micans,5
746,2004,Nov,25,25/11/2004,,16.38118,119.91042,BOL1,,1,Dinoflagellate,Protoperidnium conicum,DF-Protoperidnium conicum,20
747,2004,Nov,25,25/11/2004,,16.38118,119.91042,BOL1,,1,Dinoflagellate,Protoperidinium depressum,DF-Protoperidinium depressum,5
748,2004,Nov,25,25/11/2004,,16.38118,119.91042,BOL1,,1,Dinoflagellate,Protoperidinium oblongum,DF-Protoperidinium oblongum,23
749,2004,Nov,25,25/11/2004,,16.38118,119.91042,BOL1,,1,Dinoflagellate,Protoperidinium pallidum,DF-Protoperidinium pallidum,18
750,2004,Nov,25,25/11/2004,,16.38118,119.91042,BOL1,,1,Dinoflagellate,Protoperidnium pellucidum,DF-Protoperidnium pellucidum,14
751,2004,Nov,25,25/11/2004,,16.38118,119.91042,BOL1,,NB,Diatom,Biddulphia,D-Biddulphia,8
752,2004,Nov,25,25/11/2004,,16.38118,119.91042,BOL1,,NB,Diatom,Coscinodiscus spp.,D-Coscinodiscus spp.,54
753,2004,Nov,25,25/11/2004,,16.38118,119.91042,BOL1,,NB,Diatom,Guinardia,D-Guinardia,114
754,2004,Nov,25,25/11/2004,,16.38118,119.91042,BOL1,,NB,Diatom,Navicula  spp.,D-Navicula  spp.,70
755,2004,Nov,25,25/11/2004,,16.38118,119.91042,BOL1,,NB,Diatom,Rhizosolenia spp.,D-Rhizosolenia spp.,48
756,2004,Nov,25,25/11/2004,,16.38118,119.91042,BOL1,,NB,Diatom,Skeletonema,D-Skeletonema,70
757,2004,Nov,25,25/11/2004,,16.38118,119.91042,BOL1,,NB,Diatom,Streptotheca,D-Streptotheca,248
758,2004,Nov,25,25/11/2004,,16.38118,119.91042,BOL1,,NB,Diatom,Helicotheca,D-Helicotheca,58
759,2004,Nov,25,25/11/2004,,16.38118,119.91042,BOL1,,NB,Diatom,Thalassionema spp.,D-Thalassionema spp.,23
760,2004,Nov,25,25/11/2004,,16.38118,119.91042,BOL1,,NB,Diatom,Thalassiosira spp.,D-Thalassiosira spp.,21
761,2004,Nov,25,25/11/2004,,16.38118,119.91042,BOL1,,NB,Diatom,Thalassiothrix,D-Thalassiothrix,6
762,2004,Nov,25,25/11/2004,,16.38118,119.91042,BOL1,,NB,Dinoflagellate,Alexandrium spp.,DF-Alexandrium spp.,12
763,2004,Nov,25,25/11/2004,,16.38118,119.91042,BOL1,,NB,Dinoflagellate,Gyrodinium,DF-Gyrodinium,25
764,2004,Nov,25,25/11/2004,,16.38118,119.91042,BOL1,,NB,Dinoflagellate,Gyrodinium spirale,DF-Gyrodinium spirale,103
765,2004,Nov,25,25/11/2004,,16.38118,119.91042,BOL1,,NB,Dinoflagellate,Protoperidnium conicum,DF-Protoperidnium conicum,14
766,2004,Nov,25,25/11/2004,,16.38118,119.91042,BOL1,,NB,Dinoflagellate,Protoperidnium divergens,DF-Protoperidnium divergens,10
767,2004,Nov,25,25/11/2004,,16.38118,119.91042,BOL1,,NB,Dinoflagellate,Scrippsiella trochoidea,DF-Scrippsiella trochoidea,23
768,2004,Nov,25,25/11/2004,,16.38615,119.92093,BOL2,,1,Diatom,Coscinodiscus spp.,D-Coscinodiscus spp.,116
769,2004,Nov,25,25/11/2004,,16.38615,119.92093,BOL2,,1,Diatom,Guinardia,D-Guinardia,65
770,2004,Nov,25,25/11/2004,,16.38615,119.92093,BOL2,,1,Diatom,Navicula  spp.,D-Navicula  spp.,13
771,2004,Nov,25,25/11/2004,,16.38615,119.92093,BOL2,,1,Diatom,Rhizosolenia spp.,D-Rhizosolenia spp.,117
772,2004,Nov,25,25/11/2004,,16.38615,119.92093,BOL2,,1,Diatom,Streptotheca,D-Streptotheca,1092
773,2004,Nov,25,25/11/2004,,16.38615,119.92093,BOL2,,1,Diatom,Thalassiosira spp.,D-Thalassiosira spp.,72
774,2004,Nov,25,25/11/2004,,16.38615,119.92093,BOL2,,1,Diatom,Thalassiothrix,D-Thalassiothrix,26
775,2004,Nov,25,25/11/2004,,16.38615,119.92093,BOL2,,1,Dinoflagellate,Alexandrium spp.,DF-Alexandrium spp.,20
776,2004,Nov,25,25/11/2004,,16.38615,119.92093,BOL2,,1,Dinoflagellate,Gyrodinium,DF-Gyrodinium,285
777,2004,Nov,25,25/11/2004,,16.38615,119.92093,BOL2,,1,Dinoflagellate,Gyrodinium spirale,DF-Gyrodinium spirale,189
778,2004,Nov,25,25/11/2004,,16.38615,119.92093,BOL2,,1,Dinoflagellate,Protoperidnium conicum,DF-Protoperidnium conicum,91
779,2004,Nov,25,25/11/2004,,16.38615,119.92093,BOL2,,1,Dinoflagellate,Protoperidnium divergens,DF-Protoperidnium divergens,19
780,2004,Nov,25,25/11/2004,,16.38615,119.92093,BOL2,,1,Dinoflagellate,Protoperidinium oblongum,DF-Protoperidinium oblongum,13
781,2004,Nov,25,25/11/2004,,16.38615,119.92093,BOL2,,1,Dinoflagellate,Protoperidnium pellucidum,DF-Protoperidnium pellucidum,46
782,2004,Nov,25,25/11/2004,,16.38615,119.92093,BOL2,,1,Dinoflagellate,Scrippsiella trochoidea,DF-Scrippsiella trochoidea,39
783,2004,Nov,25,25/11/2004,,16.38615,119.92093,BOL2,,NB,Diatom,Coscinodiscus spp.,D-Coscinodiscus spp.,26
784,2004,Nov,25,25/11/2004,,16.38615,119.92093,BOL2,,NB,Diatom,Guinardia,D-Guinardia,64
785,2004,Nov,25,25/11/2004,,16.38615,119.92093,BOL2,,NB,Diatom,Navicula  spp.,D-Navicula  spp.,26
786,2004,Nov,25,25/11/2004,,16.38615,119.92093,BOL2,,NB,Diatom,Rhizosolenia spp.,D-Rhizosolenia spp.,26
787,2004,Nov,25,25/11/2004,,16.38615,119.92093,BOL2,,NB,Diatom,Skeletonema,D-Skeletonema,65
788,2004,Nov,25,25/11/2004,,16.38615,119.92093,BOL2,,NB,Diatom,Streptotheca,D-Streptotheca,2320
789,2004,Nov,25,25/11/2004,,16.38615,119.92093,BOL2,,NB,Diatom,Thalassionema spp.,D-Thalassionema spp.,26
790,2004,Nov,25,25/11/2004,,16.38615,119.92093,BOL2,,NB,Dinoflagellate,Gyrodinium,DF-Gyrodinium,39
791,2004,Nov,25,25/11/2004,,16.38615,119.92093,BOL2,,NB,Dinoflagellate,Gyrodinium spirale,DF-Gyrodinium spirale,234
792,2004,Nov,25,25/11/2004,,16.38615,119.92093,BOL2,,NB,Dinoflagellate,Pyrocystis noctiluca,DF-Pyrocystis noctiluca,65
793,2004,Nov,25,25/11/2004,,16.38615,119.92093,BOL2,,NB,Dinoflagellate,Scrippsiella trochoidea,DF-Scrippsiella trochoidea,40
794,2004,Nov,25,25/11/2004,,16.3743,119.93198,BOL3,,1,Diatom,Bacteriastrum spp.,D-Bacteriastrum spp.,11
795,2004,Nov,25,25/11/2004,,16.3743,119.93198,BOL3,,1,Diatom,Coscinodiscus spp.,D-Coscinodiscus spp.,23
796,2004,Nov,25,25/11/2004,,16.3743,119.93198,BOL3,,1,Diatom,Guinardia,D-Guinardia,11
797,2004,Nov,25,25/11/2004,,16.3743,119.93198,BOL3,,1,Diatom,Helicotheca tamensis,D-Helicotheca tamensis,660
798,2004,Nov,25,25/11/2004,,16.3743,119.93198,BOL3,,1,Diatom,Navicula  spp.,D-Navicula  spp.,34
799,2004,Nov,25,25/11/2004,,16.3743,119.93198,BOL3,,1,Diatom,Nitzschia spp.,D-Nitzschia spp.,92
800,2004,Nov,25,25/11/2004,,16.3743,119.93198,BOL3,,1,Diatom,Odontella spp.,D-Odontella spp.,34
801,2004,Nov,25,25/11/2004,,16.3743,119.93198,BOL3,,1,Diatom,Rhizosolenia spp.,D-Rhizosolenia spp.,66
802,2004,Nov,25,25/11/2004,,16.3743,119.93198,BOL3,,1,Dinoflagellate,Dinophysis caudata,DF-Dinophysis caudata,11
803,2004,Nov,25,25/11/2004,,16.3743,119.93198,BOL3,,1,Dinoflagellate,Diplopsalis spp.,DF-Diplopsalis spp.,23
804,2004,Nov,25,25/11/2004,,16.3743,119.93198,BOL3,,1,Dinoflagellate,Gyrodinium,DF-Gyrodinium,253
805,2004,Nov,25,25/11/2004,,16.3743,119.93198,BOL3,,1,Dinoflagellate,Ornithocercus steinii,DF-Ornithocercus steinii,11
806,2004,Nov,25,25/11/2004,,16.3743,119.93198,BOL3,,1,Dinoflagellate,Peridinium quinquecorne,DF-Peridinium quinquecorne,15
807,2004,Nov,25,25/11/2004,,16.3743,119.93198,BOL3,,1,Dinoflagellate,Prorocentrum lima,DF-Prorocentrum lima,9
808,2004,Nov,25,25/11/2004,,16.3743,119.93198,BOL3,,1,Dinoflagellate,Prorocentrum micans,DF-Prorocentrum micans,20
809,2004,Nov,25,25/11/2004,,16.3743,119.93198,BOL3,,1,Dinoflagellate,Prorocentrum minimum,DF-Prorocentrum minimum,3
810,2004,Nov,25,25/11/2004,,16.3743,119.93198,BOL3,,1,Dinoflagellate,Prorocentrum  sigmoides,DF-Prorocentrum  sigmoides,9
811,2004,Nov,25,25/11/2004,,16.3743,119.93198,BOL3,,1,Dinoflagellate,Protoperidnium conicum,DF-Protoperidnium conicum,9
812,2004,Nov,25,25/11/2004,,16.3743,119.93198,BOL3,,1,Dinoflagellate,Protoperidinium depressum,DF-Protoperidinium depressum,34
813,2004,Nov,25,25/11/2004,,16.3743,119.93198,BOL3,,1,Dinoflagellate,Protoperidnium divergens,DF-Protoperidnium divergens,29
814,2004,Nov,25,25/11/2004,,16.3743,119.93198,BOL3,,1,Dinoflagellate,Protoperidinium oblongum,DF-Protoperidinium oblongum,23
815,2004,Nov,25,25/11/2004,,16.3743,119.93198,BOL3,,1,Dinoflagellate,Protoperidnium pellucidum,DF-Protoperidnium pellucidum,3
816,2004,Nov,25,25/11/2004,,16.3743,119.93198,BOL3,,1,Dinoflagellate,Pyrocystis noctiluca,DF-Pyrocystis noctiluca,29
817,2004,Nov,25,25/11/2004,,16.3743,119.93198,BOL3,,1,Dinoflagellate,Scrippsiella trochoidea,DF-Scrippsiella trochoidea,9
818,2004,Nov,25,25/11/2004,,16.3743,119.93198,BOL3,,1,Raphidophyte,Chattonnella subsalsa,RD-Chattonnella subsalsa,161
819,2004,Nov,25,25/11/2004,,16.3743,119.93198,BOL3,,NB,Diatom,Bacteriastrum spp.,D-Bacteriastrum spp.,113
820,2004,Nov,25,25/11/2004,,16.3743,119.93198,BOL3,,NB,Diatom,Coscinodiscus spp.,D-Coscinodiscus spp.,102
821,2004,Nov,25,25/11/2004,,16.3743,119.93198,BOL3,,NB,Diatom,Cylindricotheca closterium,D-Cylindricotheca closterium,86
822,2004,Nov,25,25/11/2004,,16.3743,119.93198,BOL3,,NB,Diatom,Helicotheca tamensis,D-Helicotheca tamensis,2195
823,2004,Nov,25,25/11/2004,,16.3743,119.93198,BOL3,,NB,Diatom,Rhizosolenia spp.,D-Rhizosolenia spp.,280
824,2004,Nov,25,25/11/2004,,16.3743,119.93198,BOL3,,NB,Diatom,Thalassionema spp.,D-Thalassionema spp.,26
825,2004,Nov,25,25/11/2004,,16.3743,119.93198,BOL3,,NB,Diatom,Thalassiosira spp.,D-Thalassiosira spp.,51
826,2004,Nov,25,25/11/2004,,16.3743,119.93198,BOL3,,NB,Dinoflagellate,Diplopsalis spp.,DF-Diplopsalis spp.,25
827,2004,Nov,25,25/11/2004,,16.3743,119.93198,BOL3,,NB,Dinoflagellate,Gymnodinium,DF-Gymnodinium,13
828,2004,Nov,25,25/11/2004,,16.3743,119.93198,BOL3,,NB,Dinoflagellate,Gyrodinium,DF-Gyrodinium,74
829,2004,Nov,25,25/11/2004,,16.3743,119.93198,BOL3,,NB,Dinoflagellate,Gyrodinium spirale,DF-Gyrodinium spirale,74
830,2004,Nov,25,25/11/2004,,16.3743,119.93198,BOL3,,NB,Dinoflagellate,Peridinium quinquecorne,DF-Peridinium quinquecorne,13
831,2004,Nov,25,25/11/2004,,16.3743,119.93198,BOL3,,NB,Dinoflagellate,Prorocentrum lima,DF-Prorocentrum lima,62
832,2004,Nov,25,25/11/2004,,16.3743,119.93198,BOL3,,NB,Dinoflagellate,Protoperidinium depressum,DF-Protoperidinium depressum,26
833,2004,Nov,25,25/11/2004,,16.3743,119.93198,BOL3,,NB,Dinoflagellate,Scrippsiella trochoidea,DF-Scrippsiella trochoidea,26
834,2004,Nov,25,25/11/2004,,16.3743,119.93198,BOL3,,NB,Raphidophyte,Chattonnella subsalsa,RD-Chattonnella subsalsa,89
835,2004,Nov,25,25/11/2004,,16.35206,119.93943,BOL4,,1,Diatom,Bacteriastrum spp.,D-Bacteriastrum spp.,26
836,2004,Nov,25,25/11/2004,,16.35206,119.93943,BOL4,,1,Diatom,Coscinodiscus spp.,D-Coscinodiscus spp.,47
837,2004,Nov,25,25/11/2004,,16.35206,119.93943,BOL4,,1,Diatom,Guinardia,D-Guinardia,69
838,2004,Nov,25,25/11/2004,,16.35206,119.93943,BOL4,,1,Diatom,Navicula  spp.,D-Navicula  spp.,39
839,2004,Nov,25,25/11/2004,,16.35206,119.93943,BOL4,,1,Diatom,Rhizosolenia spp.,D-Rhizosolenia spp.,184
840,2004,Nov,25,25/11/2004,,16.35206,119.93943,BOL4,,1,Diatom,Skeletonema,D-Skeletonema,77
841,2004,Nov,25,25/11/2004,,16.35206,119.93943,BOL4,,1,Diatom,Streptotheca,D-Streptotheca,876
842,2004,Nov,25,25/11/2004,,16.35206,119.93943,BOL4,,1,Diatom,Thalassiosira spp.,D-Thalassiosira spp.,103
843,2004,Nov,25,25/11/2004,,16.35206,119.93943,BOL4,,1,Dinoflagellate,Ceratium furca,DF-Ceratium furca,4
844,2004,Nov,25,25/11/2004,,16.35206,119.93943,BOL4,,1,Dinoflagellate,Dinophysis caudata,DF-Dinophysis caudata,13
845,2004,Nov,25,25/11/2004,,16.35206,119.93943,BOL4,,1,Dinoflagellate,Gyrodinium,DF-Gyrodinium,34
846,2004,Nov,25,25/11/2004,,16.35206,119.93943,BOL4,,1,Dinoflagellate,Gyrodinium spirale,DF-Gyrodinium spirale,52
847,2004,Nov,25,25/11/2004,,16.35206,119.93943,BOL4,,1,Dinoflagellate,Peridinium sp. ,DF-Peridinium sp. ,472
848,2004,Nov,25,25/11/2004,,16.35206,119.93943,BOL4,,1,Dinoflagellate,Prorocentrum micans,DF-Prorocentrum micans,21
849,2004,Nov,25,25/11/2004,,16.35206,119.93943,BOL4,,1,Dinoflagellate,Protoperidnium conicum,DF-Protoperidnium conicum,176
850,2004,Nov,25,25/11/2004,,16.35206,119.93943,BOL4,,1,Dinoflagellate,Protoperidnium divergens,DF-Protoperidnium divergens,34
851,2004,Nov,25,25/11/2004,,16.35206,119.93943,BOL4,,1,Dinoflagellate,Protoperidinium oblongum,DF-Protoperidinium oblongum,56
852,2004,Nov,25,25/11/2004,,16.35206,119.93943,BOL4,,1,Dinoflagellate,Protoperidnium pellucidum,DF-Protoperidnium pellucidum,112
853,2004,Nov,25,25/11/2004,,16.35206,119.93943,BOL4,,1,Dinoflagellate,Protoperidnium pentagonum,DF-Protoperidnium pentagonum,9
854,2004,Nov,25,25/11/2004,,16.35206,119.93943,BOL4,,1,Raphidophyte,Chattonnella subsalsa,RD-Chattonnella subsalsa,64
855,2004,Nov,25,25/11/2004,,16.35206,119.93943,BOL4,,NB,Diatom,Coscinodiscus spp.,D-Coscinodiscus spp.,83
856,2004,Nov,25,25/11/2004,,16.35206,119.93943,BOL4,,NB,Diatom,Guinardia,D-Guinardia,21
857,2004,Nov,25,25/11/2004,,16.35206,119.93943,BOL4,,NB,Diatom,Navicula  spp.,D-Navicula  spp.,67
858,2004,Nov,25,25/11/2004,,16.35206,119.93943,BOL4,,NB,Diatom,Rhizosolenia spp.,D-Rhizosolenia spp.,563
859,2004,Nov,25,25/11/2004,,16.35206,119.93943,BOL4,,NB,Diatom,Streptotheca,D-Streptotheca,477
860,2004,Nov,25,25/11/2004,,16.35206,119.93943,BOL4,,NB,Diatom,Thalassiosira spp.,D-Thalassiosira spp.,53
861,2004,Nov,25,25/11/2004,,16.35206,119.93943,BOL4,,NB,Dinoflagellate,Gyrodinium spirale,DF-Gyrodinium spirale,32
862,2004,Nov,25,25/11/2004,,16.35206,119.93943,BOL4,,NB,Dinoflagellate,Peridinium sp. ,DF-Peridinium sp. ,21
863,2004,Nov,25,25/11/2004,,16.35206,119.93943,BOL4,,NB,Dinoflagellate,Prorocentrum micans,DF-Prorocentrum micans,35
864,2004,Nov,25,25/11/2004,,16.35206,119.93943,BOL4,,NB,Dinoflagellate,Protoperidnium conicum,DF-Protoperidnium conicum,42
865,2004,Nov,25,25/11/2004,,16.35206,119.93943,BOL4,,NB,Dinoflagellate,Protoperidinium oblongum,DF-Protoperidinium oblongum,53
866,2004,Nov,25,25/11/2004,,16.35206,119.93943,BOL4,,NB,Dinoflagellate,Protoperidnium pellucidum,DF-Protoperidnium pellucidum,21
867,2004,Nov,25,25/11/2004,,16.35206,119.93943,BOL4,,NB,Dinoflagellate,Protoperidnium pentagonum,DF-Protoperidnium pentagonum,11
868,2004,Nov,25,25/11/2004,,16.35206,119.93943,BOL4,,NB,Dinoflagellate,Scrippsiella trochoidea,DF-Scrippsiella trochoidea,11
869,2004,Nov,25,25/11/2004,,16.35206,119.93943,BOL4,,NB,Raphidophyte,Chattonnella subsalsa,RD-Chattonnella subsalsa,110
870,2004,Nov,25,25/11/2004,,16.31437,119.92279,BOL5,,1,Diatom,Bacteriastrum spp.,D-Bacteriastrum spp.,28
871,2004,Nov,25,25/11/2004,,16.31437,119.92279,BOL5,,1,Diatom,Coscinodiscus spp.,D-Coscinodiscus spp.,67
872,2004,Nov,25,25/11/2004,,16.31437,119.92279,BOL5,,1,Diatom,Navicula  spp.,D-Navicula  spp.,32
873,2004,Nov,25,25/11/2004,,16.31437,119.92279,BOL5,,1,Diatom,Pleurosigma spp.,D-Pleurosigma spp.,6
874,2004,Nov,25,25/11/2004,,16.31437,119.92279,BOL5,,1,Diatom,Rhizosolenia spp.,D-Rhizosolenia spp.,210
875,2004,Nov,25,25/11/2004,,16.31437,119.92279,BOL5,,1,Diatom,Streptotheca,D-Streptotheca,137
876,2004,Nov,25,25/11/2004,,16.31437,119.92279,BOL5,,1,Diatom,Thalassionema spp.,D-Thalassionema spp.,16
877,2004,Nov,25,25/11/2004,,16.31437,119.92279,BOL5,,1,Diatom,Thalassiosira spp.,D-Thalassiosira spp.,64
878,2004,Nov,25,25/11/2004,,16.31437,119.92279,BOL5,,1,Dinoflagellate,Gyrodinium,DF-Gyrodinium,76
879,2004,Nov,25,25/11/2004,,16.31437,119.92279,BOL5,,1,Dinoflagellate,Gyrodinium spirale,DF-Gyrodinium spirale,48
880,2004,Nov,25,25/11/2004,,16.31437,119.92279,BOL5,,1,Dinoflagellate,Ornithocercus steinii,DF-Ornithocercus steinii,29
881,2004,Nov,25,25/11/2004,,16.31437,119.92279,BOL5,,1,Dinoflagellate,Peridinium sp. ,DF-Peridinium sp. ,70
882,2004,Nov,25,25/11/2004,,16.31437,119.92279,BOL5,,1,Dinoflagellate,Prorocentrum lima,DF-Prorocentrum lima,3
883,2004,Nov,25,25/11/2004,,16.31437,119.92279,BOL5,,1,Dinoflagellate,Prorocentrum micans,DF-Prorocentrum micans,10
884,2004,Nov,25,25/11/2004,,16.31437,119.92279,BOL5,,1,Dinoflagellate,Protoperidnium conicum,DF-Protoperidnium conicum,54
885,2004,Nov,25,25/11/2004,,16.31437,119.92279,BOL5,,1,Dinoflagellate,Protoperidnium divergens,DF-Protoperidnium divergens,13
886,2004,Nov,25,25/11/2004,,16.31437,119.92279,BOL5,,1,Dinoflagellate,Protoperidinium oblongum,DF-Protoperidinium oblongum,19
887,2004,Nov,25,25/11/2004,,16.31437,119.92279,BOL5,,1,Dinoflagellate,Protoperidinium pallidum,DF-Protoperidinium pallidum,6
888,2004,Nov,25,25/11/2004,,16.31437,119.92279,BOL5,,1,Dinoflagellate,Protoperidnium pentagonum,DF-Protoperidnium pentagonum,13
889,2004,Nov,25,25/11/2004,,16.31437,119.92279,BOL5,,1,Dinoflagellate,Scrippsiella trochoidea,DF-Scrippsiella trochoidea,3
890,2004,Nov,25,25/11/2004,,16.31437,119.92279,BOL5,,1,Raphidophyte,Chattonnella subsalsa,RD-Chattonnella subsalsa,32
891,2004,Nov,25,25/11/2004,,16.31437,119.92279,BOL5,,NB,Diatom,Bacteriastrum spp.,D-Bacteriastrum spp.,61
892,2004,Nov,25,25/11/2004,,16.31437,119.92279,BOL5,,NB,Diatom,Coscinodiscus spp.,D-Coscinodiscus spp.,9
893,2004,Nov,25,25/11/2004,,16.31437,119.92279,BOL5,,NB,Diatom,Cylindricotheca closterium,D-Cylindricotheca closterium,10
894,2004,Nov,25,25/11/2004,,16.31437,119.92279,BOL5,,NB,Diatom,Navicula  spp.,D-Navicula  spp.,30
895,2004,Nov,25,25/11/2004,,16.31437,119.92279,BOL5,,NB,Diatom,Rhizosolenia spp.,D-Rhizosolenia spp.,175
896,2004,Nov,25,25/11/2004,,16.31437,119.92279,BOL5,,NB,Diatom,Streptotheca,D-Streptotheca,345
897,2004,Nov,25,25/11/2004,,16.31437,119.92279,BOL5,,NB,Dinoflagellate,Ceratium furca,DF-Ceratium furca,4
898,2004,Nov,25,25/11/2004,,16.31437,119.92279,BOL5,,NB,Dinoflagellate,Gyrodinium,DF-Gyrodinium,9
899,2004,Nov,25,25/11/2004,,16.31437,119.92279,BOL5,,NB,Dinoflagellate,Gyrodinium spirale,DF-Gyrodinium spirale,30
900,2004,Nov,25,25/11/2004,,16.31437,119.92279,BOL5,,NB,Dinoflagellate,Peridinium sp. ,DF-Peridinium sp. ,22
901,2004,Nov,25,25/11/2004,,16.31437,119.92279,BOL5,,NB,Dinoflagellate,Prorocentrum lima,DF-Prorocentrum lima,9
902,2004,Nov,25,25/11/2004,,16.31437,119.92279,BOL5,,NB,Dinoflagellate,Prorocentrum micans,DF-Prorocentrum micans,10
903,2004,Nov,25,25/11/2004,,16.31437,119.92279,BOL5,,NB,Dinoflagellate,Protoperidnium conicum,DF-Protoperidnium conicum,26
904,2004,Nov,25,25/11/2004,,16.31437,119.92279,BOL5,,NB,Dinoflagellate,Protoperidnium divergens,DF-Protoperidnium divergens,9
905,2004,Nov,25,25/11/2004,,16.31437,119.92279,BOL5,,NB,Dinoflagellate,Protoperidinium oblongum,DF-Protoperidinium oblongum,10
906,2004,Nov,25,25/11/2004,,16.31437,119.92279,BOL5,,NB,Dinoflagellate,Protoperidnium pellucidum,DF-Protoperidnium pellucidum,18
907,2004,Nov,25,25/11/2004,,16.31437,119.92279,BOL5,,NB,Dinoflagellate,Pyrocystis noctiluca,DF-Pyrocystis noctiluca,13
908,2004,Nov,25,25/11/2004,,16.31437,119.92279,BOL5,,NB,Raphidophyte,Chattonnella subsalsa,RD-Chattonnella subsalsa,19
909,2006,Feb,1,01/02/2006,,16.30944,119.92063,TS1,,1,Diatom,Striatella sp 1,D-Striatella sp 1,37
910,2006,Feb,1,01/02/2006,,16.30944,119.92063,TS1,,1,Diatom,Striatella unipunctata,D-Striatella unipunctata,30
911,2006,Feb,1,01/02/2006,,16.30944,119.92063,TS1,,1,Diatom,Chaetoceros spp.,D-Chaetoceros spp.,22
912,2006,Feb,1,01/02/2006,,16.30944,119.92063,TS1,,1,Diatom,Cylindricotheca closterium,D-Cylindricotheca closterium,45
913,2006,Feb,1,01/02/2006,,16.30944,119.92063,TS1,,1,Diatom,Helicotheca tamensis,D-Helicotheca tamensis,30
914,2006,Feb,1,01/02/2006,,16.30944,119.92063,TS1,,1,Diatom,Navicula sp. 2,D-Navicula sp. 2,15
915,2006,Feb,1,01/02/2006,,16.30944,119.92063,TS1,,1,Diatom,Nitzschia spp.,D-Nitzschia spp.,157
916,2006,Feb,1,01/02/2006,,16.30944,119.92063,TS1,,1,Diatom,Pleurosigma sp. 1,D-Pleurosigma sp. 1,7
917,2006,Feb,1,01/02/2006,,16.30944,119.92063,TS1,,1,Diatom,Rhizosolenia spp.,D-Rhizosolenia spp.,292
918,2006,Feb,1,01/02/2006,,16.30944,119.92063,TS1,,1,Diatom,Skeletonema sp. 1,D-Skeletonema sp. 1,52
919,2006,Feb,1,01/02/2006,,16.30944,119.92063,TS1,,1,Diatom,Skeletonema sp. 2,D-Skeletonema sp. 2,2440
920,2006,Feb,1,01/02/2006,,16.30944,119.92063,TS1,,1,Diatom,Skeletonema sp. 3,D-Skeletonema sp. 3,15
921,2006,Feb,1,01/02/2006,,16.30944,119.92063,TS1,,1,Diatom,Thalassionema spp.,D-Thalassionema spp.,30
922,2006,Feb,1,01/02/2006,,16.30944,119.92063,TS1,,1,Diatom,Thalassiosira spp.,D-Thalassiosira spp.,22
923,2006,Feb,1,01/02/2006,,16.30944,119.92063,TS1,,1,Dinoflagellate,Protoperidinium pellucidum,DF-Protoperidinium pellucidum,15
924,2006,Feb,1,01/02/2006,,16.30944,119.92063,TS1,,1,Dinoflagellate,Protoperidinium pentagonum,DF-Protoperidinium pentagonum,7
925,2006,Feb,1,01/02/2006,,16.30944,119.92063,TS1,,1,Raphidophyte,Chattonnella subsalsa,RD-Chattonnella subsalsa,7
926,2006,Feb,1,01/02/2006,,16.30944,119.92063,TS1,,8,Diatom,Coscinodiscus spp.,D-Coscinodiscus spp.,1
927,2006,Feb,1,01/02/2006,,16.30944,119.92063,TS1,,8,Diatom,Cylindricotheca closterium,D-Cylindricotheca closterium,133
928,2006,Feb,1,01/02/2006,,16.30944,119.92063,TS1,,8,Diatom,Fragilariopsis sp.,D-Fragilariopsis sp.,1
929,2006,Feb,1,01/02/2006,,16.30944,119.92063,TS1,,8,Diatom,Helicotheca tamensis,D-Helicotheca tamensis,9
930,2006,Feb,1,01/02/2006,,16.30944,119.92063,TS1,,8,Diatom,Navicula sp. 1,D-Navicula sp. 1,4
931,2006,Feb,1,01/02/2006,,16.30944,119.92063,TS1,,8,Diatom,Navicula sp. 2,D-Navicula sp. 2,4
932,2006,Feb,1,01/02/2006,,16.30944,119.92063,TS1,,8,Diatom,Rhizosolenia spp.,D-Rhizosolenia spp.,39
933,2006,Feb,1,01/02/2006,,16.30944,119.92063,TS1,,8,Diatom,Skeletonema costatum,D-Skeletonema costatum,262
934,2006,Feb,1,01/02/2006,,16.30944,119.92063,TS1,,8,Diatom,Thalassionema spp.,D-Thalassionema spp.,2
935,2006,Feb,1,01/02/2006,,16.30944,119.92063,TS1,,8,Diatom,Thalassiosira spp.,D-Thalassiosira spp.,1
936,2006,Feb,1,01/02/2006,,16.30944,119.92063,TS1,,8,Dinoflagellate,Prorocentrum lima,DF-Prorocentrum lima,1
937,2006,Feb,1,01/02/2006,,16.30944,119.92063,TS1,,8,Dinoflagellate,Protoperidinium minutum,DF-Protoperidinium minutum,2
938,2006,Feb,1,01/02/2006,,16.30944,119.92063,TS1,,8,Raphidophyte,Chattonnella subsalsa,RD-Chattonnella subsalsa,4
939,2006,Feb,1,01/02/2006,,16.33419,119.94186,W2,,1,Diatom,Helicotheca tamensis,D-Helicotheca tamensis,23
940,2006,Feb,1,01/02/2006,,16.33419,119.94186,W2,,1,Diatom,Melosira,D-Melosira,2
941,2006,Feb,1,01/02/2006,,16.33419,119.94186,W2,,1,Diatom,Membraneis,D-Membraneis,2
942,2006,Feb,1,01/02/2006,,16.33419,119.94186,W2,,1,Diatom,Navicula sp,D-Navicula sp.,4
943,2006,Feb,1,01/02/2006,,16.33419,119.94186,W2,,1,Diatom,Nitzschia spp.,D-Nitzschia spp.,10
944,2006,Feb,1,01/02/2006,,16.33419,119.94186,W2,,1,Diatom,Pleurosigma sp,D-Pleurosigma sp,2
945,2006,Feb,1,01/02/2006,,16.33419,119.94186,W2,,1,Dinoflagellate,Alexandrium sp 1,DF-Alexandrium sp 1,6
946,2006,Feb,1,01/02/2006,,16.33419,119.94186,W2,,1,Dinoflagellate,Peridinium quinquecorne,DF-Peridinium quinquecorne,6
947,2006,Feb,1,01/02/2006,,16.33419,119.94186,W2,,1,Dinoflagellate,Protoperidinium latispinum,DF-Protoperidinium latispinum,19
948,2006,Feb,1,01/02/2006,,16.33419,119.94186,W2,,1,Cyanobacteria,Oscillatoria,CYN-Oscillatoria,2
949,2006,Feb,1,01/02/2006,,16.33419,119.94186,W2,,7,Diatom,Chaetoceros spp.,D-Chaetoceros spp.,2
950,2006,Feb,1,01/02/2006,,16.33419,119.94186,W2,,7,Diatom,Cylindricotheca closterium,D-Cylindricotheca closterium,3
951,2006,Feb,1,01/02/2006,,16.33419,119.94186,W2,,7,Diatom,Fragilariopsis sp.,D-Fragilariopsis sp.,1
952,2006,Feb,1,01/02/2006,,16.33419,119.94186,W2,,7,Diatom,Helicotheca tamensis,D-Helicotheca tamensis,11
953,2006,Feb,1,01/02/2006,,16.33419,119.94186,W2,,7,Diatom,Membraneis,D-Membraneis,1
954,2006,Feb,1,01/02/2006,,16.33419,119.94186,W2,,7,Diatom,Navicula sp. 1,D-Navicula sp. 1,1
955,2006,Feb,1,01/02/2006,,16.33419,119.94186,W2,,7,Diatom,Navicula sp. 2,D-Navicula sp. 2,1
956,2006,Feb,1,01/02/2006,,16.33419,119.94186,W2,,7,Diatom,Navicula sp. 3,D-Navicula sp. 3,1
957,2006,Feb,1,01/02/2006,,16.33419,119.94186,W2,,7,Diatom,Nitzschia spp.,D-Nitzschia spp.,12
958,2006,Feb,1,01/02/2006,,16.33419,119.94186,W2,,7,Diatom,Pleurosigma spp.,D-Pleurosigma spp.,2
959,2006,Feb,1,01/02/2006,,16.33419,119.94186,W2,,7,Diatom,Rhizosolenia spp.,D-Rhizosolenia spp.,46
960,2006,Feb,1,01/02/2006,,16.33419,119.94186,W2,,7,Diatom,Skeletonema sp. 1,D-Skeletonema sp. 1,126
961,2006,Feb,1,01/02/2006,,16.33419,119.94186,W2,,7,Diatom,Skeletonema sp. 2,D-Skeletonema sp. 2,1
962,2006,Feb,1,01/02/2006,,16.33419,119.94186,W2,,7,Diatom,Skeletonema sp. 3,D-Skeletonema sp. 3,7
963,2006,Feb,1,01/02/2006,,16.33419,119.94186,W2,,7,Diatom,Thalassionema spp.,D-Thalassionema spp.,1
964,2006,Feb,1,01/02/2006,,16.33419,119.94186,W2,,7,Diatom,Thalassiosira spp.,D-Thalassiosira spp.,1
965,2006,Feb,1,01/02/2006,,16.24643,119.9182,N2,,1,Diatom,Cocconeis sp.,D-Cocconeis sp.,13
966,2006,Feb,1,01/02/2006,,16.24643,119.9182,N2,,1,Diatom,Cylindricotheca closterium,D-Cylindricotheca closterium,3
967,2006,Feb,1,01/02/2006,,16.24643,119.9182,N2,,1,Diatom,Leptocylindrus spp.,D-Leptocylindrus spp.,3739
968,2006,Feb,1,01/02/2006,,16.24643,119.9182,N2,,1,Diatom,Navicula spp,D-Navicula  spp.,6
969,2006,Feb,1,01/02/2006,,16.24643,119.9182,N2,,1,Diatom,Pleurosigma spp,D-Pleurosigma spp.,16
970,2006,Feb,1,01/02/2006,,16.24643,119.9182,N2,,1,Diatom,Thalassiosira spp.,D-Thalassiosira spp.,6
971,2006,Feb,1,01/02/2006,,16.24643,119.9182,N2,,1,Raphidophyte,Chattonnella subsalsa,RD-Chattonnella subsalsa,22
972,2006,Feb,1,01/02/2006,,16.24643,119.9182,N2,,1,Cyanobacteria,Trichodesmium sp.,CYN-Trichodesmium sp.,6
973,2006,Feb,1,01/02/2006,,16.194,120.00394,V13,,1,Diatom,Bacillaria sp.,D-Bacillaria sp.,40
974,2006,Feb,1,01/02/2006,,16.194,120.00394,V13,,1,Diatom,Coscinodiscus spp.,D-Coscinodiscus spp.,2
975,2006,Feb,1,01/02/2006,,16.194,120.00394,V13,,1,Diatom,Cylindricotheca closterium,D-Cylindricotheca closterium,2
976,2006,Feb,1,01/02/2006,,16.194,120.00394,V13,,1,Diatom,Diploneis sp,D-Diploneis sp,2
977,2006,Feb,1,01/02/2006,,16.194,120.00394,V13,,1,Diatom,Fragilariopsis sp.,D-Fragilariopsis sp.,30
978,2006,Feb,1,01/02/2006,,16.194,120.00394,V13,,1,Diatom,Navicula  spp.,D-Navicula  spp.,35
979,2006,Feb,1,01/02/2006,,16.194,120.00394,V13,,1,Diatom,Navicula brasilie1is,D-Navicula brasilie1is,2
980,2006,Feb,1,01/02/2006,,16.194,120.00394,V13,,1,Diatom,Pleurosigma spp.,D-Pleurosigma spp.,30
981,2006,Feb,1,01/02/2006,,16.194,120.00394,V13,,1,Diatom,Rhizosolenia spp.,D-Rhizosolenia spp.,2
982,2006,Feb,1,01/02/2006,,16.194,120.00394,V13,,1,Diatom,Skeletonema,D-Skeletonema,2
983,2006,Feb,1,01/02/2006,,16.194,120.00394,V13,,1,Diatom,Thalassionema spp.,D-Thalassionema spp.,22
984,2006,Feb,1,01/02/2006,,16.194,120.00394,V13,,1,Diatom,Thalassiosira - 30um,D-Thalassiosira - 30um,7
985,2006,Feb,1,01/02/2006,,16.194,120.00394,V13,,1,Diatom,Thalassiosira - 60um,D-Thalassiosira - 60um,54
986,2006,Feb,1,01/02/2006,,16.194,120.00394,V13,,1,Diatom,Thalassiosira - 70um,D-Thalassiosira - 70um,193
987,2006,Feb,1,01/02/2006,,16.194,120.00394,V13,,1,Diatom,Thalassiosira - 100um,D-Thalassiosira - 100um,67
988,2006,Feb,1,01/02/2006,,16.194,120.00394,V13,,1,Diatom,Thalassiosira - 130um,D-Thalassiosira - 130um,12
989,2006,Feb,1,01/02/2006,,16.194,120.00394,V13,,1,Dinoflagellate,Gonyaulax spinifera,DF-Gonyaulax spinifera,2
990,2006,Feb,1,01/02/2006,,16.194,120.00394,V13,,1,Dinoflagellate,Prorocentrum micans,DF-Prorocentrum micans,12
991,2006,Feb,1,01/02/2006,,16.194,120.00394,V13,,1,Dinoflagellate,Prorocentrum minimum,DF-Prorocentrum minimum,2
992,2006,Feb,1,01/02/2006,,16.194,120.00394,V13,,1,Cyanobacteria,Trichodesmium sp.,CYN-Trichodesmium sp.,5
993,2006,Feb,1,01/02/2006,,16.22793,119.98252,S10,,1,Diatom,Cocconeis - 130um,D-Cocconeis - 130um,2
994,2006,Feb,1,01/02/2006,,16.22793,119.98252,S10,,1,Diatom,Cylindricotheca closterium,D-Cylindricotheca closterium,5
995,2006,Feb,1,01/02/2006,,16.22793,119.98252,S10,,1,Diatom,Fragilariopsis sp.,D-Fragilariopsis sp.,10
996,2006,Feb,1,01/02/2006,,16.22793,119.98252,S10,,1,Diatom,Navicula  spp.,D-Navicula  spp.,45
997,2006,Feb,1,01/02/2006,,16.22793,119.98252,S10,,1,Diatom,Pleurosigma - 550um,D-Pleurosigma - 550um,2
998,2006,Feb,1,01/02/2006,,16.22793,119.98252,S10,,1,Diatom,Pleurosigma spp.,D-Pleurosigma spp.,40
999,2006,Feb,1,01/02/2006,,16.22793,119.98252,S10,,1,Diatom,Thalassionema spp.,D-Thalassionema spp.,7
1000,2006,Feb,1,01/02/2006,,16.22793,119.98252,S10,,1,Diatom,Thalassionema spp.,D-Thalassionema spp.,45
1001,2006,Feb,1,01/02/2006,,16.22793,119.98252,S10,,1,Diatom,Thalassiosira leptopus,D-Thalassiosira leptopus,84
1002,2006,Feb,1,01/02/2006,,16.22793,119.98252,S10,,1,Dinoflagellate,Ceratium furca,DF-Ceratium furca,2
1003,2006,Feb,1,01/02/2006,,16.22793,119.98252,S10,,1,Dinoflagellate,Gonyaulax spinifera,DF-Gonyaulax spinifera,2
1004,2006,Feb,1,01/02/2006,,16.22793,119.98252,S10,,1,Dinoflagellate,Prorocentrum micans,DF-Prorocentrum micans,5
1005,2006,Feb,1,01/02/2006,,16.22793,119.98252,S10,,1,Dinoflagellate,Protoperidinium pellucidum,DF-Protoperidinium pellucidum,2
1006,2006,May,6,06/05/2006,,16.38339,119.91585,TS2,,4,Diatom,Chaetoceros spp.,D-Chaetoceros spp.,6
1007,2006,May,6,06/05/2006,,16.38339,119.91585,TS2,,4,Diatom,Leptocylindrus spp.,D-Leptocylindrus spp.,155
1008,2006,May,6,06/05/2006,,16.38339,119.91585,TS2,,4,Diatom,Navicula  spp.,D-Navicula  spp.,15
1009,2006,May,6,06/05/2006,,16.38339,119.91585,TS2,,4,Diatom,Pseudonitzschia spp.,D-Pseudonitzschia spp.,50
1010,2006,May,6,06/05/2006,,16.38339,119.91585,TS2,,4,Diatom,Rhizosolenia spp.,D-Rhizosolenia spp.,25
1011,2006,May,6,06/05/2006,,16.38339,119.91585,TS2,,4,Diatom,Skeletonema,D-Skeletonema,3
1012,2006,May,6,06/05/2006,,16.38339,119.91585,TS2,,4,Diatom,Thalassionema spp.,D-Thalassionema spp.,3
1013,2006,May,6,06/05/2006,,16.38339,119.91585,TS2,,4,Diatom,Thalassiosira spp.,D-Thalassiosira spp.,3
1014,2006,May,6,06/05/2006,,16.38339,119.91585,TS2,,4,Dinoflagellate,Alexandrium spp.,DF-Alexandrium spp.,46
1015,2006,May,6,06/05/2006,,16.38339,119.91585,TS2,,4,Dinoflagellate,Peridinium quinquecorne,DF-Peridinium quinquecorne,31
1016,2006,May,6,06/05/2006,,16.38339,119.91585,TS2,,4,Dinoflagellate,Prorocentrum micans,DF-Prorocentrum micans,3
1017,2006,May,6,06/05/2006,,16.38339,119.91585,TS2,,4,Dinoflagellate,Protoperidinium pallidum,DF-Protoperidinium pallidum,3
1018,2006,May,6,06/05/2006,,16.38339,119.91585,TS2,,4,Dinoflagellate,Protoperidinium pellucidum,DF-Protoperidinium pellucidum,3
1019,2006,May,6,06/05/2006,,16.38339,119.91585,TS2,,4,Dinoflagellate,Scrippsiella trochoidea,DF-Scrippsiella trochoidea,121
1020,2006,May,6,06/05/2006,,16.38339,119.91585,TS2,,4,Raphidophyte,Chattonnella subsalsa,RD-Chattonnella subsalsa,12
1021,2006,May,6,06/05/2006,,16.38339,119.91585,TS2,,4,Diatom,Heterosigma,D-Heterosigma,99
1022,2006,May,6,06/05/2006,,16.38339,119.91585,TS2,,4,Raphidophyte,Heterocapsa circularisquama,RD-Heterocapsa circularisquama,99
1023,2006,May,6,06/05/2006,,16.38339,119.91585,TS2,,4,Raphidophyte,Fibrocapsa,RD-Fibrocapsa,90
1024,2006,May,6,06/05/2006,,16.34775,119.93452,W9,,1,Diatom,Fragilariopsis sp.,D-Fragilariopsis sp.,12
1025,2006,May,6,06/05/2006,,16.34775,119.93452,W9,,1,Diatom,Navicula  spp.,D-Navicula  spp.,12
1026,2006,May,6,06/05/2006,,16.34775,119.93452,W9,,1,Diatom,Plagiotropis,D-Plagiotropis,12
1027,2006,May,6,06/05/2006,,16.34775,119.93452,W9,,1,Diatom,Pleurosigma spp.,D-Pleurosigma spp.,35
1028,2006,May,6,06/05/2006,,16.34775,119.93452,W9,,1,Dinoflagellate,Alexandrium spp.,DF-Alexandrium spp.,94
1029,2006,May,6,06/05/2006,,16.34775,119.93452,W9,,1,Dinoflagellate,Peridinium quinquecorne,DF-Peridinium quinquecorne,24
1030,2006,May,6,06/05/2006,,16.34775,119.93452,W9,,1,Dinoflagellate,Prorocentrum minimum,DF-Prorocentrum minimum,12
1031,2006,May,6,06/05/2006,,16.34775,119.93452,W9,,1,Dinoflagellate,Protoperidinium bipes,DF-Protoperidinium bipes,24
1032,2006,May,6,06/05/2006,,16.34775,119.93452,W9,,1,Dinoflagellate,Scrippsiella spinifera,DF-Scrippsiella spinifera,24
1033,2006,May,6,06/05/2006,,16.34775,119.93452,W9,,1,Raphidophyte,Chattonnella subsalsa,RD-Chattonnella subsalsa,35
1034,2006,May,6,06/05/2006,,16.33419,119.94186,W2,,1,Diatom,Leptocylindrus spp.,D-Leptocylindrus spp.,2415
1035,2006,May,6,06/05/2006,,16.33419,119.94186,W2,,1,Dinoflagellate,Diplopsalis orbicularis,DF-Diplopsalis orbicularis,50
1036,2006,May,6,06/05/2006,,16.33419,119.94186,W2,,1,Raphidophyte,Heterocapsa circularisquama,RD-Heterocapsa circularisquama,25
1037,2006,May,6,06/05/2006,,16.33419,119.94186,W2,,1,Dinoflagellate,Peridinium quinquecorne,DF-Peridinium quinquecorne,74
1038,2006,May,6,06/05/2006,,16.33419,119.94186,W2,,1,Dinoflagellate,Prorocentrum micans,DF-Prorocentrum micans,12
1039,2006,May,6,06/05/2006,,16.33419,119.94186,W2,,1,Dinoflagellate,Protoperidinium minutum,DF-Protoperidinium minutum,25
1040,2006,May,6,06/05/2006,,16.33419,119.94186,W2,,1,Dinoflagellate,Scrippsiella trochoidea,DF-Scrippsiella trochoidea,37
1041,2006,May,6,06/05/2006,,16.33419,119.94186,W2,,1,Raphidophyte,Chattonnella subsalsa,RD-Chattonnella subsalsa,12
1042,2006,May,6,06/05/2006,,16.33419,119.94186,W2,,4,Diatom,Leptocylindrus spp.,D-Leptocylindrus spp.,1305
1043,2006,May,6,06/05/2006,,16.33419,119.94186,W2,,4,Diatom,Navicula  spp.,D-Navicula  spp.,4
1044,2006,May,6,06/05/2006,,16.33419,119.94186,W2,,4,Diatom,Rhizosolenia setigera,D-Rhizosolenia setigera,62
1045,2006,May,6,06/05/2006,,16.33419,119.94186,W2,,4,Diatom,Thalassiosira spp.,D-Thalassiosira spp.,13
1046,2006,May,6,06/05/2006,,16.33419,119.94186,W2,,4,Dinoflagellate,Alexandrium spp.,DF-Alexandrium spp.,35
1047,2006,May,6,06/05/2006,,16.33419,119.94186,W2,,4,Dinoflagellate,Gonyaulax spinifera,DF-Gonyaulax spinifera,4
1048,2006,May,6,06/05/2006,,16.33419,119.94186,W2,,4,Dinoflagellate,Peridinium quinquecorne,DF-Peridinium quinquecorne,9
1049,2006,May,6,06/05/2006,,16.33419,119.94186,W2,,4,Dinoflagellate,Prorocentrum micans,DF-Prorocentrum micans,4
1050,2006,May,6,06/05/2006,,16.33419,119.94186,W2,,4,Dinoflagellate,Prorocentrum minimum,DF-Prorocentrum minimum,4
1051,2006,May,6,06/05/2006,,16.33419,119.94186,W2,,4,Dinoflagellate,Protoperidinium conicum,DF-Protoperidinium conicum,4
1052,2006,May,6,06/05/2006,,16.33419,119.94186,W2,,4,Dinoflagellate,Scrippsiella trochoidea,DF-Scrippsiella trochoidea,66
1053,2006,May,6,06/05/2006,,16.33419,119.94186,W2,,4,Cyanobacteria,Trichodesmium sp.,CYN-Trichodesmium sp.,4
1054,2006,May,6,06/05/2006,,16.30944,119.92063,TS1,,4,Diatom,Leptocylindrus spp.,D-Leptocylindrus spp.,322
1055,2006,May,6,06/05/2006,,16.30944,119.92063,TS1,,4,Diatom,Navicula  spp.,D-Navicula  spp.,5
1056,2006,May,6,06/05/2006,,16.30944,119.92063,TS1,,4,Diatom,Rhizosolenia spp.,D-Rhizosolenia spp.,37
1057,2006,May,6,06/05/2006,,16.30944,119.92063,TS1,,4,Diatom,Skeletonema,D-Skeletonema,5
1058,2006,May,6,06/05/2006,,16.30944,119.92063,TS1,,4,Dinoflagellate,Alexandrium minutum (25um),DF-Alexandrium minutum (25um),282
1059,2006,May,6,06/05/2006,,16.30944,119.92063,TS1,,4,Dinoflagellate,Alexandrium sp (w35xh25),DF-Alexandrium sp (w35xh25),16
1060,2006,May,6,06/05/2006,,16.30944,119.92063,TS1,,4,Dinoflagellate,Alexandrium tamare1e like (w35xh30),DF-Alexandrium tamare1e like (w35xh30),5
1061,2006,May,6,06/05/2006,,16.30944,119.92063,TS1,,4,Raphidophyte,Heterocapsa circularisquama,RD-Heterocapsa circularisquama,48
1062,2006,May,6,06/05/2006,,16.30944,119.92063,TS1,,4,Raphidophyte,Heterocapsa triqueta,RD-Heterocapsa triqueta,14
1063,2006,May,6,06/05/2006,,16.30944,119.92063,TS1,,4,Dinoflagellate,Peridinium quinquecorne,DF-Peridinium quinquecorne,34
1064,2006,May,6,06/05/2006,,16.30944,119.92063,TS1,,4,Dinoflagellate,Prorocentrum lima,DF-Prorocentrum lima,3
1065,2006,May,6,06/05/2006,,16.30944,119.92063,TS1,,4,Dinoflagellate,Protoperidinium conicum,DF-Protoperidinium conicum,5
1066,2006,May,6,06/05/2006,,16.30944,119.92063,TS1,,4,Dinoflagellate,Protoperidinium minutum,DF-Protoperidinium minutum,17
1067,2006,May,6,06/05/2006,,16.30944,119.92063,TS1,,4,Dinoflagellate,Protoperidinium latispinum,DF-Protoperidinium latispinum,18
1068,2006,May,6,06/05/2006,,16.30944,119.92063,TS1,,4,Dinoflagellate,Protoperidinium pallidum,DF-Protoperidinium pallidum,54
1069,2006,May,6,06/05/2006,,16.30944,119.92063,TS1,,4,Dinoflagellate,Protoperidinium pellucidum,DF-Protoperidinium pellucidum,10
1070,2006,May,6,06/05/2006,,16.30944,119.92063,TS1,,4,Dinoflagellate,Scrippsiella trochoidea,DF-Scrippsiella trochoidea,184
1071,2006,May,6,06/05/2006,,16.30944,119.92063,TS1,,4,Raphidophyte,Chattonnella subsalsa,RD-Chattonnella subsalsa,5
1072,2006,May,6,06/05/2006,,16.24643,119.9182,N2,,1,Diatom,Lioloma ,D-Lioloma ,212
1073,2006,May,6,06/05/2006,,16.24643,119.9182,N2,,1,Diatom,Navicula  spp.,D-Navicula  spp.,35
1074,2006,May,6,06/05/2006,,16.24643,119.9182,N2,,1,Cyanobacteria,Trichodesmium sp.,CYN-Trichodesmium sp.,195
1075,2006,May,6,06/05/2006,,16.22384,119.90494,B1,,1,Diatom,Leptocylindrus spp.,D-Leptocylindrus spp.,23717
1076,2006,May,6,06/05/2006,,16.22384,119.90494,B1,,1,Diatom,Plagiotropis,D-Plagiotropis,9
1077,2006,May,6,06/05/2006,,16.22384,119.90494,B1,,1,Diatom,Pleurosigma spp.,D-Pleurosigma spp.,18
1078,2006,May,6,06/05/2006,,16.22384,119.90494,B1,,1,Diatom,Rhizosolenia spp.,D-Rhizosolenia spp.,9
1079,2006,May,6,06/05/2006,,16.22384,119.90494,B1,,1,Diatom,Thalassionema spp.,D-Thalassionema spp.,18
1080,2006,May,6,06/05/2006,,16.22384,119.90494,B1,,1,Diatom,Thalassiosira spp.,D-Thalassiosira spp.,177
1081,2006,May,6,06/05/2006,,16.22384,119.90494,B1,,1,Dinoflagellate,Alexandrium spp.,DF-Alexandrium spp.,27
1082,2006,May,6,06/05/2006,,16.22384,119.90494,B1,,1,Raphidophyte,Heterocapsa circularisquama,RD-Heterocapsa circularisquama,9
1083,2006,May,6,06/05/2006,,16.22384,119.90494,B1,,1,Cyanobacteria,Trichodesmium sp.,CYN-Trichodesmium sp.,27
1084,2006,May,6,06/05/2006,,16.194,120.00394,V13,,1,Diatom,Chaetoceros spp.,D-Chaetoceros spp.,19
1085,2006,May,6,06/05/2006,,16.194,120.00394,V13,,1,Diatom,Navicula  spp.,D-Navicula  spp.,175
1086,2006,May,6,06/05/2006,,16.194,120.00394,V13,,1,Diatom,Pleurosigma spp.,D-Pleurosigma spp.,214
1087,2006,May,6,06/05/2006,,16.194,120.00394,V13,,1,Diatom,Pseudonitzschia spp.,D-Pseudonitzschia spp.,58
1088,2006,May,6,06/05/2006,,16.194,120.00394,V13,,1,Diatom,Plagiotropis,D-Plagiotropis,58
1089,2006,May,6,06/05/2006,,16.194,120.00394,V13,,1,Diatom,Thalassionema spp.,D-Thalassionema spp.,19
1090,2006,May,6,06/05/2006,,16.194,120.00394,V13,,1,Diatom,Thalassiosira spp.,D-Thalassiosira spp.,19
1091,2006,May,6,06/05/2006,,16.194,120.00394,V13,,1,Dinoflagellate,Alexandrium tamare1e,DF-Alexandrium tamare1e,39
1092,2006,May,6,06/05/2006,,16.194,120.00394,V13,,1,Dinoflagellate,Ostreopsis,DF-Ostreopsis,19
1093,2006,May,6,06/05/2006,,16.194,120.00394,V13,,1,Dinoflagellate,Prorocentrum micans,DF-Prorocentrum micans,19
1094,2006,May,6,06/05/2006,,16.194,120.00394,V13,,1,Dinoflagellate,Protoperidinium divergens,DF-Protoperidinium divergens,39
1095,2006,May,6,06/05/2006,,16.194,120.00394,V13,,1,Dinoflagellate,Protoperidinium latispinum,DF-Protoperidinium latispinum,19
1096,2006,May,6,06/05/2006,,16.194,120.00394,V13,,1,Dinoflagellate,Protoperidinium minutum,DF-Protoperidinium minutum,78
1097,2006,May,6,06/05/2006,,16.194,120.00394,V13,,1,Dinoflagellate,Protoperidinium pallidum,DF-Protoperidinium pallidum,39
1098,2006,May,6,06/05/2006,,16.194,120.00394,V13,,1,Dinoflagellate,Protoperidinium pellucidum,DF-Protoperidinium pellucidum,19
1099,2006,May,6,06/05/2006,,16.194,120.00394,V13,,1,Dinoflagellate,Pyrophacus,DF-Pyrophacus,19
1100,2006,May,6,06/05/2006,,16.194,120.00394,V13,,1,Dinoflagellate,Scrippsiella trochoidea,DF-Scrippsiella trochoidea,58
1101,2006,May,6,06/05/2006,,16.194,120.00394,V13,,1,Cyanobacteria,Trichodesmium sp.,CYN-Trichodesmium sp.,39
1102,2006,May,6,06/05/2006,,16.22793,119.98252,S10,,1,Diatom,Amphiprora co1tricta,D-Amphiprora co1tricta,34
1103,2006,May,6,06/05/2006,,16.22793,119.98252,S10,,1,Diatom,Amphora hyalina,D-Amphora hyalina,5
1104,2006,May,6,06/05/2006,,16.22793,119.98252,S10,,1,Diatom,Bacillaria sp.,D-Bacillaria sp.,34
1105,2006,May,6,06/05/2006,,16.22793,119.98252,S10,,1,Diatom,Licmophora,D-Licmophora,15
1106,2006,May,6,06/05/2006,,16.22793,119.98252,S10,,1,Diatom,Navicula 50um,D-Navicula 50um,15
1107,2006,May,6,06/05/2006,,16.22793,119.98252,S10,,1,Diatom,Nitzschia 100-130um,D-Nitzschia 100-130um,268
1108,2006,May,6,06/05/2006,,16.22793,119.98252,S10,,1,Diatom,Nitzschia 150um,D-Nitzschia 150um,5
1109,2006,May,6,06/05/2006,,16.22793,119.98252,S10,,1,Diatom,Nitzschia 250um,D-Nitzschia 250um,34
1110,2006,May,6,06/05/2006,,16.22793,119.98252,S10,,1,Diatom,Nitzschia 80um,D-Nitzschia 80um,5
1111,2006,May,6,06/05/2006,,16.22793,119.98252,S10,,1,Diatom,Nitzschia longissima,D-Nitzschia longissima,5
1112,2006,May,6,06/05/2006,,16.22793,119.98252,S10,,1,Diatom,Nitzschia rectilonga,D-Nitzschia rectilonga,19
1113,2006,May,6,06/05/2006,,16.22793,119.98252,S10,,1,Diatom,Pleurosigma 100,D-Pleurosigma 100,44
1114,2006,May,6,06/05/2006,,16.22793,119.98252,S10,,1,Diatom,Pleurosigma 130um,D-Pleurosigma 130um,5
1115,2006,May,6,06/05/2006,,16.22793,119.98252,S10,,1,Diatom,Pleurosigma 180um,D-Pleurosigma 180um,19
1116,2006,May,6,06/05/2006,,16.22793,119.98252,S10,,1,Diatom,Pleurosigma 230-250um,D-Pleurosigma 230-250um,34
1117,2006,May,6,06/05/2006,,16.22793,119.98252,S10,,1,Diatom,Skeletonema sp 2,D-Skeletonema sp. 2,10
1118,2006,May,6,06/05/2006,,16.22793,119.98252,S10,,1,Diatom,Surirella ovalis,D-Surirella ovalis,15
1119,2006,May,6,06/05/2006,,16.22793,119.98252,S10,,1,Diatom,Thalassiosira spp.,D-Thalassiosira spp.,5
1120,2006,May,6,06/05/2006,,16.22793,119.98252,S10,,1,Dinoflagellate,Alexandrium spp.,DF-Alexandrium spp.,73
1121,2006,May,6,06/05/2006,,16.22793,119.98252,S10,,1,Dinoflagellate,Diplopsalis orbicularis,DF-Diplopsalis orbicularis,73
1122,2006,May,6,06/05/2006,,16.22793,119.98252,S10,,1,Dinoflagellate,Gonyaulax verior,DF-Gonyaulax verior,15
1123,2006,May,6,06/05/2006,,16.22793,119.98252,S10,,1,Dinoflagellate,Gymnodinium sanguineum,DF-Gymnodinium sanguineum,5
1124,2006,May,6,06/05/2006,,16.22793,119.98252,S10,,1,Diatom,Odontella spp.,D-Odontella spp.,5
1125,2006,May,6,06/05/2006,,16.22793,119.98252,S10,,1,Dinoflagellate,Prorocentrum micans,DF-Prorocentrum micans,15
1126,2006,May,6,06/05/2006,,16.22793,119.98252,S10,,1,Dinoflagellate,Protoperidinium pellucidum,DF-Protoperidinium pellucidum,68
1127,2006,May,6,06/05/2006,,16.22793,119.98252,S10,,1,Dinoflagellate,Pyrophacus horolgium,DF-Pyrophacus horolgium,5
1128,2006,May,6,06/05/2006,,16.22793,119.98252,S10,,1,Dinoflagellate,Scrippsiella trochoidea,DF-Scrippsiella trochoidea,54
1129,2006,May,6,06/05/2006,,16.22793,119.98252,S10,,1,Raphidophyte,Chattonnella subsalsa,RD-Chattonnella subsalsa,19
1130,2006,May,6,06/05/2006,,16.33137,119.95809,SRR,,1,Diatom,Amphiprora alata,D-Amphiprora alata,4
1131,2006,May,6,06/05/2006,,16.33137,119.95809,SRR,,1,Diatom,Surirella ovalis,D-Surirella ovalis,4
1132,2006,May,6,06/05/2006,,16.33137,119.95809,SRR,,1,Diatom,Thalassiosira spp.,D-Thalassiosira spp.,4
1133,2006,May,6,06/05/2006,,16.33137,119.95809,SRR,,1,Dinoflagellate,Alexandrium spp.,DF-Alexandrium spp.,133
1134,2006,May,6,06/05/2006,,16.33137,119.95809,SRR,,1,Dinoflagellate,Alexandrium tamare1e-like,DF-Alexandrium tamare1e-like,27
1135,2006,May,6,06/05/2006,,16.33137,119.95809,SRR,,1,Dinoflagellate,Diplopsalis orbicularis,DF-Diplopsalis orbicularis,35
1136,2006,May,6,06/05/2006,,16.33137,119.95809,SRR,,1,Dinoflagellate,Prorocentrum micans,DF-Prorocentrum micans,22
1137,2006,May,6,06/05/2006,,16.33137,119.95809,SRR,,1,Dinoflagellate,Prorocentrum minimum,DF-Prorocentrum minimum,4
1138,2006,May,6,06/05/2006,,16.33137,119.95809,SRR,,1,Dinoflagellate,Protoperidinium bipes,DF-Protoperidinium bipes,9
1139,2006,May,6,06/05/2006,,16.33137,119.95809,SRR,,1,Dinoflagellate,Protoperidinium pellucidum,DF-Protoperidinium pellucidum,44
1140,2006,May,6,06/05/2006,,16.33137,119.95809,SRR,,1,Dinoflagellate,Scrippsiella trochoidea,DF-Scrippsiella trochoidea,93
1141,2006,May,6,06/05/2006,,16.33137,119.95809,SRR,,1,Raphidophyte,Chattonnella subsalsa,RD-Chattonnella subsalsa,13
1142,2006,May,6,06/05/2006,,16.33137,119.95809,SRR,,1,Cyanobacteria,Trichodesmium sp.,CYN-Trichodesmium sp.,4
1143,2006,May,6,06/05/2006,,16.30944,119.92063,TS1,,1,Dinoflagellate,Alexandrium spp.,DF-Alexandrium spp.,4252
1144,2006,May,6,06/05/2006,,16.30944,119.92063,TS1,,1,Dinoflagellate,Gonyaulax verior,DF-Gonyaulax verior,134
1145,2006,May,6,06/05/2006,,16.30944,119.92063,TS1,,1,Dinoflagellate,Peridinium quinquecorne,DF-Peridinium quinquecorne,134
1146,2006,May,6,06/05/2006,,16.30944,119.92063,TS1,,1,Dinoflagellate,Prorocentrum micans,DF-Prorocentrum micans,53
1147,2006,May,6,06/05/2006,,16.30944,119.92063,TS1,,1,Dinoflagellate,Prorocentrum minimum,DF-Prorocentrum minimum,179
1148,2006,May,6,06/05/2006,,16.30944,119.92063,TS1,,1,Dinoflagellate,Protoperidinium pellucidum,DF-Protoperidinium pellucidum,231
1149,2006,May,6,06/05/2006,,16.30944,119.92063,TS1,,1,Dinoflagellate,Scrippsiella trochoidea,DF-Scrippsiella trochoidea,2943
1150,2006,May,6,06/05/2006,,16.28601,119.93217,S1,,1,Diatom,Chaetoceros spp.,D-Chaetoceros spp.,6
1151,2006,May,6,06/05/2006,,16.34409,119.88182,S1,,1,Diatom,Pleurosigma spp.,D-Pleurosigma spp.,6
1152,2006,May,6,06/05/2006,,16.40217,119.83147,S1,,1,Diatom,Thalassiosira spp.,D-Thalassiosira spp.,13
1153,2006,May,6,06/05/2006,,16.46025,119.78112,S1,,1,Dinoflagellate,Alexandrium spp.,DF-Alexandrium spp.,566
1154,2006,May,6,06/05/2006,,16.51833,119.73077,S1,,1,Dinoflagellate,Alexandrium tamare1e-like,DF-Alexandrium tamare1e-like,19
1155,2006,May,6,06/05/2006,,16.57641,119.68042,S1,,1,Dinoflagellate,Diplopsalis orbicularis,DF-Diplopsalis orbicularis,13
1156,2006,May,6,06/05/2006,,16.63449,119.63007,S1,,1,Dinoflagellate,Gonyaulax verior,DF-Gonyaulax verior,30
1157,2006,May,6,06/05/2006,,16.69257,119.57972,S1,,1,Dinoflagellate,Prorocentrum micans,DF-Prorocentrum micans,19
1158,2006,May,6,06/05/2006,,16.75065,119.52937,S1,,1,Dinoflagellate,Protoperidinium latispinum,DF-Protoperidinium latispinum,55
1159,2006,May,6,06/05/2006,,16.80873,119.47902,S1,,1,Dinoflagellate,Protoperidinium pellucidum,DF-Protoperidinium pellucidum,105
1160,2006,May,6,06/05/2006,,16.86681,119.42867,S1,,1,Dinoflagellate,Scrippsiella trochoidea,DF-Scrippsiella trochoidea,265
1161,2006,May,6,06/05/2006,,16.92489,119.37832,S1,,1,Raphidophyte,Chattonnella subsalsa,RD-Chattonnella subsalsa,6
1162,2006,May,6,06/05/2006,,16.38339,119.91585,TS2,,1,Diatom,Leptocylindrus spp.,D-Leptocylindrus spp.,8280
1163,2006,May,6,06/05/2006,,16.38339,119.91585,TS2,,1,Dinoflagellate,Alexandrium spp.,DF-Alexandrium spp.,18
1164,2006,May,6,06/05/2006,,16.38339,119.91585,TS2,,1,Dinoflagellate,Diplopsalis orbicularis,DF-Diplopsalis orbicularis,18
1165,2006,May,6,06/05/2006,,16.38339,119.91585,TS2,,1,Dinoflagellate,Gonyaulax spinifera,DF-Gonyaulax spinifera,53
1166,2006,May,6,06/05/2006,,16.38339,119.91585,TS2,,1,Dinoflagellate,Gonyaulax verior,DF-Gonyaulax verior,18
1167,2006,May,6,06/05/2006,,16.38339,119.91585,TS2,,1,Dinoflagellate,Prorocentrum micans,DF-Prorocentrum micans,27
1168,2006,May,6,06/05/2006,,16.38339,119.91585,TS2,,1,Dinoflagellate,Protoperidinium latispinum,DF-Protoperidinium latispinum,27
1169,2006,May,6,06/05/2006,,16.38339,119.91585,TS2,,1,Dinoflagellate,Protoperidinium oceanicum,DF-Protoperidinium oceanicum,27
1170,2006,May,6,06/05/2006,,16.38339,119.91585,TS2,,1,Dinoflagellate,Protoperidinium subinerme,DF-Protoperidinium subinerme,115
1171,2006,May,6,06/05/2006,,16.38339,119.91585,TS2,,1,Dinoflagellate,Protoperidinium pellucidum,DF-Protoperidinium pellucidum,186
1172,2006,May,6,06/05/2006,,16.38339,119.91585,TS2,,1,Dinoflagellate,Scrippsiella trochoidea,DF-Scrippsiella trochoidea,44
1173,2006,Aug,3,03/08/2006,,16.38339,119.91585,TS2,,1,Diatom,Licmophora abbreviata,D-Licmophora abbreviata,9
1174,2006,Aug,3,03/08/2006,,16.38339,119.91585,TS2,,1,Diatom,Navicula  spp.,D-Navicula  spp.,18
1175,2006,Aug,3,03/08/2006,,16.38339,119.91585,TS2,,1,Diatom,Nitzschia spp.,D-Nitzschia spp.,35
1176,2006,Aug,3,03/08/2006,,16.38339,119.91585,TS2,,1,Diatom,Nitzschia longissima,D-Nitzschia longissima,18
1177,2006,Aug,3,03/08/2006,,16.38339,119.91585,TS2,,1,Diatom,Pleurosigma spp.,D-Pleurosigma spp.,18
1178,2006,Aug,3,03/08/2006,,16.38339,119.91585,TS2,,1,Diatom,Rhizosolenia spp.,D-Rhizosolenia spp.,27
1179,2006,Aug,3,03/08/2006,,16.38339,119.91585,TS2,,1,Diatom,Skeletonema sp 1,D-Skeletonema sp. 1,672
1180,2006,Aug,3,03/08/2006,,16.38339,119.91585,TS2,,1,Diatom,Triceratium,D-Triceratium,9
1181,2006,Aug,3,03/08/2006,,16.38339,119.91585,TS2,,1,Diatom,Thalassionema spp.,D-Thalassionema spp.,35
1182,2006,Aug,3,03/08/2006,,16.38339,119.91585,TS2,,1,Dinoflagellate,Alexandrium spp.,DF-Alexandrium spp.,62
1183,2006,Aug,3,03/08/2006,,16.38339,119.91585,TS2,,1,Dinoflagellate,Alexandrium tamare1e like 40um,DF-Alexandrium tamare1e like 40um,9
1184,2006,Aug,3,03/08/2006,,16.38339,119.91585,TS2,,1,Dinoflagellate,Diplopsalis orbicularis,DF-Diplopsalis orbicularis,9
1185,2006,Aug,3,03/08/2006,,16.38339,119.91585,TS2,,1,Dinoflagellate,Gymnodinium sanguineum,DF-Gymnodinium sanguineum,9
1186,2006,Aug,3,03/08/2006,,16.38339,119.91585,TS2,,1,Dinoflagellate,Gyrodinium spirale,DF-Gyrodinium spirale,18
1187,2006,Aug,3,03/08/2006,,16.38339,119.91585,TS2,,1,Dinoflagellate,Peridinium quinquecorne,DF-Peridinium quinquecorne,1610
1188,2006,Aug,3,03/08/2006,,16.38339,119.91585,TS2,,1,Dinoflagellate,Prorocentrum micans,DF-Prorocentrum micans,53
1189,2006,Aug,3,03/08/2006,,16.38339,119.91585,TS2,,1,Dinoflagellate,Protoperidinium oblongum,DF-Protoperidinium oblongum,9
1190,2006,Aug,3,03/08/2006,,16.38339,119.91585,TS2,,1,Dinoflagellate,Protoperidinium pallidum,DF-Protoperidinium pallidum,27
1191,2006,Aug,3,03/08/2006,,16.38339,119.91585,TS2,,1,Dinoflagellate,Protoperidinium pellucidum,DF-Protoperidinium pellucidum,35
1192,2006,Aug,3,03/08/2006,,16.38339,119.91585,TS2,,1,Dinoflagellate,Prontoperidinium pentagonum,DF-Prontoperidinium pentagonum,9
1193,2006,Aug,3,03/08/2006,,16.38339,119.91585,TS2,,4,Diatom,Chaetoceros spp.,D-Chaetoceros spp.,1473
1194,2006,Aug,3,03/08/2006,,16.38339,119.91585,TS2,,4,Diatom,Cylindricotheca closterium,D-Cylindricotheca closterium,40
1195,2006,Aug,3,03/08/2006,,16.38339,119.91585,TS2,,4,Diatom,Guinardia,D-Guinardia,20
1196,2006,Aug,3,03/08/2006,,16.38339,119.91585,TS2,,4,Diatom,Navicula  spp.,D-Navicula  spp.,40
1197,2006,Aug,3,03/08/2006,,16.38339,119.91585,TS2,,4,Diatom,Nitzschia spp.,D-Nitzschia spp.,2170
1198,2006,Aug,3,03/08/2006,,16.38339,119.91585,TS2,,4,Diatom,Nitzschia longissima,D-Nitzschia longissima,60
1199,2006,Aug,3,03/08/2006,,16.38339,119.91585,TS2,,4,Diatom,Pleurosigma spp.,D-Pleurosigma spp.,100
1200,2006,Aug,3,03/08/2006,,16.38339,119.91585,TS2,,4,Diatom,Rhizosolenia spp.,D-Rhizosolenia spp.,60
1201,2006,Aug,3,03/08/2006,,16.38339,119.91585,TS2,,4,Diatom,Skeletonema sp 1,D-Skeletonema sp. 1,41083
1202,2006,Aug,3,03/08/2006,,16.38339,119.91585,TS2,,4,Diatom,Skeletonema sp 2,D-Skeletonema sp. 2,1971
1203,2006,Aug,3,03/08/2006,,16.38339,119.91585,TS2,,4,Diatom,Thalassionema spp.,D-Thalassionema spp.,159
1204,2006,Aug,3,03/08/2006,,16.38339,119.91585,TS2,,4,Diatom,Thalassiosira spp.,D-Thalassiosira spp.,119
1205,2006,Aug,3,03/08/2006,,16.38339,119.91585,TS2,,4,Dinoflagellate,Alexandrium spp.,DF-Alexandrium spp.,239
1206,2006,Aug,3,03/08/2006,,16.38339,119.91585,TS2,,4,Dinoflagellate,Alexandrium tamare1e like 40um,DF-Alexandrium tamare1e like 40um,20
1207,2006,Aug,3,03/08/2006,,16.38339,119.91585,TS2,,4,Dinoflagellate,Ceratium lineatum,DF-Ceratium lineatum,20
1208,2006,Aug,3,03/08/2006,,16.38339,119.91585,TS2,,4,Dinoflagellate,Ceratium fusus,DF-Ceratium fusus,40
1209,2006,Aug,3,03/08/2006,,16.38339,119.91585,TS2,,4,Dinoflagellate,Ceratium trichoceros,DF-Ceratium trichoceros,20
1210,2006,Aug,3,03/08/2006,,16.38339,119.91585,TS2,,4,Dinoflagellate,Dinophysis caudata,DF-Dinophysis caudata,20
1211,2006,Aug,3,03/08/2006,,16.38339,119.91585,TS2,,4,Dinoflagellate,Diplopsalis orbicularis,DF-Diplopsalis orbicularis,20
1212,2006,Aug,3,03/08/2006,,16.38339,119.91585,TS2,,4,Dinoflagellate,Gonyaulax spinifera,DF-Gonyaulax spinifera,60
1213,2006,Aug,3,03/08/2006,,16.38339,119.91585,TS2,,4,Dinoflagellate,Peridinium quinquecorne,DF-Peridinium quinquecorne,796
1214,2006,Aug,3,03/08/2006,,16.38339,119.91585,TS2,,4,Dinoflagellate,Prorocentrum micans,DF-Prorocentrum micans,119
1215,2006,Aug,3,03/08/2006,,16.38339,119.91585,TS2,,4,Dinoflagellate,Protoperidinium latispinum,DF-Protoperidinium latispinum,60
1216,2006,Aug,3,03/08/2006,,16.38339,119.91585,TS2,,4,Dinoflagellate,Protoperidinium minutum,DF-Protoperidinium minutum,20
1217,2006,Aug,3,03/08/2006,,16.38339,119.91585,TS2,,4,Dinoflagellate,Protoperidinium oblongum,DF-Protoperidinium oblongum,20
1218,2006,Aug,3,03/08/2006,,16.38339,119.91585,TS2,,4,Dinoflagellate,Protoperidinium pallidum,DF-Protoperidinium pallidum,20
1219,2006,Aug,3,03/08/2006,,16.38339,119.91585,TS2,,4,Dinoflagellate,Protoperidinium pellucidum,DF-Protoperidinium pellucidum,119
1220,2006,Aug,3,03/08/2006,,16.38339,119.91585,TS2,,4,Dinoflagellate,Prontoperidinium pentagonum,DF-Prontoperidinium pentagonum,40
1221,2006,Aug,3,03/08/2006,,16.38339,119.91585,TS2,,4,Dinoflagellate,Pyrophacus horolgium,DF-Pyrophacus horolgium,40
1222,2006,Aug,3,03/08/2006,,16.38339,119.91585,TS2,,4,Dinoflagellate,Scrippsiella trochoidea,DF-Scrippsiella trochoidea,159
1223,2006,Aug,3,03/08/2006,,16.34775,119.93452,W9,,1,Diatom,Chaetoceros spp.,D-Chaetoceros spp.,15
1224,2006,Aug,3,03/08/2006,,16.34775,119.93452,W9,,1,Diatom,Cylindricotheca closterium,D-Cylindricotheca closterium,29
1225,2006,Aug,3,03/08/2006,,16.34775,119.93452,W9,,1,Diatom,Navicula  spp.,D-Navicula  spp.,44
1226,2006,Aug,3,03/08/2006,,16.34775,119.93452,W9,,1,Diatom,Nitzschia spp.,D-Nitzschia spp.,44
1227,2006,Aug,3,03/08/2006,,16.34775,119.93452,W9,,1,Diatom,Pleurosigma 150um,D-Pleurosigma 150um,15
1228,2006,Aug,3,03/08/2006,,16.34775,119.93452,W9,,1,Diatom,Pleurosigma 280um,D-Pleurosigma 280um,88
1229,2006,Aug,3,03/08/2006,,16.34775,119.93452,W9,,1,Diatom,Skeletonema sp 1,D-Skeletonema sp. 1,2389
1230,2006,Aug,3,03/08/2006,,16.34775,119.93452,W9,,1,Diatom,Skeletonema sp 2,D-Skeletonema sp. 2,147
1231,2006,Aug,3,03/08/2006,,16.34775,119.93452,W9,,1,Diatom,Thalassionema spp.,D-Thalassionema spp.,15
1232,2006,Aug,3,03/08/2006,,16.34775,119.93452,W9,,1,Diatom,Thalassiosira spp.,D-Thalassiosira spp.,44
1233,2006,Aug,3,03/08/2006,,16.34775,119.93452,W9,,1,Dinoflagellate,Gonyaulax verior,DF-Gonyaulax verior,649
1234,2006,Aug,3,03/08/2006,,16.34775,119.93452,W9,,1,Dinoflagellate,Peridinium quinquecorne,DF-Peridinium quinquecorne,10188
1235,2006,Aug,3,03/08/2006,,16.34775,119.93452,W9,,1,Dinoflagellate,Protoperidinium pellucidum,DF-Protoperidinium pellucidum,383
1236,2006,Aug,3,03/08/2006,,16.34775,119.93452,W9,,1,Dinoflagellate,Scrippsiella trochoidea,DF-Scrippsiella trochoidea,29
1237,2006,Aug,3,03/08/2006,,16.34775,119.93452,W9,,1,Raphidophyte,Chattonnella subsalsa,RD-Chattonnella subsalsa,44
1238,2006,Aug,3,03/08/2006,,16.34775,119.93452,W9,,1,Green algae,Scenedesmus dimorphus,GA-Scenedesmus dimorphus,15
1239,2006,Aug,3,03/08/2006,,16.98297,119.32797,S1,,1,Diatom,Chaetoceros spp.,D-Chaetoceros spp.,23
1240,2006,Aug,3,03/08/2006,,17.04105,119.27762,S1,,1,Diatom,Cylindricotheca closterium,D-Cylindricotheca closterium,11
1241,2006,Aug,3,03/08/2006,,17.09913,119.22727,S1,,1,Diatom,Navicula  spp.,D-Navicula  spp.,3
1242,2006,Aug,3,03/08/2006,,17.15721,119.17692,S1,,1,Diatom,Nitzschia longissima,D-Nitzschia longissima,7
1243,2006,Aug,3,03/08/2006,,17.21529,119.12657,S1,,1,Diatom,Skeletonoema sp 2,D-Skeletonema sp. 2,37
1244,2006,Aug,3,03/08/2006,,17.27337,119.07622,S1,,1,Diatom,Thalassionema spp.,D-Thalassionema spp.,2
1245,2006,Aug,3,03/08/2006,,17.33145,119.02587,S1,,1,Cyanobacteria,Trichodesmium sp.,CYN-Trichodesmium sp.,6
1246,2006,Aug,3,03/08/2006,,17.38953,118.97552,S1,,1,Green algae,Coelastrum microporum,GA-Coelastrum microporum,2
1247,2006,Aug,3,03/08/2006,,17.44761,118.92517,S1,,1,Green algae,Pediastrum simplex,GA-Pediastrum simplex,3
1248,2006,Aug,3,03/08/2006,,17.50569,118.87482,S1,,1,Green algae,Scenedesmus dimorphus,GA-Scenedesmus dimorphus,15
1249,2006,Aug,3,03/08/2006,,17.56377,118.82447,S1,,1,Green algae,Scenedesmus quadricauda,GA-Scenedesmus quadricauda,2
1250,2006,Aug,3,03/08/2006,,16.30944,119.92063,TS1A,,1,Diatom,Cylindricotheca closterium,D-Cylindricotheca closterium,44
1251,2006,Aug,3,03/08/2006,,16.30944,119.92063,TS1A,,1,Diatom,Navicula  spp.,D-Navicula  spp.,44
1252,2006,Aug,3,03/08/2006,,16.30944,119.92063,TS1A,,1,Diatom,Nitzschia 120um,D-Nitzschia 120um,9
1253,2006,Aug,3,03/08/2006,,16.30944,119.92063,TS1A,,1,Diatom,Pleurosigma 280um,D-Pleurosigma 280um,9
1254,2006,Aug,3,03/08/2006,,16.30944,119.92063,TS1A,,1,Diatom,Pleurosigma 120um,D-Pleurosigma 120um,27
1255,2006,Aug,3,03/08/2006,,16.30944,119.92063,TS1A,,1,Diatom,Rhizosolenia setigara,D-Rhizosolenia setigera,18
1256,2006,Aug,3,03/08/2006,,16.30944,119.92063,TS1A,,1,Diatom,Skeletonema sp1,D-Skeletonema sp. 1,1840
1257,2006,Aug,3,03/08/2006,,16.30944,119.92063,TS1A,,1,Diatom,Skeletonema sp2,D-Skeletonema sp. 2,53
1258,2006,Aug,3,03/08/2006,,16.30944,119.92063,TS1A,,1,Diatom,Thalassiosira spp.,D-Thalassiosira spp.,9
1259,2006,Aug,3,03/08/2006,,16.30944,119.92063,TS1A,,1,Dinoflagellate,Alexandrium spp.,DF-Alexandrium spp.,53
1260,2006,Aug,3,03/08/2006,,16.30944,119.92063,TS1A,,1,Dinoflagellate,Protoperidinium brevipes,DF-Protoperidinium brevipes,35
1261,2006,Aug,3,03/08/2006,,16.30944,119.92063,TS1A,,1,Dinoflagellate,Scrippsiella trochoidea,DF-Scrippsiella trochoidea,106
1262,2006,Aug,3,03/08/2006,,16.33137,119.95809,SRR,,1,Diatom,Chaetoceros spp.,D-Chaetoceros spp.,133
1263,2006,Aug,3,03/08/2006,,16.33137,119.95809,SRR,,1,Diatom,Cylindricotheca closterium,D-Cylindricotheca closterium,88
1264,2006,Aug,3,03/08/2006,,16.33137,119.95809,SRR,,1,Diatom,Navicula  spp.,D-Navicula  spp.,354
1265,2006,Aug,3,03/08/2006,,16.33137,119.95809,SRR,,1,Diatom,Nitzschia 40um,D-Nitzschia 40um,398
1266,2006,Aug,3,03/08/2006,,16.33137,119.95809,SRR,,1,Diatom,Pleurosigma spp.,D-Pleurosigma spp.,88
1267,2006,Aug,3,03/08/2006,,16.33137,119.95809,SRR,,1,Diatom,Skeletonema sp1,D-Skeletonema sp. 1,88287
1268,2006,Aug,3,03/08/2006,,16.33137,119.95809,SRR,,1,Diatom,Skeletonema sp2,D-Skeletonema sp. 2,1106
1269,2006,Aug,3,03/08/2006,,16.33137,119.95809,SRR,,1,Dinoflagellate,Peridinium quinquecorne,DF-Peridinium quinquecorne,531
1270,2006,Aug,3,03/08/2006,,16.33137,119.95809,SRR,,1,Dinoflagellate,Protoperidinium brevipes,DF-Protoperidinium brevipes,133
1271,2006,Aug,3,03/08/2006,,16.33137,119.95809,SRR,,1,Dinoflagellate,Protoperidinium pellucidum,DF-Protoperidinium pellucidum,619
1272,2006,Aug,3,03/08/2006,,16.33137,119.95809,SRR,,1,Dinoflagellate,Scrippsiella trochoidea,DF-Scrippsiella trochoidea,840
1273,2006,Aug,3,03/08/2006,,16.33419,119.94186,W2,,1,Diatom,Chaetoceros spp.,D-Chaetoceros spp.,74
1274,2006,Aug,3,03/08/2006,,16.33419,119.94186,W2,,1,Diatom,Cylindricotheca closterium,D-Cylindricotheca closterium,15
1275,2006,Aug,3,03/08/2006,,16.33419,119.94186,W2,,1,Diatom,Navicula  spp.,D-Navicula  spp.,15
1276,2006,Aug,3,03/08/2006,,16.33419,119.94186,W2,,1,Diatom,Nitzschia 130um,D-Nitzschia 130um,74
1277,2006,Aug,3,03/08/2006,,16.33419,119.94186,W2,,1,Diatom,Pleurosigma spp.,D-Pleurosigma spp.,29
1278,2006,Aug,3,03/08/2006,,16.33419,119.94186,W2,,1,Diatom,Skeletonema sp 1,D-Skeletonema sp. 1,7166
1279,2006,Aug,3,03/08/2006,,16.33419,119.94186,W2,,1,Diatom,Skeletonema sp 2,D-Skeletonema sp. 2,236
1280,2006,Aug,3,03/08/2006,,16.33419,119.94186,W2,,1,Diatom,Thalassiosira spp.,D-Thalassiosira spp.,15
1281,2006,Aug,3,03/08/2006,,16.33419,119.94186,W2,,1,Dinoflagellate,Diplopsalis orbicularis,DF-Diplopsalis orbicularis,15
1282,2006,Aug,3,03/08/2006,,16.33419,119.94186,W2,,1,Dinoflagellate,Gonyaulax spinifera,DF-Gonyaulax spinifera,29
1283,2006,Aug,3,03/08/2006,,16.33419,119.94186,W2,,1,Dinoflagellate,Gonyaulax verior,DF-Gonyaulax verior,1386
1284,2006,Aug,3,03/08/2006,,16.33419,119.94186,W2,,1,Dinoflagellate,Peridinium quinquecorne,DF-Peridinium quinquecorne,383
1285,2006,Aug,3,03/08/2006,,16.33419,119.94186,W2,,1,Dinoflagellate,Prorocentrum micans,DF-Prorocentrum micans,15
1286,2006,Aug,3,03/08/2006,,16.33419,119.94186,W2,,1,Dinoflagellate,Prorocentrum minimum,DF-Prorocentrum minimum,15
1287,2006,Aug,3,03/08/2006,,16.33419,119.94186,W2,,1,Dinoflagellate,Protoperidinium pallidum,DF-Protoperidinium pallidum,118
1288,2006,Aug,3,03/08/2006,,16.33419,119.94186,W2,,1,Dinoflagellate,Scrippsiella trochoidea,DF-Scrippsiella trochoidea,15
1289,2006,Aug,3,03/08/2006,,16.24709,119.91907,B2,,1,Diatom,Cyclotella meneghiniana,D-Cyclotella meneghiniana,10
1290,2006,Aug,3,03/08/2006,,16.24709,119.91907,B2,,1,Diatom,Cylindricotheca closterium,D-Cylindricotheca closterium,86
1291,2006,Aug,3,03/08/2006,,16.24709,119.91907,B2,,1,Diatom,Navicula  spp.,D-Navicula  spp.,121
1292,2006,Aug,3,03/08/2006,,16.24709,119.91907,B2,,1,Diatom,Nitzschia spp.,D-Nitzschia spp.,15
1293,2006,Aug,3,03/08/2006,,16.24709,119.91907,B2,,1,Diatom,Pleurosigma spp.,D-Pleurosigma spp.,3
1294,2006,Aug,3,03/08/2006,,16.24709,119.91907,B2,,1,Diatom,Skeletonoema sp 2,D-Skeletonema sp. 2,11
1295,2006,Aug,3,03/08/2006,,16.24709,119.91907,B2,,1,Dinoflagellate,Peridinium quinquecorne,DF-Peridinium quinquecorne,21
1296,2006,Aug,3,03/08/2006,,16.24709,119.91907,B2,,1,Dinoflagellate,Protoperidinium pellucidum,DF-Protoperidinium pellucidum,3
1297,2006,Aug,3,03/08/2006,,16.24709,119.91907,B2,,1,Dinoflagellate,Scrippsiella trochoidea,DF-Scrippsiella trochoidea,14
1298,2006,Aug,3,03/08/2006,,16.24709,119.91907,B2,,1,Blue-green algae,Merismopedia sp,BGA-Merismopedia sp,14
1299,2006,Aug,3,03/08/2006,,16.24709,119.91907,B2,,1,Blue-green algae,Lyngbya,BGA-Lyngbya,87
1300,2006,Aug,3,03/08/2006,,16.24709,119.91907,B2,,1,Cyanobacteria,Oscillatoria,CYN-Oscillatoria,11
1301,2006,Aug,3,03/08/2006,,16.24709,119.91907,B2,,1,Diatom,Actinastrum sp,D-Actinastrum sp,62
1302,2006,Aug,3,03/08/2006,,16.24709,119.91907,B2,,1,Green algae,Coelastrum microporum,GA-Coelastrum microporum,7
1303,2006,Aug,3,03/08/2006,,16.24709,119.91907,B2,,1,Green algae,Coelastrum reticulatum,GA-Coelastrum reticulatum,7
1304,2006,Aug,3,03/08/2006,,16.24709,119.91907,B2,,1,Green algae,Pediastrum simplex,GA-Pediastrum simplex,21
1305,2006,Aug,3,03/08/2006,,16.24709,119.91907,B2,,1,Green algae,Pediastrum sp,GA-Pediastrum sp,3
1306,2006,Aug,3,03/08/2006,,16.24709,119.91907,B2,,1,Green algae,Scenedesmus dimorphus,GA-Scenedesmus dimorphus,186
1307,2006,Aug,3,03/08/2006,,16.24709,119.91907,B2,,1,Green algae,Scenedesmus quadricauda,GA-Scenedesmus quadricauda,92
1308,2006,Aug,3,03/08/2006,,16.24709,119.91907,B2,,1,Euglenoid,Phacus longicauda,EUG-Phacus longicauda,28
1309,2006,Aug,3,03/08/2006,,16.24709,119.91907,B2,,1,Euglenoid,Trachelomonas spp,EUG-Trachelomonas spp,14
1310,2006,Aug,3,03/08/2006,,16.194,120.00394,V13,,1,Diatom,Amphiprora co1tricata,D-Amphiprora co1tricata,7
1311,2006,Aug,3,03/08/2006,,16.194,120.00394,V13,,1,Diatom,Amphora hyalina,D-Amphora hyalina,1
1312,2006,Aug,3,03/08/2006,,16.194,120.00394,V13,,1,Diatom,Chaetoceros spp.,D-Chaetoceros spp.,10
1313,2006,Aug,3,03/08/2006,,16.194,120.00394,V13,,1,Diatom,Cocconeis sp.,D-Cocconeis sp.,8
1314,2006,Aug,3,03/08/2006,,16.194,120.00394,V13,,1,Diatom,Coscinodiscus spp.,D-Coscinodiscus spp.,7
1315,2006,Aug,3,03/08/2006,,16.194,120.00394,V13,,1,Diatom,Cylindricotheca closterium,D-Cylindricotheca closterium,3
1316,2006,Aug,3,03/08/2006,,16.194,120.00394,V13,,1,Diatom,Diploneis sp,D-Diploneis sp,1
1317,2006,Aug,3,03/08/2006,,16.194,120.00394,V13,,1,Diatom,Guinardia,D-Guinardia,3
1318,2006,Aug,3,03/08/2006,,16.194,120.00394,V13,,1,Diatom,Manguinea,D-Manguinea,3
1319,2006,Aug,3,03/08/2006,,16.194,120.00394,V13,,1,Diatom,Leptocylindrus spp.,D-Leptocylindrus spp.,1
1320,2006,Aug,3,03/08/2006,,16.194,120.00394,V13,,1,Diatom,Navicula  spp.,D-Navicula  spp.,78
1321,2006,Aug,3,03/08/2006,,16.194,120.00394,V13,,1,Diatom,Nitzschia longissima,D-Nitzschia longissima,44
1322,2006,Aug,3,03/08/2006,,16.194,120.00394,V13,,1,Diatom,Nitzschia sp,D-Nitzschia sp,85
1323,2006,Aug,3,03/08/2006,,16.194,120.00394,V13,,1,Diatom,Plagiotropis,D-Plagiotropis,13
1324,2006,Aug,3,03/08/2006,,16.194,120.00394,V13,,1,Diatom,Pleurosigma spp.,D-Pleurosigma spp.,74
1325,2006,Aug,3,03/08/2006,,16.194,120.00394,V13,,1,Diatom,Surirella,D-Surirella,42
1326,2006,Aug,3,03/08/2006,,16.194,120.00394,V13,,1,Diatom,Triceratium,D-Triceratium,1
1327,2006,Aug,3,03/08/2006,,16.194,120.00394,V13,,1,Diatom,Skeletonema,D-Skeletonema,369
1328,2006,Aug,3,03/08/2006,,16.194,120.00394,V13,,1,Diatom,Thalassionema spp.,D-Thalassionema spp.,28
1329,2006,Aug,3,03/08/2006,,16.194,120.00394,V13,,1,Diatom,Thalassiosira spp.,D-Thalassiosira spp.,25
1330,2006,Aug,3,03/08/2006,,16.194,120.00394,V13,,1,Dinoflagellate,Ceratium horridum,DF-Ceratium horridum,1
1331,2006,Aug,3,03/08/2006,,16.194,120.00394,V13,,1,Dinoflagellate,Dinophysis caudata,DF-Dinophysis caudata,1
1332,2006,Aug,3,03/08/2006,,16.194,120.00394,V13,,1,Dinoflagellate,Diplopsalis orbicularis,DF-Diplopsalis orbicularis,23
1333,2006,Aug,3,03/08/2006,,16.194,120.00394,V13,,1,Dinoflagellate,Gonyaulax spinifera,DF-Gonyaulax spinifera,40
1334,2006,Aug,3,03/08/2006,,16.194,120.00394,V13,,1,Dinoflagellate,Peridinium quinquecorne,DF-Peridinium quinquecorne,221
1335,2006,Aug,3,03/08/2006,,16.194,120.00394,V13,,1,Dinoflagellate,Prorocentrum micans,DF-Prorocentrum micans,129
1336,2006,Aug,3,03/08/2006,,16.194,120.00394,V13,,1,Dinoflagellate,Protoperidinium bipes,DF-Protoperidinium bipes,10
1337,2006,Aug,3,03/08/2006,,16.194,120.00394,V13,,1,Dinoflagellate,Protoperidinium divergens,DF-Protoperidinium divergens,3
1338,2006,Aug,3,03/08/2006,,16.194,120.00394,V13,,1,Dinoflagellate,Protoperidinium latispinum,DF-Protoperidinium latispinum,6
1339,2006,Aug,3,03/08/2006,,16.194,120.00394,V13,,1,Dinoflagellate,Protoperidinium pallidum,DF-Protoperidinium pallidum,57
1340,2006,Aug,3,03/08/2006,,16.194,120.00394,V13,,1,Dinoflagellate,Protoperidinium pellucidum,DF-Protoperidinium pellucidum,4
1341,2006,Aug,3,03/08/2006,,16.194,120.00394,V13,,1,Dinoflagellate,Pyrophacus horolgium,DF-Pyrophacus horolgium,14
1342,2006,Aug,3,03/08/2006,,16.194,120.00394,V13,,1,Raphidophyte,Chattonnella subsalsa,RD-Chattonnella subsalsa,7
1343,2006,Aug,3,03/08/2006,,16.22793,119.98252,S10,,1,Diatom,Chaetoceros spp.,D-Chaetoceros spp.,1132
1344,2006,Aug,3,03/08/2006,,16.22793,119.98252,S10,,1,Diatom,Skeletonema,D-Skeletonema,12
1345,2006,Aug,3,03/08/2006,,16.22793,119.98252,S10,,1,Diatom,Thalassionema spp.,D-Thalassionema spp.,2
1346,2006,Nov,4,04/11/2006,,16.38339,119.91585,TS2,,1,Diatom,Chaetoceros spp.,D-Chaetoceros spp.,239
1347,2006,Nov,4,04/11/2006,,16.38339,119.91585,TS2,,1,Diatom,Cylindricotheca closterium,D-Cylindricotheca closterium,159
1348,2006,Nov,4,04/11/2006,,16.38339,119.91585,TS2,,1,Diatom,Helicotheca tamensis,D-Helicotheca tamensis,133
1349,2006,Nov,4,04/11/2006,,16.38339,119.91585,TS2,,1,Diatom,Leptocylindrus spp.,D-Leptocylindrus spp.,371
1350,2006,Nov,4,04/11/2006,,16.38339,119.91585,TS2,,1,Diatom,Pseudonitzschia spp.,D-Pseudonitzschia spp.,36376
1351,2006,Nov,4,04/11/2006,,16.38339,119.91585,TS2,,1,Diatom,Rhizosolenia spp.,D-Rhizosolenia spp.,1670
1352,2006,Nov,4,04/11/2006,,16.38339,119.91585,TS2,,1,Diatom,Skeletonema costatum,D-Skeletonema costatum,75934
1353,2006,Nov,4,04/11/2006,,16.38339,119.91585,TS2,,1,Dinoflagellate,Alexandrium tamare1e like,DF-Alexandrium tamare1e like,106
1354,2006,Nov,4,04/11/2006,,16.38339,119.91585,TS2,,1,Dinoflagellate,Alexandrium spp.,DF-Alexandrium spp.,80
1355,2006,Nov,4,04/11/2006,,16.38339,119.91585,TS2,,1,Dinoflagellate,Peridinium quinquecorne,DF-Peridinium quinquecorne,159
1356,2006,Nov,4,04/11/2006,,16.38339,119.91585,TS2,,1,Dinoflagellate,Protoperidinium latispinum,DF-Protoperidinium latispinum,27
1357,2006,Nov,4,04/11/2006,,16.38339,119.91585,TS2,,1,Dinoflagellate,Protoperidinium oblongum,DF-Protoperidinium oblongum,27
1358,2006,Nov,4,04/11/2006,,16.38339,119.91585,TS2,,1,Dinoflagellate,Protoperidinium pallidum,DF-Protoperidinium pallidum,212
1359,2006,Nov,4,04/11/2006,,16.38339,119.91585,TS2,,1,Dinoflagellate,Protoperidinium pellucidum,DF-Protoperidinium pellucidum,53
1360,2006,Nov,4,04/11/2006,,16.38339,119.91585,TS2,,1,Cyanobacteria,Oscillatoria,CYN-Oscillatoria,27
1361,2006,Nov,4,04/11/2006,,16.38339,119.91585,TS2,,4,Diatom,Chaetoceros spp.,D-Chaetoceros spp.,53
1362,2006,Nov,4,04/11/2006,,16.38339,119.91585,TS2,,4,Diatom,Nitzschia longissima,D-Nitzschia longissima,13
1363,2006,Nov,4,04/11/2006,,16.38339,119.91585,TS2,,4,Diatom,Helicotheca tamensis,D-Helicotheca tamensis,106
1364,2006,Nov,4,04/11/2006,,16.38339,119.91585,TS2,,4,Diatom,Leptocylindrus danicus,D-Leptocylindrus danicus,199
1365,2006,Nov,4,04/11/2006,,16.38339,119.91585,TS2,,4,Diatom,Nitzschia punge1 (70um),D-Nitzschia punge1 (70um),1114
1366,2006,Nov,4,04/11/2006,,16.38339,119.91585,TS2,,4,Diatom,Nitzschia 35-50,D-Nitzschia 35-50,4905
1367,2006,Nov,4,04/11/2006,,16.38339,119.91585,TS2,,4,Diatom,Rhizosolenia setigara,D-Rhizosolenia setigera,424
1368,2006,Nov,4,04/11/2006,,16.38339,119.91585,TS2,,4,Diatom,Skeletonema sp 1,D-Skeletonema sp. 1,40
1369,2006,Nov,4,04/11/2006,,16.38339,119.91585,TS2,,4,Diatom,Skeletonema sp 3,D-Skeletonema sp. 3,13416
1370,2006,Nov,4,04/11/2006,,16.38339,119.91585,TS2,,4,Diatom,Thalassionema spp.,D-Thalassionema spp.,40
1371,2006,Nov,4,04/11/2006,,16.38339,119.91585,TS2,,4,Dinoflagellate,Protoperidinium pellucidum,DF-Protoperidinium pellucidum,27
1372,2006,Nov,4,04/11/2006,,16.34775,119.93452,W9,,1,Diatom,Chaetoceros spp.,D-Chaetoceros spp.,716
1373,2006,Nov,4,04/11/2006,,16.34775,119.93452,W9,,1,Diatom,Cylindricotheca closterium,D-Cylindricotheca closterium,212
1374,2006,Nov,4,04/11/2006,,16.34775,119.93452,W9,,1,Diatom,Leptocylindrus spp.,D-Leptocylindrus spp.,133
1375,2006,Nov,4,04/11/2006,,16.34775,119.93452,W9,,1,Diatom,Navicula  spp.,D-Navicula  spp.,159
1376,2006,Nov,4,04/11/2006,,16.34775,119.93452,W9,,1,Diatom,Pseudonitzschia spp.,D-Pseudonitzschia spp.,44251
1377,2006,Nov,4,04/11/2006,,16.34775,119.93452,W9,,1,Diatom,Rhizosolenia spp.,D-Rhizosolenia spp.,265
1378,2006,Nov,4,04/11/2006,,16.34775,119.93452,W9,,1,Diatom,Skeletonema costatum,D-Skeletonema costatum,106398
1379,2006,Nov,4,04/11/2006,,16.34775,119.93452,W9,,1,Dinoflagellate,Peridinium quinquecorne,DF-Peridinium quinquecorne,10791
1380,2006,Nov,4,04/11/2006,,16.34775,119.93452,W9,,1,Dinoflagellate,Protoperidinium latispinum,DF-Protoperidinium latispinum,27
1381,2006,Nov,4,04/11/2006,,16.34775,119.93452,W9,,1,Dinoflagellate,Protoperidinium pallidum,DF-Protoperidinium pallidum,27
1382,2006,Nov,4,04/11/2006,,17.62185,118.77412,S1,,1,Diatom,Chaetoceros spp.,D-Chaetoceros spp.,2704
1383,2006,Nov,4,04/11/2006,,17.67993,118.72377,S1,,1,Diatom,Cylindricotheca closterium,D-Cylindricotheca closterium,146
1384,2006,Nov,4,04/11/2006,,17.73801,118.67342,S1,,1,Diatom,Leptocylindrus danicus,D-Leptocylindrus danicus,345
1385,2006,Nov,4,04/11/2006,,17.79609,118.62307,S1,,1,Diatom,Skeletonema costatum,D-Skeletonema costatum,663
1386,2006,Nov,4,04/11/2006,,17.85417,118.57272,S1,,1,Diatom,Thalassiosira spp.,D-Thalassiosira spp.,225
1387,2006,Nov,4,04/11/2006,,17.91225,118.52237,S1,,1,Dinoflagellate,Ceratium furca,DF-Ceratium furca,43933
1388,2006,Nov,4,04/11/2006,,17.97033,118.47202,S1,,1,Dinoflagellate,Dinophysis caudata,DF-Dinophysis caudata,186
1389,2006,Nov,4,04/11/2006,,18.02841,118.42167,S1,,1,Dinoflagellate,Gonyaulax spinifera,DF-Gonyaulax spinifera,106
1390,2006,Nov,4,04/11/2006,,18.08649,118.37132,S1,,1,Dinoflagellate,Gymnodinium sanguineum,DF-Gymnodinium sanguineum,13
1391,2006,Nov,4,04/11/2006,,18.14457,118.32097,S1,,1,Dinoflagellate,Peridinium quinquecorne,DF-Peridinium quinquecorne,133
1392,2006,Nov,4,04/11/2006,,18.20265,118.27062,S1,,1,Dinoflagellate,Protoperidinium depressum,DF-Protoperidinium depressum,40
1393,2006,Nov,4,04/11/2006,,18.26073,118.22027,S1,,1,Dinoflagellate,Protoperidinium divergens,DF-Protoperidinium divergens,80
1394,2006,Nov,4,04/11/2006,,18.31881,118.16992,S1,,1,Dinoflagellate,Protoperidinium latispinum,DF-Protoperidinium latispinum,66
1395,2006,Nov,4,04/11/2006,,18.37689,118.11957,S1,,1,Dinoflagellate,Protoperidinium pallidum,DF-Protoperidinium pallidum,424
1396,2006,Nov,4,04/11/2006,,18.43497,118.06922,S1,,1,Dinoflagellate,Protoperidinium pellucidum,DF-Protoperidinium pellucidum,239
1397,2006,Nov,4,04/11/2006,,18.49305,118.01887,S1,,1,Dinoflagellate,Pyrophacus horolgium,DF-Pyrophacus horolgium,159
1398,2006,Nov,4,04/11/2006,,18.55113,117.96852,S1,,1,Dinoflagellate,Scrippsiella trochoidea,DF-Scrippsiella trochoidea,106
1399,2006,Nov,4,04/11/2006,,18.60921,117.91817,S1,,1,Raphidophyte,Chattonnella subsalsa,RD-Chattonnella subsalsa,53
1400,2006,Nov,4,04/11/2006,,16.30944,119.92063,TS1,,1,Diatom,Chaetoceros spp.,D-Chaetoceros spp.,1335
1401,2006,Nov,4,04/11/2006,,16.30944,119.92063,TS1,,1,Diatom,Cylindricotheca closterium,D-Cylindricotheca closterium,530
1402,2006,Nov,4,04/11/2006,,16.30944,119.92063,TS1,,1,Diatom,Leptocylindrus danicus,D-Leptocylindrus danicus,27
1403,2006,Nov,4,04/11/2006,,16.30944,119.92063,TS1,,1,Diatom,Navicula spp.,D-Navicula  spp.,44
1404,2006,Nov,4,04/11/2006,,16.30944,119.92063,TS1,,1,Diatom,Pleurosigma spp,D-Pleurosigma spp.,18
1405,2006,Nov,4,04/11/2006,,16.30944,119.92063,TS1,,1,Diatom,Pseudonitzschia spp.,D-Pseudonitzschia spp.,1971
1406,2006,Nov,4,04/11/2006,,16.30944,119.92063,TS1,,1,Diatom,Rhizosolenia spp.,D-Rhizosolenia spp.,9
1407,2006,Nov,4,04/11/2006,,16.30944,119.92063,TS1,,1,Diatom,Skeletonema costatum,D-Skeletonema costatum,1670
1408,2006,Nov,4,04/11/2006,,16.30944,119.92063,TS1,,1,Diatom,Thalassiosira spp.,D-Thalassiosira spp.,106
1409,2006,Nov,4,04/11/2006,,16.30944,119.92063,TS1,,1,Dinoflagellate,Ceratium furca,DF-Ceratium furca,80
1410,2006,Nov,4,04/11/2006,,16.30944,119.92063,TS1,,1,Dinoflagellate,Ceratium teres,DF-Ceratium teres,327
1411,2006,Nov,4,04/11/2006,,16.30944,119.92063,TS1,,1,Dinoflagellate,Peridinium quinquecorne,DF-Peridinium quinquecorne,194
1412,2006,Nov,4,04/11/2006,,16.30944,119.92063,TS1,,1,Dinoflagellate,Prorocentrum minimum,DF-Prorocentrum minimum,53
1413,2006,Nov,4,04/11/2006,,16.30944,119.92063,TS1,,1,Dinoflagellate,Protoperidnium pallidum,DF-Protoperidnium pallidum,44
1414,2006,Nov,4,04/11/2006,,16.30944,119.92063,TS1,,1,Dinoflagellate,Protoperidnium pellucidum,DF-Protoperidnium pellucidum,9
1415,2006,Nov,4,04/11/2006,,16.30944,119.92063,TS1,,1,Dinoflagellate,Scrippsiella trochoidea,DF-Scrippsiella trochoidea,2236
1416,2006,Nov,4,04/11/2006,,16.30944,119.92063,TS1,,1,Raphidophyte,Chattonnella subsalsa,RD-Chattonnella subsalsa,18
1417,2006,Nov,4,04/11/2006,,16.33137,119.95809,SRR,,1,Diatom,Chaetoceros spp.,D-Chaetoceros spp.,901
1418,2006,Nov,4,04/11/2006,,16.33137,119.95809,SRR,,1,Diatom,Cylindricotheca closterium,D-Cylindricotheca closterium,1191
1419,2006,Nov,4,04/11/2006,,16.33137,119.95809,SRR,,1,Diatom,Leptocylindrus danicus,D-Leptocylindrus danicus,96
1420,2006,Nov,4,04/11/2006,,16.33137,119.95809,SRR,,1,Diatom,Navicula  spp.,D-Navicula  spp.,53
1421,2006,Nov,4,04/11/2006,,16.33137,119.95809,SRR,,1,Diatom,Nitzschia 40um,D-Nitzschia 40um,19514
1422,2006,Nov,4,04/11/2006,,16.33137,119.95809,SRR,,1,Diatom,Nitzschia 100um,D-Nitzschia 100um,53
1423,2006,Nov,4,04/11/2006,,16.33137,119.95809,SRR,,1,Diatom,Pleurosigma spp.,D-Pleurosigma spp.,53
1424,2006,Nov,4,04/11/2006,,16.33137,119.95809,SRR,,1,Diatom,Rhizosolenia setigara,D-Rhizosolenia setigera,149
1425,2006,Nov,4,04/11/2006,,16.33137,119.95809,SRR,,1,Diatom,Skeletonema sp 1,D-Skeletonema sp. 1,309
1426,2006,Nov,4,04/11/2006,,16.33137,119.95809,SRR,,1,Diatom,Skeletonema sp 3,D-Skeletonema sp. 3,79613
1427,2006,Nov,4,04/11/2006,,16.33137,119.95809,SRR,,1,Diatom,Pleurosigma 180um,D-Pleurosigma 180um,145
1428,2006,Nov,4,04/11/2006,,16.33137,119.95809,SRR,,1,Dinoflagellate,Amylax triacantha,DF-Amylax triacantha,133
1429,2006,Nov,4,04/11/2006,,16.33137,119.95809,SRR,,1,Dinoflagellate,Gymnodinium sanguineum,DF-Gymnodinium sanguineum,27
1430,2006,Nov,4,04/11/2006,,16.33137,119.95809,SRR,,1,Dinoflagellate,Protoperidinium brevipes,DF-Protoperidinium brevipes,123
1431,2006,Nov,4,04/11/2006,,16.33137,119.95809,SRR,,1,Dinoflagellate,Protoperidinium pallidum,DF-Protoperidinium pallidum,53
1432,2006,Nov,4,04/11/2006,,16.33137,119.95809,SRR,,1,Dinoflagellate,Scrippsiella trochoidea,DF-Scrippsiella trochoidea,2507
1433,2006,Nov,4,04/11/2006,,16.33419,119.94186,W2,,1,Diatom,Bacillaria sp.,D-Bacillaria sp.,106
1434,2006,Nov,4,04/11/2006,,16.33419,119.94186,W2,,1,Diatom,Chaetoceros spp.,D-Chaetoceros spp.,557
1435,2006,Nov,4,04/11/2006,,16.33419,119.94186,W2,,1,Diatom,Cylindricotheca closterium,D-Cylindricotheca closterium,80
1436,2006,Nov,4,04/11/2006,,16.33419,119.94186,W2,,1,Diatom,Leptocylindrus danicus,D-Leptocylindrus danicus,80
1437,2006,Nov,4,04/11/2006,,16.33419,119.94186,W2,,1,Diatom,Navicula  spp.,D-Navicula  spp.,186
1438,2006,Nov,4,04/11/2006,,16.33419,119.94186,W2,,1,Diatom,Nitzschia 40um,D-Nitzschia 40um,9677
1439,2006,Nov,4,04/11/2006,,16.33419,119.94186,W2,,1,Diatom,Pleurosigma spp.,D-Pleurosigma spp.,27
1440,2006,Nov,4,04/11/2006,,16.33419,119.94186,W2,,1,Diatom,Rhizosolenia setigara,D-Rhizosolenia setigera,53
1441,2006,Nov,4,04/11/2006,,16.33419,119.94186,W2,,1,Diatom,Skeletonema sp 3,D-Skeletonema sp. 3,16916
1442,2006,Nov,4,04/11/2006,,16.33419,119.94186,W2,,1,Diatom,Skeletonema sp 2,D-Skeletonema sp. 2,159
1443,2006,Nov,4,04/11/2006,,16.33419,119.94186,W2,,1,Diatom,Thalassionema spp.,D-Thalassionema spp.,80
1444,2006,Nov,4,04/11/2006,,16.33419,119.94186,W2,,1,Dinoflagellate,Peridinium quinquecorne,DF-Peridinium quinquecorne,27
1445,2006,Nov,4,04/11/2006,,16.33419,119.94186,W2,,1,Dinoflagellate,Protoperidinium brevipes,DF-Protoperidinium brevipes,1114
1446,2006,Nov,4,04/11/2006,,16.33419,119.94186,W2,,1,Dinoflagellate,Scrippsiella trochoidea,DF-Scrippsiella trochoidea,954
1447,2006,Nov,4,04/11/2006,,16.33419,119.94186,W2,,1,Cyanobacteria,Trichodesmium sp.,CYN-Trichodesmium sp.,27
1448,2006,Nov,4,04/11/2006,,16.22384,119.90494,B1,,1,Diatom,Chaetoceros spp.,D-Chaetoceros spp.,5979
1449,2006,Nov,4,04/11/2006,,16.22384,119.90494,B1,,1,Diatom,Hemiaulus,D-Hemiaulus,27
1450,2006,Nov,4,04/11/2006,,16.22384,119.90494,B1,,1,Diatom,Guinardia,D-Guinardia,13
1451,2006,Nov,4,04/11/2006,,16.22384,119.90494,B1,,1,Diatom,Melosira nummuloides,D-Melosira nummuloides,27
1452,2006,Nov,4,04/11/2006,,16.22384,119.90494,B1,,1,Diatom,Leptocylindrus danicus,D-Leptocylindrus danicus,4640
1453,2006,Nov,4,04/11/2006,,16.22384,119.90494,B1,,1,Diatom,Nitzschia sp - 110um,D-Nitzschia sp - 110um,13
1454,2006,Nov,4,04/11/2006,,16.24709,119.91907,B2,,1,Diatom,Chaetoceros spp.,D-Chaetoceros spp.,111
1455,2006,Nov,4,04/11/2006,,16.24709,119.91907,B2,,1,Diatom,Leptocylindrus danicus,D-Leptocylindrus danicus,2519
1456,2006,Nov,4,04/11/2006,,16.24709,119.91907,B2,,1,Diatom,Navicula spp,D-Navicula  spp.,16
1457,2006,Nov,4,04/11/2006,,16.24709,119.91907,B2,,1,Diatom,Pleurosigma sp 90um,D-Pleurosigma sp 90um,5
1458,2006,Nov,4,04/11/2006,,16.24709,119.91907,B2,,1,Diatom,Thalassionema spp.,D-Thalassionema spp.,5
1459,2006,Nov,4,04/11/2006,,16.24709,119.91907,B2,,1,Diatom,Thalassiosira sp 30um,D-Thalassiosira sp 30um,5
1460,2006,Nov,4,04/11/2006,,16.22793,119.98252,S10,,1,Diatom,Amphiprora alata,D-Amphiprora alata,5
1461,2006,Nov,4,04/11/2006,,16.22793,119.98252,S10,,1,Diatom,Amphiprora co1tricta,D-Amphiprora co1tricta,64
1462,2006,Nov,4,04/11/2006,,16.22793,119.98252,S10,,1,Diatom,Amphora hyalina,D-Amphora hyalina,27
1463,2006,Nov,4,04/11/2006,,16.22793,119.98252,S10,,1,Diatom,Bacillaria sp.,D-Bacillaria sp.,11
1464,2006,Nov,4,04/11/2006,,16.22793,119.98252,S10,,1,Diatom,Chaetoceros spp.,D-Chaetoceros spp.,5
1465,2006,Nov,4,04/11/2006,,16.22793,119.98252,S10,,1,Diatom,Coscinodiscus 70um,D-Coscinodiscus 70um,16
1466,2006,Nov,4,04/11/2006,,16.22793,119.98252,S10,,1,Diatom,Coscinodiscus 40um,D-Coscinodiscus 40um,37
1467,2006,Nov,4,04/11/2006,,16.22793,119.98252,S10,,1,Diatom,Guinardia,D-Guinardia,32
1468,2006,Nov,4,04/11/2006,,16.22793,119.98252,S10,,1,Diatom,Haslea sp.,D-Haslea sp.,11
1469,2006,Nov,4,04/11/2006,,16.22793,119.98252,S10,,1,Diatom,Hemialus hauckii,D-Hemialus hauckii,5
1470,2006,Nov,4,04/11/2006,,16.22793,119.98252,S10,,1,Diatom,Navicula  spp.,D-Navicula  spp.,11
1471,2006,Nov,4,04/11/2006,,16.22793,119.98252,S10,,1,Diatom,Nitzschia 120um,D-Nitzschia 120um,5
1472,2006,Nov,4,04/11/2006,,16.22793,119.98252,S10,,1,Diatom,Nitzschia longissima,D-Nitzschia longissima,5
1473,2006,Nov,4,04/11/2006,,16.22793,119.98252,S10,,1,Diatom,Nitzschia rectilonga,D-Nitzschia rectilonga,11
1474,2006,Nov,4,04/11/2006,,16.22793,119.98252,S10,,1,Diatom,Odontella spp.,D-Odontella spp.,5
1475,2006,Nov,4,04/11/2006,,16.22793,119.98252,S10,,1,Diatom,Diploneis sp,D-Diploneis sp,5
1476,2006,Nov,4,04/11/2006,,16.22793,119.98252,S10,,1,Diatom,Pleurosigma sp 90um,D-Pleurosigma sp 90um,42
1477,2006,Nov,4,04/11/2006,,16.22793,119.98252,S10,,1,Diatom,Pseudonitzschia spp.,D-Pseudonitzschia spp.,37
1478,2006,Nov,4,04/11/2006,,16.22793,119.98252,S10,,1,Diatom,Surirella ovalis,D-Surirella ovalis,32
1479,2006,Nov,4,04/11/2006,,16.22793,119.98252,S10,,1,Diatom,Thalassionema spp.,D-Thalassionema spp.,21
1480,2006,Nov,4,04/11/2006,,16.22793,119.98252,S10,,1,Diatom,Thalassiosira 30um-50um,D-Thalassiosira 30um-50um,111
1481,2006,Nov,4,04/11/2006,,16.22793,119.98252,S10,,1,Diatom,Thalassiosira 90um,D-Thalassiosira 90um,69
1482,2006,Nov,4,04/11/2006,,16.22793,119.98252,S10,,1,Dinoflagellate,Ceratium furca,DF-Ceratium furca,95
1483,2006,Nov,4,04/11/2006,,16.22793,119.98252,S10,,1,Dinoflagellate,Ceratium lineatum,DF-Ceratium lineatum,223
1484,2006,Nov,4,04/11/2006,,16.22793,119.98252,S10,,1,Dinoflagellate,Dinophysis caudata,DF-Dinophysis caudata,74
1485,2006,Nov,4,04/11/2006,,16.22793,119.98252,S10,,1,Dinoflagellate,Gonyaulax spinifera,DF-Gonyaulax spinifera,64
1486,2006,Nov,4,04/11/2006,,16.22793,119.98252,S10,,1,Dinoflagellate,Prorocentrum micans,DF-Prorocentrum micans,5
1487,2006,Nov,4,04/11/2006,,16.22793,119.98252,S10,,1,Dinoflagellate,Protoperidinium divergens,DF-Protoperidinium divergens,16
1488,2006,Nov,4,04/11/2006,,16.22793,119.98252,S10,,1,Dinoflagellate,Protoperidinium pallidum,DF-Protoperidinium pallidum,16
1489,2006,Nov,4,04/11/2006,,16.22793,119.98252,S10,,1,Dinoflagellate,Protoperinium pellucidum,DF-Protoperidnium pellucidum,85
1490,2006,Nov,4,04/11/2006,,16.22793,119.98252,S10,,1,Dinoflagellate,Pyrophacus horolgium,DF-Pyrophacus horolgium,21
1491,2006,Nov,4,04/11/2006,,16.22793,119.98252,S10,,1,Raphidophyte,Chattonnella subsalsa,RD-Chattonnella subsalsa,16
1492,2006,Nov,4,04/11/2006,,16.194,120.00394,V13,,1,Diatom,Amphiprora co1tricta,D-Amphiprora co1tricta,362
1493,2006,Nov,4,04/11/2006,,16.194,120.00394,V13,,1,Diatom,Amphiprora alata,D-Amphiprora alata,265
1494,2006,Nov,4,04/11/2006,,16.194,120.00394,V13,,1,Diatom,Amphora hyalina,D-Amphora hyalina,13
1495,2006,Nov,4,04/11/2006,,16.194,120.00394,V13,,1,Diatom,Bacillaria sp.,D-Bacillaria sp.,33
1496,2006,Nov,4,04/11/2006,,16.194,120.00394,V13,,1,Diatom,Chaetoceros spp.,D-Chaetoceros spp.,31
1497,2006,Nov,4,04/11/2006,,16.194,120.00394,V13,,1,Diatom,Coscinodiscus spp.,D-Coscinodiscus spp.,38
1498,2006,Nov,4,04/11/2006,,16.194,120.00394,V13,,1,Diatom,Cylindricotheca closterium,D-Cylindricotheca closterium,247
1499,2006,Nov,4,04/11/2006,,16.194,120.00394,V13,,1,Diatom,Ephemera planamembranaceous,D-Ephemera planamembranaceous,13
1500,2006,Nov,4,04/11/2006,,16.194,120.00394,V13,,1,Diatom,Guinardia,D-Guinardia,31
1501,2006,Nov,4,04/11/2006,,16.194,120.00394,V13,,1,Diatom,Haslea sp.,D-Haslea sp.,42
1502,2006,Nov,4,04/11/2006,,16.194,120.00394,V13,,1,Diatom,Hemialus hauckii,D-Hemialus hauckii,73
1503,2006,Nov,4,04/11/2006,,16.194,120.00394,V13,,1,Diatom,Navicula  spp.,D-Navicula  spp.,133
1504,2006,Nov,4,04/11/2006,,16.194,120.00394,V13,,1,Diatom,Nitzschia 80-100um,D-Nitzschia 80-100um,110
1505,2006,Nov,4,04/11/2006,,16.194,120.00394,V13,,1,Diatom,Nitzschia longissima,D-Nitzschia longissima,115
1506,2006,Nov,4,04/11/2006,,16.194,120.00394,V13,,1,Diatom,Nitzschia rectilonga,D-Nitzschia rectilonga,29
1507,2006,Nov,4,04/11/2006,,16.194,120.00394,V13,,1,Diatom,Diploneis sp,D-Diploneis sp,9
1508,2006,Nov,4,04/11/2006,,16.194,120.00394,V13,,1,Diatom,Pleurosigma 110um,D-Pleurosigma 110um,77
1509,2006,Nov,4,04/11/2006,,16.194,120.00394,V13,,1,Diatom,Pleurosigma 220um,D-Pleurosigma 220um,7
1510,2006,Nov,4,04/11/2006,,16.194,120.00394,V13,,1,Diatom,Pleurosigma 80um,D-Pleurosigma 80um,66
1511,2006,Nov,4,04/11/2006,,16.194,120.00394,V13,,1,Diatom,Pleurosigma sp 90um,D-Pleurosigma sp 90um,75
1512,2006,Nov,4,04/11/2006,,16.194,120.00394,V13,,1,Diatom,Rhizosolenia setigara,D-Rhizosolenia setigera,71
1513,2006,Nov,4,04/11/2006,,16.194,120.00394,V13,,1,Diatom,Skeletonema costatum,D-Skeletonema costatum,31
1514,2006,Nov,4,04/11/2006,,16.194,120.00394,V13,,1,Diatom,Surirella ovalis,D-Surirella ovalis,9
1515,2006,Nov,4,04/11/2006,,16.194,120.00394,V13,,1,Diatom,Thalassionema spp.,D-Thalassionema spp.,106
1516,2006,Nov,4,04/11/2006,,16.194,120.00394,V13,,1,Diatom,Thalassiosira 30um,D-Thalassiosira - 30um,9
1517,2006,Nov,4,04/11/2006,,16.194,120.00394,V13,,1,Diatom,Thalassiosira 70um,D-Thalassiosira - 70um,18
1518,2006,Nov,4,04/11/2006,,16.194,120.00394,V13,,1,Diatom,Thalassiosira 90um,D-Thalassiosira 90um,62
1519,2006,Nov,4,04/11/2006,,16.194,120.00394,V13,,1,Dinoflagellate,Ceratium lineatum,DF-Ceratium lineatum,104
1520,2006,Nov,4,04/11/2006,,16.194,120.00394,V13,,1,Dinoflagellate,Peridinium sp,DF-Peridinium sp.,7
1521,2009,May,1,01/05/2009,,16.37949,119.91196,BML1,,1,Diatom,Cocconeis sp.,D-Cocconeis sp.,14
1522,2009,May,1,01/05/2009,,16.37949,119.91196,BML1,,1,Diatom,Coscinodiscus spp.,D-Coscinodiscus spp.,28
1523,2009,May,1,01/05/2009,,16.37949,119.91196,BML1,,1,Dinoflagellate,Goniodema,DF-Goniodema,14
1524,2009,May,1,01/05/2009,,16.37949,119.91196,BML1,,1,Diatom,Rhizosolenia spp.,D-Rhizosolenia spp.,71
1525,2009,May,1,01/05/2009,,16.37949,119.91196,BML1,,1,Diatom,Skeletonema,D-Skeletonema,184
1526,2009,May,1,01/05/2009,,16.37949,119.91196,BML1,,1,Diatom,Thalassionema spp.,D-Thalassionema spp.,99
1527,2009,May,1,01/05/2009,,16.37949,119.91196,BML1,,1,Diatom,Thalassiosira spp.,D-Thalassiosira spp.,226
1528,2009,May,1,01/05/2009,,16.37949,119.91196,BML1,,1,Dinoflagellate,Protoperidinium oceanicum,DF-Protoperidinium oceanicum,14
1529,2009,May,1,01/05/2009,,16.37949,119.91196,BML1,,1,Dinoflagellate,Protoperidinium deppressum,DF-Protoperidinium depressum,57
1530,2009,May,1,01/05/2009,,16.37949,119.91196,BML1,,1,Dinoflagellate,Protoperidinium punculatum,DF-Protoperidinium punculatum,71
1531,2009,May,1,01/05/2009,,16.37949,119.91196,BML1,,1,Dinoflagellate,Protoperidinium pallidum,DF-Protoperidinium pallidum,184
1532,2009,May,1,01/05/2009,,16.37949,119.91196,BML1,,1,Dinoflagellate,Protoperidinium pellucidum,DF-Protoperidinium pellucidum,142
1533,2009,May,1,01/05/2009,,16.37949,119.91196,BML1,,1,Diatom,Chaetoceros spp.,D-Chaetoceros spp.,1005
1534,2009,May,1,01/05/2009,,16.37949,119.91196,BML1,,1,Diatom,Pseudonitzschia spp.,D-Pseudonitzschia spp.,807
1535,2009,May,1,01/05/2009,,16.37949,119.91196,BML1,,1,Diatom,Pleurosigma spp.,D-Pleurosigma spp.,14
1536,2009,May,1,01/05/2009,,16.37949,119.91196,BML1,,1,Diatom,Rhizosolenia spp.,D-Rhizosolenia spp.,71
1537,2009,May,1,01/05/2009,,16.37949,119.91196,BML1,,1,Diatom,Nitzschia spp.,D-Nitzschia spp.,1557
1538,2009,May,1,01/05/2009,,16.37949,119.91196,BML1,,1,Silicoflagellate,Favella sp.,SF-Favella sp.,14
1539,2009,May,1,01/05/2009,,16.37949,119.91196,BML1,,1,Dinoflagellate,Alexandrium spp.,DF-Alexandrium spp.,127
1540,2009,May,1,01/05/2009,,16.37949,119.91196,BML1,,1,Dinoflagellate,Ceratium furca,DF-Ceratium furca,57
1541,2009,May,1,01/05/2009,,16.37949,119.91196,BML1,,1,Dinoflagellate,Gonyaulax,DF-Gonyaulax,142
1542,2009,May,1,01/05/2009,,16.37949,119.91196,BML1,,1,Dinoflagellate,Prorocentrum micans,DF-Prorocentrum micans,920
1543,2009,May,1,01/05/2009,,16.37949,119.91196,BML1,,1,Dinoflagellate,prorocentrum sigmoides,DF-Prorocentrum sigmoides,42
1544,2009,May,1,01/05/2009,,16.37949,119.91196,BML1,,1,Diatom,Cylindricotheca closterium,D-Cylindricotheca closterium,14
1545,2009,May,1,01/05/2009,,16.37949,119.91196,BML1,,1,Dinoflagellate,Dinophysis acuminata,DF-Dinophysis acuminata,14
1546,2009,May,1,01/05/2009,,16.37949,119.91196,BML1,,1,Diatom,Thalassiosira spp.,D-Thalassiosira spp.,14
1547,2009,May,1,01/05/2009,,16.37949,119.91196,BML1,,1,Dinoflagellate,Protoperidinium latispinum,DF-Protoperidinium latispinum,28
1548,2009,May,1,01/05/2009,,16.37949,119.91196,BML1,,1,Raphidophyte,Chattonnella subsalsa,RD-Chattonnella subsalsa,14
1549,2009,May,1,01/05/2009,,16.37949,119.91196,BML1,,1,Dinoflagellate,Protoperidinium pallidum,DF-Protoperidinium pallidum,99
1550,2009,May,1,01/05/2009,,16.37949,119.91196,BML1,,1,Dinoflagellate,Protoperidinium pellucidum,DF-Protoperidinium pellucidum,524
1551,2009,May,1,01/05/2009,,16.37949,119.91196,BML1,,1,Diatom,Thalassionema spp.,D-Thalassionema spp.,800
1552,2009,May,1,01/05/2009,,16.37949,119.91196,BML1,,1,Dinoflagellate,Scrippsiella trochoidea,DF-Scrippsiella trochoidea,400
1553,2009,May,1,01/05/2009,,16.37949,119.91196,BML1,,1,Dinoflagellate,Protoperidnium pallidum,DF-Protoperidnium pallidum,400
1554,2009,May,1,01/05/2009,,16.37949,119.91196,BML1,,1,Dinoflagellate,Protoperidinium depressum,DF-Protoperidinium depressum,400
1555,2009,May,1,01/05/2009,,16.37949,119.91196,BML1,,1,Dinoflagellate,Prorocentrum micans,DF-Prorocentrum micans,1200
1556,2009,May,1,01/05/2009,,16.37949,119.91196,BML1,,1,Diatom,Navicula  spp.,D-Navicula  spp.,800
1557,2009,May,1,01/05/2009,,16.37949,119.91196,BML1,,1,Diatom,Fragilariopsis sp.,D-Fragilariopsis sp.,2400
1558,2009,May,1,01/05/2009,,16.37949,119.91196,BML1,,1,Dinoflagellate,Dinophysis caudata,DF-Dinophysis caudata,400
1559,2009,May,1,01/05/2009,,16.37949,119.91196,BML1,,1,Dinoflagellate,Ceratium furca,DF-Ceratium furca,800
1560,2009,May,1,01/05/2009,,16.38018,119.91021,BML2,,1,Diatom,Chaetoceros spp.,D-Chaetoceros spp.,42
1561,2009,May,1,01/05/2009,,16.38018,119.91021,BML2,,1,Diatom,Skeletonema,D-Skeletonema,57
1562,2009,May,1,01/05/2009,,16.38018,119.91021,BML2,,1,Diatom,Pseudonitzschia spp.,D-Pseudonitzschia spp.,0
1563,2009,May,1,01/05/2009,,16.38018,119.91021,BML2,,1,Diatom,Pleurosigma spp.,D-Pleurosigma spp.,184
1564,2009,May,1,01/05/2009,,16.38018,119.91021,BML2,,1,Diatom,Thalassiosira spp.,D-Thalassiosira spp.,28
1565,2009,May,1,01/05/2009,,16.38018,119.91021,BML2,,1,Diatom,Pseudonitzschia spp.,D-Pseudonitzschia spp.,14
1566,2009,May,1,01/05/2009,,16.38018,119.91021,BML2,,1,Diatom,Thalassionema spp.,D-Thalassionema spp.,14
1567,2009,May,1,01/05/2009,,16.38018,119.91021,BML2,,1,Dinoflagellate,Protoperidinium conicum,DF-Protoperidinium conicum,14
1568,2009,May,1,01/05/2009,,16.38018,119.91021,BML2,,1,Dinoflagellate,Protoperidinium sp.,DF-Protoperidinium sp.,14
1569,2009,May,1,01/05/2009,,16.38018,119.91021,BML2,,1,Dinoflagellate,Protoperidinium pallidum,DF-Protoperidinium pallidum,226
1570,2009,May,1,01/05/2009,,16.38018,119.91021,BML2,,1,Dinoflagellate,Protoperidinium pellucidum,DF-Protoperidinium pellucidum,85
1571,2009,May,1,01/05/2009,,16.38018,119.91021,BML2,,1,Dinoflagellate,Protoperidinium oceanicum,DF-Protoperidinium oceanicum,14
1572,2009,May,1,01/05/2009,,16.38018,119.91021,BML2,,1,Diatom,Bacillaria sp.,D-Bacillaria sp.,28
1573,2009,May,1,01/05/2009,,16.38018,119.91021,BML2,,1,Silicoflagellate,Favella sp.,SF-Favella sp.,42
1574,2009,May,1,01/05/2009,,16.38018,119.91021,BML2,,1,Diatom,Nitzschia spp.,D-Nitzschia spp.,368
1575,2009,May,1,01/05/2009,,16.38018,119.91021,BML2,,1,Diatom,Licmophora,D-Licmophora,14
1576,2009,May,1,01/05/2009,,16.38018,119.91021,BML2,,1,Diatom,Chaetoceros spp.,D-Chaetoceros spp.,255
1577,2009,May,1,01/05/2009,,16.38018,119.91021,BML2,,1,Diatom,Leptocylindrus spp.,D-Leptocylindrus spp.,42
1578,2009,May,1,01/05/2009,,16.38018,119.91021,BML2,,1,Diatom,Pseudonitzschia spp.,D-Pseudonitzschia spp.,481
1579,2009,May,1,01/05/2009,,16.38018,119.91021,BML2,,1,Diatom,Pleurosigma spp.,D-Pleurosigma spp.,28
1580,2009,May,1,01/05/2009,,16.38018,119.91021,BML2,,1,Diatom,Rhizosolenia spp.,D-Rhizosolenia spp.,85
1581,2009,May,1,01/05/2009,,16.38018,119.91021,BML2,,1,Diatom,Skeletonema,D-Skeletonema,14
1582,2009,May,1,01/05/2009,,16.38018,119.91021,BML2,,1,Dinoflagellate,Alexandrium spp.,DF-Alexandrium spp.,28
1583,2009,May,1,01/05/2009,,16.38018,119.91021,BML2,,1,Dinoflagellate,Ceratium furca,DF-Ceratium furca,57
1584,2009,May,1,01/05/2009,,16.38018,119.91021,BML2,,1,Dinoflagellate,Gonyaulax,DF-Gonyaulax,85
1585,2009,May,1,01/05/2009,,16.38018,119.91021,BML2,,1,Dinoflagellate,Gymnodinium catenatum,DF-Gymnodinium catenatum,57
1586,2009,May,1,01/05/2009,,16.38018,119.91021,BML2,,1,Dinoflagellate,Prorocentrum micans,DF-Prorocentrum micans,1090
1587,2009,May,1,01/05/2009,,16.38018,119.91021,BML2,,1,Diatom,Cylindricotheca closterium,D-Cylindricotheca closterium,28
1588,2009,May,1,01/05/2009,,16.38018,119.91021,BML2,,1,Dinoflagellate,Protoperidinium divergens,DF-Protoperidinium divergens,28
1589,2009,May,1,01/05/2009,,16.38018,119.91021,BML2,,1,Dinoflagellate,Protoperidinium sp.,DF-Protoperidinium sp.,28
1590,2009,May,1,01/05/2009,,16.38018,119.91021,BML2,,1,Dinoflagellate,Protoperidinium pallidum,DF-Protoperidinium pallidum,57
1591,2009,May,1,01/05/2009,,16.38018,119.91021,BML2,,1,Dinoflagellate,Protoperidinium pellucidum,DF-Protoperidinium pellucidum,170
1592,2009,May,1,01/05/2009,,16.38018,119.91021,BML2,,1,Dinoflagellate,Protoperidinium oceanicum,DF-Protoperidinium oceanicum,14
1593,2009,May,1,01/05/2009,,16.38018,119.91021,BML2,,1,Diatom,Thalassionema spp.,D-Thalassionema spp.,800
1594,2009,May,1,01/05/2009,,16.38018,119.91021,BML2,,1,Diatom,Pleurosigma spp.,D-Pleurosigma spp.,800
1595,2009,May,1,01/05/2009,,16.39578,119.90667,BML3,,1,Diatom,Chaetoceros spp.,D-Chaetoceros spp.,87
1596,2009,May,1,01/05/2009,,16.39578,119.90667,BML3,,1,Diatom,Guinardia,D-Guinardia,240
1597,2009,May,1,01/05/2009,,16.39578,119.90667,BML3,,1,Diatom,Pleurosigma spp.,D-Pleurosigma spp.,65
1598,2009,May,1,01/05/2009,,16.39578,119.90667,BML3,,1,Diatom,Rhizosolenia spp.,D-Rhizosolenia spp.,240
1599,2009,May,1,01/05/2009,,16.39578,119.90667,BML3,,1,Diatom,Fragilariopsis sp.,D-Fragilariopsis sp.,65
1600,2009,May,1,01/05/2009,,16.39578,119.90667,BML3,,1,Diatom,Thalassionema spp.,D-Thalassionema spp.,22
1601,2009,May,1,01/05/2009,,16.39578,119.90667,BML3,,1,Diatom,Thalassiosira spp.,D-Thalassiosira spp.,87
1602,2009,May,1,01/05/2009,,16.39578,119.90667,BML3,,1,Dinoflagellate,Protoperidinium sp.,DF-Protoperidinium sp.,109
1603,2009,May,1,01/05/2009,,16.39578,119.90667,BML3,,1,Silicoflagellate,Tintinopsis,SF-Tintinopsis,22
1604,2009,May,1,01/05/2009,,16.39578,119.90667,BML3,,1,Diatom,Chaetoceros spp.,D-Chaetoceros spp.,297
1605,2009,May,1,01/05/2009,,16.39578,119.90667,BML3,,1,Diatom,Bacillaria sp.,D-Bacillaria sp.,14
1606,2009,May,1,01/05/2009,,16.39578,119.90667,BML3,,1,Diatom,Pseudonitzschia spp.,D-Pseudonitzschia spp.,212
1607,2009,May,1,01/05/2009,,16.39578,119.90667,BML3,,1,Diatom,Rhizosolenia spp.,D-Rhizosolenia spp.,85
1608,2009,May,1,01/05/2009,,16.39578,119.90667,BML3,,1,Diatom,Thalassionema spp.,D-Thalassionema spp.,14
1609,2009,May,1,01/05/2009,,16.39578,119.90667,BML3,,1,Diatom,Thalassiosira spp.,D-Thalassiosira spp.,28
1610,2009,May,1,01/05/2009,,16.39578,119.90667,BML3,,1,Diatom,Nitzschia spp.,D-Nitzschia spp.,142
1611,2009,May,1,01/05/2009,,16.39578,119.90667,BML3,,1,Dinoflagellate,Alexandrium spp.,DF-Alexandrium spp.,42
1612,2009,May,1,01/05/2009,,16.39578,119.90667,BML3,,1,Dinoflagellate,Ceratium furca,DF-Ceratium furca,142
1613,2009,May,1,01/05/2009,,16.39578,119.90667,BML3,,1,Dinoflagellate,Protoperidinium sp.,DF-Protoperidinium sp.,42
1614,2009,May,1,01/05/2009,,16.39578,119.90667,BML3,,1,Dinoflagellate,Prorocentrum micans,DF-Prorocentrum micans,127
1615,2009,May,1,01/05/2009,,16.38509,119.91528,BML4,,1,Diatom,Chaetoceros spp.,D-Chaetoceros spp.,109
1616,2009,Jun,1,01/06/2009,,16.38509,119.91528,BML4,,1,Diatom,Cocconeis sp.,D-Cocconeis sp.,65
1617,2009,Jun,1,01/06/2009,,16.38509,119.91528,BML4,,1,Diatom,Pleurosigma spp.,D-Pleurosigma spp.,370
1618,2009,Jun,1,01/06/2009,,16.38509,119.91528,BML4,,1,Diatom,Navicula  spp.,D-Navicula  spp.,44
1619,2009,Jun,1,01/06/2009,,16.38509,119.91528,BML4,,1,Diatom,Diploneis sp,D-Diploneis sp,174
1620,2009,Jun,1,01/06/2009,,16.38509,119.91528,BML4,,1,Diatom,Guinardia,D-Guinardia,22
1621,2009,Jun,1,01/06/2009,,16.38509,119.91528,BML4,,1,Diatom,Fragilariopsis sp.,D-Fragilariopsis sp.,65
1622,2009,Jun,1,01/06/2009,,16.38509,119.91528,BML4,,1,Diatom,Pseudonitzschia spp.,D-Pseudonitzschia spp.,22
1623,2009,Jun,1,01/06/2009,,16.38509,119.91528,BML4,,1,Silicoflagellate,Tintinopsis,SF-Tintinopsis,22
1624,2009,Jun,1,01/06/2009,,16.38509,119.91528,BML4,,1,Diatom,Chaetoceros spp.,D-Chaetoceros spp.,71
1625,2009,Jun,1,01/06/2009,,16.38509,119.91528,BML4,,1,Diatom,Pseudonitzschia spp.,D-Pseudonitzschia spp.,297
1626,2009,Jun,1,01/06/2009,,16.38509,119.91528,BML4,,1,Diatom,Rhizosolenia spp.,D-Rhizosolenia spp.,28
1627,2009,Jun,1,01/06/2009,,16.38509,119.91528,BML4,,1,Diatom,Nitzschia spp.,D-Nitzschia spp.,113
1628,2009,Jun,1,01/06/2009,,16.38509,119.91528,BML4,,1,Diatom,Rhizosolenia spp.,D-Rhizosolenia spp.,28
1629,2009,Jun,1,01/06/2009,,16.38509,119.91528,BML4,,1,Diatom,Thalassionema spp.,D-Thalassionema spp.,99
1630,2009,Jun,1,01/06/2009,,16.38509,119.91528,BML4,,1,Dinoflagellate,Ceratium furca,DF-Ceratium furca,14
1631,2009,Jun,1,01/06/2009,,16.38509,119.91528,BML4,,1,Dinoflagellate,Alexandrium spp.,DF-Alexandrium spp.,42
1632,2009,Jun,1,01/06/2009,,16.38509,119.91528,BML4,,1,Dinoflagellate,Prorocentrum micans,DF-Prorocentrum micans,326
1633,2009,Jun,1,01/06/2009,,16.38509,119.91528,BML4,,1,Dinoflagellate,Prorocentrum gracile,DF-Prorocentrum gracile,85
1634,2009,Jun,1,01/06/2009,,16.38509,119.91528,BML4,,1,Dinoflagellate,Gonyaulax,DF-Gonyaulax,14
1635,2009,Jun,1,01/06/2009,,16.38509,119.91528,BML4,,1,Dinoflagellate,Protoperidinium latispinum,DF-Protoperidinium latispinum,14
1636,2009,Jun,1,01/06/2009,,16.38509,119.91528,BML4,,1,Dinoflagellate,Protoperidinium pellucidum,DF-Protoperidinium pellucidum,184
1637,2009,Jun,1,01/06/2009,,16.38509,119.91528,BML4,,1,Dinoflagellate,Protoperidinium pallidum,DF-Protoperidinium pallidum,28
1638,2009,Jun,1,01/06/2009,,16.38509,119.91528,BML4,,1,Dinoflagellate,Protoperidinium sp.,DF-Protoperidinium sp.,14
1639,2009,Jun,1,01/06/2009,,16.38509,119.91528,BML4,,1,Diatom,Thalassiosira spp.,D-Thalassiosira spp.,400
1640,2009,Jun,1,01/06/2009,,16.38509,119.91528,BML4,,1,Dinoflagellate,Protoperidnium pallidum,DF-Protoperidnium pallidum,400
1641,2009,Jun,1,01/06/2009,,16.38509,119.91528,BML4,,1,Dinoflagellate,Protoperidinium depressum,DF-Protoperidinium depressum,800
1642,2009,Jun,1,01/06/2009,,16.38509,119.91528,BML4,,1,Dinoflagellate,Protoperidinium conicum,DF-Protoperidinium conicum,400
1643,2009,Jun,1,01/06/2009,,16.38509,119.91528,BML4,,1,Diatom,Navicula  spp.,D-Navicula  spp.,800
1644,2009,Jun,1,01/06/2009,,16.38509,119.91528,BML4,,1,Diatom,Guinardia,D-Guinardia,400
1645,2009,Jun,1,01/06/2009,,16.38509,119.91528,BML4,,1,Diatom,Coscinodiscus spp.,D-Coscinodiscus spp.,400
1646,2009,Jun,1,01/06/2009,,16.38512,119.91445,BML5,,1,Diatom,Chaetoceros spp.,D-Chaetoceros spp.,142
1647,2009,Jun,1,01/06/2009,,16.38512,119.91445,BML5,,1,Diatom,Coscinodiscus spp.,D-Coscinodiscus spp.,71
1648,2009,Jun,1,01/06/2009,,16.38512,119.91445,BML5,,1,Diatom,Nitzschia spp.,D-Nitzschia spp.,35
1649,2009,Jun,1,01/06/2009,,16.38512,119.91445,BML5,,1,Diatom,Pleurosigma spp.,D-Pleurosigma spp.,177
1650,2009,Jun,1,01/06/2009,,16.38512,119.91445,BML5,,1,Diatom,Thalassiosira spp.,D-Thalassiosira spp.,354
1651,2009,Jun,1,01/06/2009,,16.38512,119.91445,BML5,,1,Diatom,Pseudonitzschia spp.,D-Pseudonitzschia spp.,106
1652,2009,Jun,1,01/06/2009,,16.38512,119.91445,BML5,,1,Diatom,Rhizosolenia spp.,D-Rhizosolenia spp.,106
1653,2009,Jun,1,01/06/2009,,16.38512,119.91445,BML5,,1,Diatom,Thalassionema spp.,D-Thalassionema spp.,248
1654,2009,Jun,1,01/06/2009,,16.38512,119.91445,BML5,,1,Dinoflagellate,Ceratium fusus,DF-Ceratium fusus,35
1655,2009,Jun,1,01/06/2009,,16.38512,119.91445,BML5,,1,Dinoflagellate,Dinophysis acuminata,DF-Dinophysis acuminata,35
1656,2009,Jun,1,01/06/2009,,16.38512,119.91445,BML5,,1,Dinoflagellate,Prorocentrum micans,DF-Prorocentrum micans,35
1657,2009,Jun,1,01/06/2009,,16.38512,119.91445,BML5,,1,Dinoflagellate,Prorocentrum sigmoides,DF-Prorocentrum sigmoides,35
1658,2009,Jun,1,01/06/2009,,16.38512,119.91445,BML5,,1,Dinoflagellate,Protoperidinium sp.,DF-Protoperidinium sp.,531
1659,2009,Jun,1,01/06/2009,,16.38512,119.91445,BML5,,1,Diatom,Chaetoceros spp.,D-Chaetoceros spp.,71
1660,2009,Jun,1,01/06/2009,,16.38512,119.91445,BML5,,1,Diatom,Pseudonitzschia spp.,D-Pseudonitzschia spp.,425
1661,2009,Jun,1,01/06/2009,,16.38512,119.91445,BML5,,1,Diatom,Pleurosigma spp.,D-Pleurosigma spp.,14
1662,2009,Jun,1,01/06/2009,,16.38512,119.91445,BML5,,1,Dinoflagellate,Alexandrium spp.,DF-Alexandrium spp.,28
1663,2009,Jun,1,01/06/2009,,16.38512,119.91445,BML5,,1,Dinoflagellate,Prorocentrum micans,DF-Prorocentrum micans,85
1664,2009,Jun,1,01/06/2009,,16.38512,119.91445,BML5,,1,Dinoflagellate,Prorocentrum gracile,DF-Prorocentrum gracile,71
1665,2009,Jun,1,01/06/2009,,16.38512,119.91445,BML5,,1,Dinoflagellate,Scrippsiella trochoidea,DF-Scrippsiella trochoidea,14
1666,2009,Jun,1,01/06/2009,,16.38512,119.91445,BML5,,1,Dinoflagellate,Gonyaulax,DF-Gonyaulax,14
1667,2009,Jun,1,01/06/2009,,16.38512,119.91445,BML5,,1,Dinoflagellate,Protoperidinium pellucidum,DF-Protoperidinium pellucidum,28
1668,2009,Jun,1,01/06/2009,,16.38512,119.91445,BML5,,1,Diatom,Thalassiosira spp.,D-Thalassiosira spp.,1600
1669,2009,Jun,1,01/06/2009,,16.38512,119.91445,BML5,,1,Diatom,Thalassionema spp.,D-Thalassionema spp.,5600
1670,2009,Jun,1,01/06/2009,,16.38512,119.91445,BML5,,1,Dinoflagellate,Prorocentrum micans,DF-Prorocentrum micans,800
1671,2009,Jun,1,01/06/2009,,16.38512,119.91445,BML5,,1,Diatom,Pleurosigma spp.,D-Pleurosigma spp.,400
1672,2009,Jun,1,01/06/2009,,16.38512,119.91445,BML5,,1,Diatom,Haslea sp.,D-Haslea sp.,400
1673,2009,Jun,1,01/06/2009,,16.38512,119.91445,BML5,,1,Dinoflagellate,Diplopsalis spp.,DF-Diplopsalis spp.,400
1674,2009,Jun,1,01/06/2009,,16.33837,119.93294,BML6,,1,Diatom,Chaetoceros spp.,D-Chaetoceros spp.,14
1675,2009,Jun,1,01/06/2009,,16.33837,119.93294,BML6,,1,Diatom,Skeletonema,D-Skeletonema,85
1676,2009,Jun,1,01/06/2009,,16.33837,119.93294,BML6,,1,Diatom,Pseudonitzschia spp.,D-Pseudonitzschia spp.,42
1677,2009,Jun,1,01/06/2009,,16.33837,119.93294,BML6,,1,Diatom,Pleurosigma spp.,D-Pleurosigma spp.,28
1678,2009,Jun,1,01/06/2009,,16.33837,119.93294,BML6,,1,Diatom,Thalassiosira spp.,D-Thalassiosira spp.,28
1679,2009,Jun,1,01/06/2009,,16.33837,119.93294,BML6,,1,Diatom,Pseudonitzschia spp.,D-Pseudonitzschia spp.,28
1680,2009,Jun,1,01/06/2009,,16.33837,119.93294,BML6,,1,Diatom,Rhizosolenia spp.,D-Rhizosolenia spp.,113
1681,2009,Jun,1,01/06/2009,,16.33837,119.93294,BML6,,1,Diatom,Thalassionema spp.,D-Thalassionema spp.,113
1682,2009,Jun,1,01/06/2009,,16.33837,119.93294,BML6,,1,Dinoflagellate,Protoperidinium depressum,DF-Protoperidinium depressum,57
1683,2009,Jun,1,01/06/2009,,16.33837,119.93294,BML6,,1,Dinoflagellate,Protoperidinium punculatum,DF-Protoperidinium punculatum,28
1684,2009,Jun,1,01/06/2009,,16.33837,119.93294,BML6,,1,Dinoflagellate,Protoperidinium pallidum,DF-Protoperidinium pallidum,127
1685,2009,Jun,1,01/06/2009,,16.33837,119.93294,BML6,,1,Dinoflagellate,Protoperidinium pellucidum,DF-Protoperidinium pellucidum,170
1686,2009,Jun,1,01/06/2009,,16.33837,119.93294,BML6,,1,Diatom,Chaetoceros spp.,D-Chaetoceros spp.,156
1687,2009,Jun,1,01/06/2009,,16.33837,119.93294,BML6,,1,Diatom,Skeletonema,D-Skeletonema,14
1688,2009,Jun,1,01/06/2009,,16.33837,119.93294,BML6,,1,Diatom,Pseudonitzschia spp.,D-Pseudonitzschia spp.,609
1689,2009,Jun,1,01/06/2009,,16.33837,119.93294,BML6,,1,Diatom,Navicula  spp.,D-Navicula  spp.,14
1690,2009,Jun,1,01/06/2009,,16.33837,119.93294,BML6,,1,Diatom,Thalassiosira spp.,D-Thalassiosira spp.,28
1691,2009,Jun,1,01/06/2009,,16.33837,119.93294,BML6,,1,Diatom,Pseudonitzschia spp.,D-Pseudonitzschia spp.,28
1692,2009,Jun,1,01/06/2009,,16.33837,119.93294,BML6,,1,Diatom,Leptocylindrus spp.,D-Leptocylindrus spp.,28
1693,2009,Jun,1,01/06/2009,,16.33837,119.93294,BML6,,1,Dinoflagellate,Gonyaulax spinifera,DF-Gonyaulax spinifera,57
1694,2009,Jun,1,01/06/2009,,16.33837,119.93294,BML6,,1,Dinoflagellate,Prorocentrum micans,DF-Prorocentrum micans,156
1695,2009,Jun,1,01/06/2009,,16.33837,119.93294,BML6,,1,Dinoflagellate,Gymnodinium,DF-Gymnodinium,28
1696,2009,Jun,1,01/06/2009,,16.33837,119.93294,BML6,,1,Raphidophyte,Chattonnella subsalsa,RD-Chattonnella subsalsa,28
1697,2009,Jun,1,01/06/2009,,16.33837,119.93294,BML6,,1,Dinoflagellate,Protoperidinium pellucidum,DF-Protoperidinium pellucidum,14
1698,2009,Jun,1,01/06/2009,,16.33837,119.93294,BML6,,1,Diatom,Thalassiosira spp.,D-Thalassiosira spp.,400
1699,2009,Jun,1,01/06/2009,,16.33837,119.93294,BML6,,1,Diatom,Thalassionema spp.,D-Thalassionema spp.,400
1700,2009,Jun,1,01/06/2009,,16.33837,119.93294,BML6,,1,Diatom,Pleurosigma spp.,D-Pleurosigma spp.,400
1701,2009,Jun,1,01/06/2009,,16.33837,119.93294,BML6,,1,Diatom,Haslea sp.,D-Haslea sp.,1600
1702,2009,Jun,1,01/06/2009,,16.33837,119.93294,BML6,,1,Diatom,Coscinodiscus spp.,D-Coscinodiscus spp.,800
1703,2009,Jun,1,01/06/2009,,16.37932,119.9267,BML7,,1,Diatom,Chaetoceros spp.,D-Chaetoceros spp.,510
1704,2009,Jun,1,01/06/2009,,16.37932,119.9267,BML7,,1,Diatom,Coscinodiscus spp.,D-Coscinodiscus spp.,28
1705,2009,Jun,1,01/06/2009,,16.37932,119.9267,BML7,,1,Diatom,Navicula  spp.,D-Navicula  spp.,14
1706,2009,Jun,1,01/06/2009,,16.37932,119.9267,BML7,,1,Diatom,Pleurosigma spp.,D-Pleurosigma spp.,42
1707,2009,Jun,1,01/06/2009,,16.37932,119.9267,BML7,,1,Diatom,Thalassiosira spp.,D-Thalassiosira spp.,212
1708,2009,Jun,1,01/06/2009,,16.37932,119.9267,BML7,,1,Diatom,Thalassionema spp.,D-Thalassionema spp.,42
1709,2009,Jun,1,01/06/2009,,16.37932,119.9267,BML7,,1,Diatom,Rhizosolenia spp.,D-Rhizosolenia spp.,170
1710,2009,Jun,1,01/06/2009,,16.37932,119.9267,BML7,,1,Diatom,Thalassionema spp.,D-Thalassionema spp.,113
1711,2009,Jun,1,01/06/2009,,16.37932,119.9267,BML7,,1,Dinoflagellate,Protoperidinium sp,DF-Protoperidinium sp.,297
1712,2009,Jun,1,01/06/2009,,16.37932,119.9267,BML7,,1,Dinoflagellate,Gonyaulax,DF-Gonyaulax,28
1713,2009,Jun,1,01/06/2009,,16.37932,119.9267,BML7,,1,Dinoflagellate,Protoperidinium pallidum,DF-Protoperidinium pallidum,14
1714,2009,Jun,1,01/06/2009,,16.37932,119.9267,BML7,,1,Dinoflagellate,Protoperidinium pellucidum,DF-Protoperidinium pellucidum,14
1715,2009,Jun,1,01/06/2009,,16.37932,119.9267,BML7,,1,Silicoflagellate,Tintinopsis,SF-Tintinopsis,57
1716,2009,Jun,1,01/06/2009,,16.37932,119.9267,BML7,,1,Diatom,Biddulphia,D-Biddulphia,29
1717,2009,Jun,1,01/06/2009,,16.37932,119.9267,BML7,,1,Dinoflagellate,Dissodinium,DF-Dissodinium,115
1718,2009,Jun,1,01/06/2009,,16.37932,119.9267,BML7,,1,Diatom,Chaetoceros spp.,D-Chaetoceros spp.,71
1719,2009,Jun,1,01/06/2009,,16.37932,119.9267,BML7,,1,Silicoflagellate,Favella sp.,SF-Favella sp.,28
1720,2009,Jun,1,01/06/2009,,16.37932,119.9267,BML7,,1,Diatom,Navicula  spp.,D-Navicula  spp.,28
1721,2009,Jun,1,01/06/2009,,16.37932,119.9267,BML7,,1,Diatom,Skeletonema,D-Skeletonema,14
1722,2009,Jun,1,01/06/2009,,16.37932,119.9267,BML7,,1,Diatom,Thalassiosira spp.,D-Thalassiosira spp.,42
1723,2009,Jun,1,01/06/2009,,16.37932,119.9267,BML7,,1,Silicoflagellate,Tintinopsis,SF-Tintinopsis,14
1724,2009,Jun,1,01/06/2009,,16.37932,119.9267,BML7,,1,Dinoflagellate,Alexandrium spp.,DF-Alexandrium spp.,42
1725,2009,Jun,1,01/06/2009,,16.37932,119.9267,BML7,,1,Dinoflagellate,Diplopsalis spp.,DF-Diplopsalis spp.,14
1726,2009,Jun,1,01/06/2009,,16.37932,119.9267,BML7,,1,Dinoflagellate,Gonyaulax,DF-Gonyaulax,28
1727,2009,Jun,1,01/06/2009,,16.37932,119.9267,BML7,,1,Dinoflagellate,Prorocentrum micans,DF-Prorocentrum micans,255
1728,2009,Jun,1,01/06/2009,,16.37932,119.9267,BML7,,1,Dinoflagellate,Protoperidinium sp,DF-Protoperidinium sp.,14
1729,2009,Jun,1,01/06/2009,,16.37932,119.9267,BML7,,1,Dinoflagellate,Protoperidinium pellucidum,DF-Protoperidinium pellucidum,57
1730,2009,Jun,1,01/06/2009,,16.37932,119.9267,BML7,,1,Cyanobacteria,Trichodesmium sp.,CYN-Trichodesmium sp.,14
1731,2009,Jun,1,01/06/2009,,16.37932,119.9267,BML7,,1,Diatom,Thalassionema spp.,D-Thalassionema spp.,4000
1732,2009,Jun,1,01/06/2009,,16.37932,119.9267,BML7,,1,Dinoflagellate,Protoperidnium pallidum,DF-Protoperidnium pallidum,800
1733,2009,Jun,1,01/06/2009,,16.37932,119.9267,BML7,,1,Diatom,Coscinodiscus spp.,D-Coscinodiscus spp.,3200
1734,2009,Jun,1,01/06/2009,,16.39365,119.89632,BML8,,1,Diatom,Chaetoceros spp.,D-Chaetoceros spp.,2359
1735,2009,Jun,1,01/06/2009,,16.39365,119.89632,BML8,,1,Diatom,Coscinodiscus spp.,D-Coscinodiscus spp.,42
1736,2009,Sep,1,01/09/2009,,16.39365,119.89632,BML8,,1,Diatom,Rhizosolenia spp.,D-Rhizosolenia spp.,71
1737,2009,Sep,1,01/09/2009,,16.39365,119.89632,BML8,,1,Diatom,Pleurosigma spp.,D-Pleurosigma spp.,14
1738,2009,Sep,1,01/09/2009,,16.39365,119.89632,BML8,,1,Diatom,Skeletonema,D-Skeletonema,57
1739,2009,Sep,1,01/09/2009,,16.39365,119.89632,BML8,,1,Diatom,Pseudonitzschia spp.,D-Pseudonitzschia spp.,14
1740,2009,Sep,1,01/09/2009,,16.39365,119.89632,BML8,,1,Diatom,Thalassiosira spp.,D-Thalassiosira spp.,340
1741,2009,Sep,1,01/09/2009,,16.39365,119.89632,BML8,,1,Dinoflagellate,Protoperidinium punculatum,DF-Protoperidinium punculatum,57
1742,2009,Sep,1,01/09/2009,,16.39365,119.89632,BML8,,1,Dinoflagellate,Protoperidinium depressum,DF-Protoperidinium depressum,57
1743,2009,Sep,1,01/09/2009,,16.39365,119.89632,BML8,,1,Dinoflagellate,Protoperidinium pallidum,DF-Protoperidinium pallidum,85
1744,2009,Sep,1,01/09/2009,,16.39365,119.89632,BML8,,1,Dinoflagellate,Protoperidinium pellucidum,DF-Protoperidinium pellucidum,85
1745,2009,Sep,1,01/09/2009,,16.39365,119.89632,BML8,,1,Dinoflagellate,Protoperidinium divergens,DF-Protoperidinium divergens,42
1746,2009,Sep,1,01/09/2009,,16.39365,119.89632,BML8,,1,Dinoflagellate,Prorocentrum micans,DF-Prorocentrum micans,14
1747,2009,Sep,1,01/09/2009,,16.39365,119.89632,BML8,,1,Diatom,Guinardia,D-Guinardia,28
1748,2009,Sep,1,01/09/2009,,16.39365,119.89632,BML8,,1,Diatom,Navicula  spp.,D-Navicula  spp.,14
1749,2009,Sep,1,01/09/2009,,16.39365,119.89632,BML8,,1,Diatom,Nitzschia spp.,D-Nitzschia spp.,14
1750,2009,Sep,1,01/09/2009,,16.39365,119.89632,BML8,,1,Diatom,Pleurosigma spp.,D-Pleurosigma spp.,14
1751,2009,Sep,1,01/09/2009,,16.39365,119.89632,BML8,,1,Dinoflagellate,Alexandrium spp.,DF-Alexandrium spp.,42
1752,2009,Sep,1,01/09/2009,,16.39365,119.89632,BML8,,1,Dinoflagellate,Prorocentrum micans,DF-Prorocentrum micans,99
1753,2009,Sep,1,01/09/2009,,16.39365,119.89632,BML8,,1,Silicoflagellate,Favella sp.,SF-Favella sp.,14
1754,2009,Sep,1,01/09/2009,,16.38512,119.91445,BML5,,1,Dinoflagellate,Ceratium furca,DF-Ceratium furca,400
1755,2009,Sep,1,01/09/2009,,,,BML9,,1,Diatom,Chaetoceros spp.,D-Chaetoceros spp.,71
1756,2009,Sep,1,01/09/2009,,,,BML9,,1,Diatom,Cocconeis sp.,D-Cocconeis sp.,14
1757,2009,Sep,1,01/09/2009,,,,BML9,,1,Diatom,Bacillaria sp.,D-Bacillaria sp.,14
1758,2009,Sep,1,01/09/2009,,,,BML9,,1,Diatom,Thalassionema spp.,D-Thalassionema spp.,14
1759,2009,Sep,1,01/09/2009,,,,BML9,,1,Diatom,Thalassiosira spp.,D-Thalassiosira spp.,269
1760,2009,Sep,1,01/09/2009,,,,BML9,,1,Dinoflagellate,Ceratium furca,DF-Ceratium furca,14
1761,2009,Sep,1,01/09/2009,,,,BML9,,1,Dinoflagellate,Prorocentrum micans,DF-Prorocentrum micans,71
1762,2009,Sep,1,01/09/2009,,,,BML9,,1,Dinoflagellate,Protoperidinium sp.,DF-Protoperidinium sp.,14
1763,2009,Sep,1,01/09/2009,,,,BML9,,1,Dinoflagellate,Protoperidinium oceanicum,DF-Protoperidinium oceanicum,28
1764,2009,Sep,1,01/09/2009,,,,BML9,,1,Dinoflagellate,Protoperidinium pallidum,DF-Protoperidinium pallidum,156
1765,2009,Sep,1,01/09/2009,,,,BML9,,1,Dinoflagellate,Protoperidinium pellucidum,DF-Protoperidinium pellucidum,71
1766,2009,Sep,1,01/09/2009,,,,BML9,,1,Diatom,Pleurosigma spp.,D-Pleurosigma spp.,28
1767,2009,Sep,1,01/09/2009,,,,BML9,,1,Dinoflagellate,Alexandrium spp.,DF-Alexandrium spp.,28
1768,2009,Sep,1,01/09/2009,,,,BML9,,1,Dinoflagellate,Ceratium fusus,DF-Ceratium fusus,14
1769,2009,May,1,01/05/2009,,,,BML10,,1,Diatom,Chaetoceros spp.,D-Chaetoceros spp.,241
1770,2009,May,1,01/05/2009,,,,BML10,,1,Diatom,Thalassionema spp.,D-Thalassionema spp.,28
1771,2009,May,1,01/05/2009,,,,BML10,,1,Diatom,Thalassiosira spp.,D-Thalassiosira spp.,241
1772,2009,May,1,01/05/2009,,,,BML10,,1,Dinoflagellate,Gonyaulax,DF-Gonyaulax,42
1773,2009,May,1,01/05/2009,,,,BML10,,1,Dinoflagellate,Prorocentrum micans,DF-Prorocentrum micans,85
1774,2009,May,1,01/05/2009,,,,BML10,,1,Dinoflagellate,Protoperidinium sp.,DF-Protoperidinium sp.,311
1775,2009,May,1,01/05/2009,,,,BML10,,1,Dinoflagellate,Protoperidinium divergens,DF-Protoperidinium divergens,42
1776,2009,May,1,01/05/2009,,,,BML10,,1,Dinoflagellate,Protoperidinium pyriformi,DF-Protoperidinium pyriforme,71
1777,2009,May,1,01/05/2009,,,,BML10,,1,Dinoflagellate,Protoperidinium pellucidum,DF-Protoperidinium pellucidum,85
1778,2009,May,1,01/05/2009,,,,BML10,,1,Silicoflagellate,Tintinopsis,SF-Tintinopsis,28
1779,2009,May,1,01/05/2009,,,,BML10,,1,Cyanobacteria,Trichodesmium sp.,CYN-Trichodesmium sp.,99
1780,2009,May,1,01/05/2009,,,,BML10,,1,Diatom,Nitzschia spp.,D-Nitzschia spp.,425
1781,2009,May,1,01/05/2009,,,,BML10,,1,Diatom,Pleurosigma spp.,D-Pleurosigma spp.,71
1782,2009,May,1,01/05/2009,,,,BML10,,1,Dinoflagellate,Ceratium furca,DF-Ceratium furca,14
1783,2009,May,1,01/05/2009,,,,BML10,,1,Dinoflagellate,Ceratium fusus,DF-Ceratium fusus,14
1784,2009,May,1,01/05/2009,,,,BML10,,1,Dinoflagellate,Gymnodinium catenatum,DF-Gymnodinium catenatum,14
1785,2009,May,1,01/05/2009,,,,BML10,,1,Dinoflagellate,Prorocentrum micans,DF-Prorocentrum micans,198
1786,2009,May,1,01/05/2009,,,,BML10,,1,Dinoflagellate,Protoperidinium pentagonum,DF-Protoperidinium pentagonum,14
1787,2009,May,1,01/05/2009,,,,BML10,,1,Diatom,Rhabdonema,D-Rhabdonema,156
1788,2009,May,1,01/05/2009,,,,BML10,,1,Dinoflagellate,Protoperidinium pellucidum,DF-Protoperidinium pellucidum,28
1789,2009,May,1,01/05/2009,,,,BML10,,1,Diatom,Cylindricotheca closterium,D-Cylindricotheca closterium,85
1790,2009,May,1,01/05/2009,,,,BML10,,1,Diatom,Nitzschia longisimma,D-Nitzschia longissima,28
1791,2010,Jan,1,01/01/2010,,16.34927,119.94606,W1,,1,Diatom,Chaetoceros spp.,D-Chaetoceros spp.,20
1792,2010,Jan,1,01/01/2010,,16.34927,119.94606,W1,,1,Diatom,Cylindricotheca closterium,D-Cylindricotheca closterium,20
1793,2010,Jan,1,01/01/2010,,16.34927,119.94606,W1,,1,Diatom,Ephemera sp.,D-Ephemera sp.,40
1794,2010,Jan,1,01/01/2010,,16.34927,119.94606,W1,,1,Diatom,Fragilariopsis sp.,D-Fragilariopsis sp.,20
1795,2010,Jan,1,01/01/2010,,16.34927,119.94606,W1,,1,Diatom,Pleurosigma spp.,D-Pleurosigma spp.,40
1796,2010,Jan,1,01/01/2010,,16.34927,119.94606,W1,,1,Diatom,Thalassiosira spp.,D-Thalassiosira spp.,40
1797,2010,Jan,1,01/01/2010,,16.37052,119.94857,W10,,1,Diatom,Leptocylindrus spp.,D-Leptocylindrus spp.,60
1798,2010,Jan,1,01/01/2010,,16.37052,119.94857,W10,,1,Diatom,Pleurosigma spp.,D-Pleurosigma spp.,40
1799,2010,Jan,1,01/01/2010,,16.37052,119.94857,W10,,1,Diatom,Rhizosolenia spp.,D-Rhizosolenia spp.,40
1800,2010,Jan,1,01/01/2010,,16.37052,119.94857,W10,,1,Diatom,Skeletonema costatum,D-Skeletonema costatum,40
1801,2010,Jan,1,01/01/2010,,16.37052,119.94857,W10,,1,Diatom,Thalassiosira spp.,D-Thalassiosira spp.,40
1802,2010,Jan,1,01/01/2010,,16.37052,119.94857,W10,,1,Diatom,Thalassiothrix,D-Thalassiothrix,40
1803,2010,Jan,1,01/01/2010,,16.37052,119.94857,W10,,1,Dinoflagellate,Protoperidinium pellucidum,DF-Protoperidinium pellucidum,20
1804,2010,Jan,1,01/01/2010,,16.37052,119.94857,W10,,1,Cyanobacteria,Trichodesmium sp.,CYN-Trichodesmium sp.,40
1805,2010,Jan,1,01/01/2010,,16.37052,119.94857,W10,,1,Silicoflagellate,Tintinopsis,SF-Tintinopsis,40
1806,2010,Jan,1,01/01/2010,,16.34775,119.93452,W9,,1,Diatom,Coscinodiscus spp.,D-Coscinodiscus spp.,40
1807,2010,Jan,1,01/01/2010,,16.34775,119.93452,W9,,1,Diatom,Pleurosigma spp.,D-Pleurosigma spp.,80
1808,2010,Jan,1,01/01/2010,,16.34775,119.93452,W9,,1,Diatom,Skeletonema costatum,D-Skeletonema costatum,260
1809,2010,Jan,1,01/01/2010,,16.34775,119.93452,W9,,1,Diatom,Thalassiosira spp.,D-Thalassiosira spp.,320
1810,2010,Jan,1,01/01/2010,,16.34775,119.93452,W9,,1,Dinoflagellate,Prorocentrum micans,DF-Prorocentrum micans,60
1811,2010,Jan,1,01/01/2010,,16.34775,119.93452,W9,,1,Dinoflagellate,Scrippsiella trochoidea,DF-Scrippsiella trochoidea,40
1812,2010,Jan,1,01/01/2010,,16.34775,119.93452,W9,,1,Silicoflagellate,Tintinopsis,SF-Tintinopsis,180
1813,2010,Jan,1,01/01/2010,,16.37949,119.91196,BML1,,1,Diatom,Coscinodiscus spp.,D-Coscinodiscus spp.,20
1814,2010,Jan,1,01/01/2010,,16.37949,119.91196,BML1,,1,Diatom,Fragilariopsis sp.,D-Fragilariopsis sp.,60
1815,2010,Jan,1,01/01/2010,,16.37949,119.91196,BML1,,1,Diatom,Rhizosolenia spp.,D-Rhizosolenia spp.,20
1816,2010,Jan,1,01/01/2010,,16.37949,119.91196,BML1,,1,Diatom,Skeletonema costatum,D-Skeletonema costatum,140
1817,2010,Jan,1,01/01/2010,,16.37949,119.91196,BML1,,1,Diatom,Thalassiosira spp.,D-Thalassiosira spp.,40
1818,2010,Jan,1,01/01/2010,,16.37949,119.91196,BML1,,1,Silicoflagellate,Tintinopsis,SF-Tintinopsis,40
1819,2010,Jan,1,01/01/2010,,16.32003,119.93384,W8,,1,Diatom,Pleurosigma spp.,D-Pleurosigma spp.,20
1820,2010,Jan,1,01/01/2010,,16.32003,119.93384,W8,,1,Diatom,Rhizosolenia spp.,D-Rhizosolenia spp.,80
1821,2010,Jan,1,01/01/2010,,16.32003,119.93384,W8,,1,Diatom,Thalassiosira spp.,D-Thalassiosira spp.,20
1822,2010,Jan,1,01/01/2010,,16.37073,119.93401,W3,,1,Diatom,Thalassiosira spp.,D-Thalassiosira spp.,220
1823,2010,Jan,1,01/01/2010,,16.37073,119.93401,W3,,1,Dinoflagellate,Alexandrium spp.,DF-Alexandrium spp.,20
1824,2010,Jan,1,01/01/2010,,16.37073,119.93401,W3,,1,Dinoflagellate,Prorocentrum micans,DF-Prorocentrum micans,20
1825,2010,Jan,1,01/01/2010,,16.30944,119.92063,TS1,,1,Diatom,Chaetoceros spp.,D-Chaetoceros spp.,40
1826,2010,Jan,1,01/01/2010,,16.30944,119.92063,TS1,,1,Diatom,Cylindricotheca closterium,D-Cylindricotheca closterium,20
1827,2010,Jan,1,01/01/2010,,16.30944,119.92063,TS1,,1,Diatom,Leptocylindrus spp.,D-Leptocylindrus spp.,40
1828,2010,Jan,1,01/01/2010,,16.30944,119.92063,TS1,,1,Diatom,Pleurosigma spp.,D-Pleurosigma spp.,40
1829,2010,Jan,1,01/01/2010,,16.30944,119.92063,TS1,,1,Diatom,Skeletonema costatum,D-Skeletonema costatum,400
1830,2010,Jan,1,01/01/2010,,16.30944,119.92063,TS1,,1,Diatom,Thalassiothrix,D-Thalassiothrix,100
1831,2010,Jan,1,01/01/2010,,16.30944,119.92063,TS1,,1,Silicoflagellate,Tintinopsis,SF-Tintinopsis,20
1832,2010,May,1,01/05/2010,,16.37073,119.93401,W3,,1,Diatom,Pseudonitzschia spp.,D-Pseudonitzschia spp.,3680
1833,2010,May,1,01/05/2010,,16.37073,119.93401,W3,,1,Dinoflagellate,Alexandrium spp.,DF-Alexandrium spp.,118000
1834,2010,May,1,01/05/2010,,16.37073,119.93401,W3,,1,Dinoflagellate,Gonyaulax polyedra,DF-Gonyaulax polyedra,400
1835,2010,May,1,01/05/2010,,16.37073,119.93401,W3,,1,Dinoflagellate,Protoperdinium latispinum,DF-Protoperidinium latispinum,20
1836,2010,May,1,01/05/2010,,16.37073,119.93401,W3,,1,Dinoflagellate,Protoperidinium pellucidum,DF-Protoperidinium pellucidum,200
1837,2010,May,1,01/05/2010,,16.38326,119.92616,LJC12,,1,Diatom,Pseudonitzschia spp.,D-Pseudonitzschia spp.,14429
1838,2010,May,1,01/05/2010,,16.38326,119.92616,LJC12,,1,Diatom,Skeletonema costatum,D-Skeletonema costatum,40
1839,2010,May,1,01/05/2010,,16.38326,119.92616,LJC12,,1,Dinoflagellate,Alexandrium spp.,DF-Alexandrium spp.,212000
1840,2010,May,1,01/05/2010,,16.38326,119.92616,LJC12,,NB,Diatom,Coscinodiscus spp.,D-Coscinodiscus spp.,20
1841,2010,May,1,01/05/2010,,16.38326,119.92616,LJC12,,NB,Diatom,Guinardia sp.,D-Guinardia sp.,40
1842,2010,May,1,01/05/2010,,16.38326,119.92616,LJC12,,NB,Diatom,Leptocylindrus spp.,D-Leptocylindrus spp.,40
1843,2010,May,1,01/05/2010,,16.38326,119.92616,LJC12,,NB,Diatom,Thalassiosira spp.,D-Thalassiosira spp.,60
1844,2010,May,1,01/05/2010,,16.38326,119.92616,LJC12,,NB,Dinoflagellate,Alexandrium spp.,DF-Alexandrium spp.,240
1845,2010,May,1,01/05/2010,,16.38326,119.92616,LJC12,,NB,Dinoflagellate,Gonyaulax polyedra,DF-Gonyaulax polyedra,40
1846,2010,May,1,01/05/2010,,16.38326,119.92616,LJC12,,NB,Dinoflagellate,Protoperidinium sp,DF-Protoperidinium sp.,40
1847,2010,May,1,01/05/2010,,16.38326,119.92616,LJC12,,NB,Dinoflagellate,Protoperidinium pellucidum,DF-Protoperidinium pellucidum,40
1848,2010,May,1,01/05/2010,,16.30944,119.92063,TS1,,1,Diatom,Navicula sp.,D-Navicula sp.,40
1849,2010,May,1,01/05/2010,,16.30944,119.92063,TS1,,1,Diatom,Odontella sp.,D-Odontella sp.,20
1850,2010,May,1,01/05/2010,,16.30944,119.92063,TS1,,1,Diatom,Pseudonitzschia spp.,D-Pseudonitzschia spp.,2700
1851,2010,May,1,01/05/2010,,16.30944,119.92063,TS1,,1,Diatom,Rhizosolenia spp.,D-Rhizosolenia spp.,1300
1852,2010,May,1,01/05/2010,,16.30944,119.92063,TS1,,1,Diatom,Thalassionema spp.,D-Thalassionema spp.,40
1853,2010,May,1,01/05/2010,,16.30944,119.92063,TS1,,1,Dinoflagellate,Alexandrium spp.,DF-Alexandrium spp.,7840
1854,2010,May,1,01/05/2010,,16.30944,119.92063,TS1,,1,Dinoflagellate,Gonyaulax polyedra,DF-Gonyaulax polyedra,100
1855,2010,May,1,01/05/2010,,16.30944,119.92063,TS1,,1,Dinoflagellate,Protoperidinium pellucidum,DF-Protoperidinium pellucidum,100
1856,2010,May,1,01/05/2010,,16.38326,119.92616,W1,,1,Diatom,Pseudonitzschia spp.,D-Pseudonitzschia spp.,14429
1857,2010,May,1,01/05/2010,,16.38326,119.92616,W1,,1,Diatom,Skeletonema costatum,D-Skeletonema costatum,40
1858,2010,May,1,01/05/2010,,16.38326,119.92616,W1,,1,Dinoflagellate,Alexandrium spp.,DF-Alexandrium spp.,21000
1859,2010,May,1,01/05/2010,,16.38326,119.92616,W1,,NB,Diatom,Coscinodiscus spp.,D-Coscinodiscus spp.,20
1860,2010,May,1,01/05/2010,,16.38326,119.92616,W1,,NB,Diatom,Guinardia sp.,D-Guinardia sp.,40
1861,2010,May,1,01/05/2010,,16.38326,119.92616,W1,,NB,Diatom,Leptocylindrus spp.,D-Leptocylindrus spp.,40
1862,2010,May,1,01/05/2010,,16.38326,119.92616,W1,,NB,Diatom,Thalassiosira spp.,D-Thalassiosira spp.,60
1863,2010,May,1,01/05/2010,,16.38326,119.92616,W1,,NB,Dinoflagellate,Alexandrium spp.,DF-Alexandrium spp.,240
1864,2010,May,1,01/05/2010,,16.38326,119.92616,W1,,NB,Dinoflagellate,Gonyaulax sp.,DF-Gonyaulax sp.,40
1865,2010,May,1,01/05/2010,,16.38326,119.92616,W1,,NB,Dinoflagellate,Protoperidinium sp.,DF-Protoperidinium sp.,40
1866,2010,May,1,01/05/2010,,16.38326,119.92616,W1,,NB,Dinoflagellate,Protoperidinium pellucidum,DF-Protoperidinium pellucidum,40
1867,2010,May,1,01/05/2010,,16.32003,119.93384,W8,,NB,Diatom,Coscinodiscus spp.,D-Coscinodiscus spp.,100
1868,2010,May,1,01/05/2010,,16.32003,119.93384,W8,,NB,Diatom,Pseudonitzschia spp.,D-Pseudonitzschia spp.,1220
1869,2010,May,1,01/05/2010,,16.32003,119.93384,W8,,NB,Diatom,Rhizosolenia spp.,D-Rhizosolenia spp.,2400
1870,2010,May,1,01/05/2010,,16.32003,119.93384,W8,,NB,Diatom,Thalassiosira spp.,D-Thalassiosira spp.,400
1871,2010,May,1,01/05/2010,,16.32003,119.93384,W8,,NB,Dinoflagellate,Alexandrium spp.,DF-Alexandrium spp.,4920
1872,2010,May,1,01/05/2010,,16.32003,119.93384,W8,,NB,Dinoflagellate,Gonyaulax polyedra,DF-Gonyaulax polyedra,40
1873,2010,May,1,01/05/2010,,16.32003,119.93384,W8,,NB,Dinoflagellate,Protoperidinium pallidum,DF-Protoperidinium pallidum,60
1874,2010,May,1,01/05/2010,,16.32003,119.93384,W8,,NB,Dinoflagellate,Protoperidinium pellucidum,DF-Protoperidinium pellucidum,80
1875,2010,May,1,01/05/2010,,16.32003,119.93384,W8,,NB,Cyanobacteria,Trichodesmium sp.,CYN-Trichodesmium sp.,40
1876,2010,May,1,01/05/2010,,16.37052,119.94857,W10,,1,Diatom,Pseudonitzschia spp.,D-Pseudonitzschia spp.,37833
1877,2010,May,1,01/05/2010,,16.37052,119.94857,W10,,1,Diatom,Rhizosolenia spp.,D-Rhizosolenia spp.,20
1878,2010,May,1,01/05/2010,,16.37052,119.94857,W10,,1,Dinoflagellate,Alexandrium spp.,DF-Alexandrium spp.,293000
1879,2010,May,1,01/05/2010,,16.38339,119.91585,TS2,,1,Diatom,Pseudonitzschia spp.,D-Pseudonitzschia spp.,31667
1880,2010,May,1,01/05/2010,,16.38339,119.91585,TS2,,1,Dinoflagellate,Alexandrium spp.,DF-Alexandrium spp.,63000
1881,2010,May,1,01/05/2010,,16.38339,119.91585,TS2,,1,Dinoflagellate,Gonyaulax polyedra,DF-Gonyaulax polyedra,20
1882,2010,May,1,01/05/2010,,16.38339,119.91585,TS2,,1,Dinoflagellate,Gyrodinium sp.,DF-Gyrodinium sp.,20
1883,2010,May,1,01/05/2010,,16.38339,119.91585,TS2,,1,Dinoflagellate,Heterocapsa sp.,DF-Heterocapsa sp.,40
1884,2010,May,1,01/05/2010,,16.38339,119.91585,TS2,,1,Dinoflagellate,Prorocentrum lima,DF-Prorocentrum lima,20
1885,2010,May,1,01/05/2010,,16.38339,119.91585,TS2,,1,Raphidophyte,Chattonnella subsalsa,RD-Chattonnella subsalsa,20
1886,2010,Jun,1,01/06/2010,,16.30944,119.92063,TS1,,1,Diatom,Chaetoceros spp.,D-Chaetoceros spp.,40
1887,2010,Jun,1,01/06/2010,,16.30944,119.92063,TS1,,1,Diatom,Coscinodiscus spp.,D-Coscinodiscus spp.,60
1888,2010,Jun,1,01/06/2010,,16.30944,119.92063,TS1,,1,Diatom,Nitzschia spp.,D-Nitzschia spp.,40
1889,2010,Jun,1,01/06/2010,,16.30944,119.92063,TS1,,1,Diatom,Skeletonema costatum,D-Skeletonema costatum,108500
1890,2010,Jun,1,01/06/2010,,16.30944,119.92063,TS1,,1,Diatom,Thalassiosira spp.,D-Thalassiosira spp.,4020
1891,2010,Jun,1,01/06/2010,,16.30944,119.92063,TS1,,1,Dinoflagellate,Alexandrium spp.,DF-Alexandrium spp.,240
1892,2010,Jun,1,01/06/2010,,16.30944,119.92063,TS1,,1,Dinoflagellate,Gonyaulax polyedra,DF-Gonyaulax polyedra,120
1893,2010,Jun,1,01/06/2010,,16.30944,119.92063,TS1,,1,Dinoflagellate,Heterocapsa sp.,DF-Heterocapsa sp.,40
1894,2010,Jun,1,01/06/2010,,16.30944,119.92063,TS1,,1,Dinoflagellate,Protoperidinium conicum,DF-Protoperidinium conicum,40
1895,2010,Jun,1,01/06/2010,,16.30944,119.92063,TS1,,1,Dinoflagellate,Protoperdinium latispinum,DF-Protoperidinium latispinum,80
1896,2010,Jun,1,01/06/2010,,16.30944,119.92063,TS1,,1,Dinoflagellate,Protoperidinium pellucidum,DF-Protoperidinium pellucidum,40
1897,2010,Jun,1,01/06/2010,,16.30944,119.92063,TS1,,1,Dinoflagellate,Protoperidinium pentagonum,DF-Protoperidinium pentagonum,20
1898,2010,Jun,1,01/06/2010,,16.30944,119.92063,TS1,,1,Dinoflagellate,Scrippsiella trochoidea,DF-Scrippsiella trochoidea,260
1899,2010,Jun,1,01/06/2010,,16.30944,119.92063,TS1,,1,Raphidophyte,Chattonnella subsalsa,RD-Chattonnella subsalsa,260
1900,2010,Jun,1,01/06/2010,,16.30944,119.92063,TS1,,NB,Diatom,Coscinodiscus spp.,D-Coscinodiscus spp.,80
1901,2010,Jun,1,01/06/2010,,16.30944,119.92063,TS1,,NB,Diatom,Nitzschia spp.,D-Nitzschia spp.,20
1902,2010,Jun,1,01/06/2010,,16.30944,119.92063,TS1,,NB,Diatom,Ditylum sp.,D-Ditylum sp.,40
1903,2010,Jun,1,01/06/2010,,16.30944,119.92063,TS1,,NB,Diatom,Rhizosolenia spp.,D-Rhizosolenia spp.,6000
1904,2010,Jun,1,01/06/2010,,16.30944,119.92063,TS1,,NB,Diatom,Skeletonema costatum,D-Skeletonema costatum,49250
1905,2010,Jun,1,01/06/2010,,16.30944,119.92063,TS1,,NB,Diatom,Thalassiosira spp.,D-Thalassiosira spp.,15313
1906,2010,Jun,1,01/06/2010,,16.30944,119.92063,TS1,,NB,Dinoflagellate,Gyrodinium spirale,DF-Gyrodinium spirale,100
1907,2010,Jun,1,01/06/2010,,16.30944,119.92063,TS1,,NB,Dinoflagellate,Phalacroma sp.,DF-Phalacroma sp.,120
1908,2010,Jun,1,01/06/2010,,16.30944,119.92063,TS1,,NB,Dinoflagellate,Protoperdinium latispinum,DF-Protoperidinium latispinum,20
1909,2010,Jun,1,01/06/2010,,16.30944,119.92063,TS1,,NB,Dinoflagellate,Protoperidinium pentagonum,DF-Protoperidinium pentagonum,40
1910,2010,Jun,1,01/06/2010,,16.30944,119.92063,TS1,,NB,Cyanobacteria,Trichodesmium sp.,CYN-Trichodesmium sp.,20
1911,2010,Jun,1,01/06/2010,,16.3811,119.9136,BML1,,1,Diatom,Pleurosigma spp.,D-Pleurosigma spp.,40
1912,2010,Jun,1,01/06/2010,,16.3811,119.9136,BML1,,1,Diatom,Rhizosolenia spp.,D-Rhizosolenia spp.,25000
1913,2010,Jun,1,01/06/2010,,16.3811,119.9136,BML1,,1,Diatom,Skeletonema costatum,D-Skeletonema costatum,16300
1914,2010,Jun,1,01/06/2010,,16.3811,119.9136,BML1,,1,Diatom,Thalassiosira spp.,D-Thalassiosira spp.,3040
1915,2010,Jun,1,01/06/2010,,16.3811,119.9136,BML1,,1,Dinoflagellate,Alexandrium spp.,DF-Alexandrium spp.,100
1916,2010,Jun,1,01/06/2010,,16.3811,119.9136,BML1,,1,Dinoflagellate,Gonyaulax polyedra,DF-Gonyaulax polyedra,40
1917,2010,Jun,1,01/06/2010,,16.3811,119.9136,BML1,,1,Dinoflagellate,Gymnodinium catenatum,DF-Gymnodinium catenatum,20
1918,2010,Jun,1,01/06/2010,,16.3811,119.9136,BML1,,1,Dinoflagellate,Phalacroma sp.,DF-Phalacroma sp.,40
1919,2010,Jun,1,01/06/2010,,16.3811,119.9136,BML1,,1,Dinoflagellate,Protoperidinium pellucidum,DF-Protoperidinium pellucidum,100
1920,2010,Jun,1,01/06/2010,,16.3811,119.9136,BML1,,NB,Diatom,Coscinodiscus spp.,D-Coscinodiscus spp.,40
1921,2010,Jun,1,01/06/2010,,16.3811,119.9136,BML1,,NB,Diatom,Rhizosolenia spp.,D-Rhizosolenia spp.,17333
1922,2010,Jun,1,01/06/2010,,16.3811,119.9136,BML1,,NB,Diatom,Skeletonema costatum,D-Skeletonema costatum,14500
1923,2010,Jun,1,01/06/2010,,16.3811,119.9136,BML1,,NB,Diatom,Thalassiosira spp.,D-Thalassiosira spp.,4750
1924,2010,Jun,1,01/06/2010,,16.3811,119.9136,BML1,,NB,Dinoflagellate,Alexandrium spp.,DF-Alexandrium spp.,100
1925,2010,Jun,1,01/06/2010,,16.3811,119.9136,BML1,,NB,Dinoflagellate,Gonyaulax polyedra,DF-Gonyaulax polyedra,60
1926,2010,Jun,1,01/06/2010,,16.32003,119.93384,W8,,1,Diatom,Chaetoceros spp.,D-Chaetoceros spp.,100
1927,2010,Jun,1,01/06/2010,,16.32003,119.93384,W8,,1,Diatom,Cocconeis sp.,D-Cocconeis sp.,20
1928,2010,Jun,1,01/06/2010,,16.32003,119.93384,W8,,1,Diatom,Pseudonitzschia spp.,D-Pseudonitzschia spp.,340
1929,2010,Jun,1,01/06/2010,,16.32003,119.93384,W8,,1,Diatom,Rhizosolenia spp.,D-Rhizosolenia spp.,9580
1930,2010,Jun,1,01/06/2010,,16.32003,119.93384,W8,,1,Diatom,Skeletonema costatum,D-Skeletonema costatum,50000
1931,2010,Jun,1,01/06/2010,,16.32003,119.93384,W8,,1,Diatom,Thalassiosira spp.,D-Thalassiosira spp.,300
1932,2010,Jun,1,01/06/2010,,16.32003,119.93384,W8,,1,Dinoflagellate,Alexandrium spp.,DF-Alexandrium spp.,180
1933,2010,Jun,1,01/06/2010,,16.32003,119.93384,W8,,1,Dinoflagellate,Protoperidinium sp,DF-Protoperidinium sp.,40
1934,2010,Jun,1,01/06/2010,,16.32003,119.93384,W8,,NB,Diatom,Cocconeis sp.,D-Cocconeis sp.,20
1935,2010,Jun,1,01/06/2010,,16.32003,119.93384,W8,,NB,Diatom,Coscinodiscus spp.,D-Coscinodiscus spp.,20
1936,2010,Jun,1,01/06/2010,,16.32003,119.93384,W8,,NB,Diatom,Leptocylindrus spp.,D-Leptocylindrus spp.,20
1937,2010,Jun,1,01/06/2010,,16.32003,119.93384,W8,,NB,Diatom,Rhizosolenia spp.,D-Rhizosolenia spp.,8180
1938,2010,Jun,1,01/06/2010,,16.32003,119.93384,W8,,NB,Diatom,Skeletonema costatum,D-Skeletonema costatum,79750
1939,2010,Jun,1,01/06/2010,,16.32003,119.93384,W8,,NB,Diatom,Thalassiosira spp.,D-Thalassiosira spp.,500
1940,2010,Jun,1,01/06/2010,,16.32003,119.93384,W8,,NB,Dinoflagellate,Gyrodinium sp.,DF-Gyrodinium sp.,20
1941,2010,Jun,1,01/06/2010,,16.32003,119.93384,W8,,NB,Dinoflagellate,Protoperidinium sp,DF-Protoperidinium sp.,20
1942,2010,Jun,1,01/06/2010,,16.32003,119.93384,W8,,NB,Dinoflagellate,Protoperidinium pallidum,DF-Protoperidinium pallidum,20
1943,2010,Jun,1,01/06/2010,,16.38339,119.91585,TS2,,1,Diatom,Rhizosolenia spp.,D-Rhizosolenia spp.,1240
1944,2010,Jun,1,01/06/2010,,16.38339,119.91585,TS2,,1,Diatom,Skeletonema costatum,D-Skeletonema costatum,11500
1945,2010,Jun,1,01/06/2010,,16.38339,119.91585,TS2,,1,Diatom,Thalassiosira spp.,D-Thalassiosira spp.,100
1946,2010,Jun,1,01/06/2010,,16.38339,119.91585,TS2,,NB,Diatom,Coscinodiscus spp.,D-Coscinodiscus spp.,40
1947,2010,Jun,1,01/06/2010,,16.38339,119.91585,TS2,,NB,Diatom,Rhizosolenia spp.,D-Rhizosolenia spp.,1040
1948,2010,Jun,1,01/06/2010,,16.38339,119.91585,TS2,,NB,Diatom,Skeletonema costatum,D-Skeletonema costatum,11960
1949,2010,Jun,1,01/06/2010,,16.38339,119.91585,TS2,,NB,Diatom,Thalassiosira spp.,D-Thalassiosira spp.,120
1950,2010,Jun,1,01/06/2010,,16.38326,119.92616,LJC12,,1,Diatom,Skeletonema costatum,D-Skeletonema costatum,27750
1951,2010,Jun,1,01/06/2010,,16.38326,119.92616,LJC12,,1,Diatom,Thalassiosira spp.,D-Thalassiosira spp.,360
1952,2010,Jun,1,01/06/2010,,16.38326,119.92616,LJC12,,1,Dinoflagellate,Alexandrium spp.,DF-Alexandrium spp.,60
1953,2010,Jun,1,01/06/2010,,16.38326,119.92616,LJC12,,1,Dinoflagellate,Diplopsalis spp.,DF-Diplopsalis spp.,20
1954,2010,Jun,1,01/06/2010,,16.38326,119.92616,LJC12,,1,Dinoflagellate,Peridinium quinquecorne,DF-Peridinium quinquecorne,40
1955,2010,Jun,1,01/06/2010,,16.38326,119.92616,LJC12,,1,Dinoflagellate,Prorocentrum minimum,DF-Prorocentrum minimum,40
1956,2010,Jun,1,01/06/2010,,16.38326,119.92616,LJC12,,1,Dinoflagellate,Protoperidinium pellucidum,DF-Protoperidinium pellucidum,20
1957,2010,Jun,1,01/06/2010,,16.38326,119.92616,LJC12,,1,Dinoflagellate,Scrippsiella trochoidea,DF-Scrippsiella trochoidea,60
1958,2010,Jun,1,01/06/2010,,16.38326,119.92616,LJC12,,NB,Diatom,Leptocylindrus spp.,D-Leptocylindrus spp.,140
1959,2010,Jun,1,01/06/2010,,16.38326,119.92616,LJC12,,NB,Diatom,Skeletonema costatum,D-Skeletonema costatum,12500
1960,2010,Jun,1,01/06/2010,,16.38326,119.92616,LJC12,,NB,Diatom,Thalassiosira spp.,D-Thalassiosira spp.,140
1961,2010,Jun,1,01/06/2010,,16.38326,119.92616,LJC12,,NB,Dinoflagellate,Alexandrium spp.,DF-Alexandrium spp.,120
1962,2010,Jun,1,01/06/2010,,16.38326,119.92616,LJC12,,NB,Dinoflagellate,Gonyaulax polyedra,DF-Gonyaulax polyedra,20
1963,2010,Jun,1,01/06/2010,,16.38326,119.92616,LJC12,,NB,Dinoflagellate,Protoperidinium oblongum,DF-Protoperidinium oblongum,40
1964,2010,Jun,1,01/06/2010,,16.38326,119.92616,W1,,1,Diatom,Skeletonema costatum,D-Skeletonema costatum,27750
1965,2010,Jun,1,01/06/2010,,16.38326,119.92616,W1,,1,Diatom,Thalassiosira spp.,D-Thalassiosira spp.,360
1966,2010,Jun,1,01/06/2010,,16.38326,119.92616,W1,,1,Dinoflagellate,Alexandrium spp.,DF-Alexandrium spp.,60
1967,2010,Jun,1,01/06/2010,,16.38326,119.92616,W1,,1,Dinoflagellate,Diplopsalis spp.,DF-Diplopsalis spp.,20
1968,2010,Jun,1,01/06/2010,,16.38326,119.92616,W1,,1,Dinoflagellate,Peridinium quinquecorne,DF-Peridinium quinquecorne,40
1969,2010,Jun,1,01/06/2010,,16.38326,119.92616,W1,,1,Dinoflagellate,Prorocentrum minimum,DF-Prorocentrum minimum,40
1970,2010,Jun,1,01/06/2010,,16.38326,119.92616,W1,,1,Dinoflagellate,Protoperidinium pellucidum,DF-Protoperidinium pellucidum,20
1971,2010,Jun,1,01/06/2010,,16.38326,119.92616,W1,,1,Dinoflagellate,Scrippsiella trochoidea,DF-Scrippsiella trochoidea,60
1972,2010,Jun,1,01/06/2010,,16.38326,119.92616,W1,,NB,Diatom,Leptocylindrus spp.,D-Leptocylindrus spp.,140
1973,2010,Jun,1,01/06/2010,,16.38326,119.92616,W1,,NB,Diatom,Skeletonema costatum,D-Skeletonema costatum,12500
1974,2010,Jun,1,01/06/2010,,16.38326,119.92616,W1,,NB,Diatom,Thalassiosira spp.,D-Thalassiosira spp.,140
1975,2010,Jun,1,01/06/2010,,16.38326,119.92616,W1,,NB,Dinoflagellate,Alexandrium spp.,DF-Alexandrium spp.,120
1976,2010,Jun,1,01/06/2010,,16.38326,119.92616,W1,,NB,Dinoflagellate,Gonyaulax sp.,DF-Gonyaulax sp.,20
1977,2010,Jun,1,01/06/2010,,16.38326,119.92616,W1,,NB,Dinoflagellate,Protoperidinium oblongum,DF-Protoperidinium oblongum,40
1978,2010,Jun,1,01/06/2010,,16.37073,119.93401,W3,,1,Diatom,Leptocylindrus spp.,D-Leptocylindrus spp.,140
1979,2010,Jun,1,01/06/2010,,16.37073,119.93401,W3,,1,Diatom,Rhizosolenia spp.,D-Rhizosolenia spp.,200
1980,2010,Jun,1,01/06/2010,,16.37073,119.93401,W3,,1,Diatom,Skeletonema costatum,D-Skeletonema costatum,17333
1981,2010,Jun,1,01/06/2010,,16.37073,119.93401,W3,,1,Diatom,Thalassiosira spp.,D-Thalassiosira spp.,160
1982,2010,Jun,1,01/06/2010,,16.37073,119.93401,W3,,1,Dinoflagellate,Gonyaulax polyedra,DF-Gonyaulax polyedra,40
1983,2010,Jun,1,01/06/2010,,16.37073,119.93401,W3,,1,Dinoflagellate,Peridinium quinquecorne,DF-Peridinium quinquecorne,100
1984,2010,Jun,1,01/06/2010,,16.37073,119.93401,W3,,1,Dinoflagellate,Scrippsiella trochoidea,DF-Scrippsiella trochoidea,300
1985,2010,Jun,1,01/06/2010,,16.37073,119.93401,W3,,NB,Diatom,Leptocylindrus spp.,D-Leptocylindrus spp.,80
1986,2010,Jun,1,01/06/2010,,16.37073,119.93401,W3,,NB,Diatom,Rhizosolenia spp.,D-Rhizosolenia spp.,40
1987,2010,Jun,1,01/06/2010,,16.37073,119.93401,W3,,NB,Diatom,Skeletonema costatum,D-Skeletonema costatum,7800
1988,2010,Jun,1,01/06/2010,,16.37073,119.93401,W3,,NB,Diatom,Thalassiosira spp.,D-Thalassiosira spp.,160
1989,2010,Jun,1,01/06/2010,,16.37073,119.93401,W3,,NB,Dinoflagellate,Gonyaulax polyedra,DF-Gonyaulax polyedra,40
1990,2010,Jun,1,01/06/2010,,16.37073,119.93401,W3,,NB,Dinoflagellate,Peridinium quinquecorne,DF-Peridinium quinquecorne,100
1991,2010,Jun,1,01/06/2010,,16.28459,119.92285,A4,,1,Diatom,Pleurosigma spp.,D-Pleurosigma spp.,40
1992,2010,Jun,1,01/06/2010,,16.28459,119.92285,A4,,1,Diatom,Rhizosolenia spp.,D-Rhizosolenia spp.,25000
1993,2010,Jun,1,01/06/2010,,16.28459,119.92285,A4,,1,Diatom,Skeletonema costatum,D-Skeletonema costatum,65250
1994,2010,Jun,1,01/06/2010,,16.28459,119.92285,A4,,1,Diatom,Thalassiosira spp.,D-Thalassiosira spp.,3040
1995,2010,Jun,1,01/06/2010,,16.28459,119.92285,A4,,1,Dinoflagellate,Alexandrium spp.,DF-Alexandrium spp.,100
1996,2010,Jun,1,01/06/2010,,16.28459,119.92285,A4,,1,Dinoflagellate,Gonyaulax sp.,DF-Gonyaulax sp.,40
1997,2010,Jun,1,01/06/2010,,16.28459,119.92285,A4,,1,Dinoflagellate,Gymnodinium catenatum,DF-Gymnodinium catenatum,20
1998,2010,Jun,1,01/06/2010,,16.28459,119.92285,A4,,1,Dinoflagellate,Phalacroma  spp.,DF-Phalacroma  spp.,40
1999,2010,Jun,1,01/06/2010,,16.28459,119.92285,A4,,1,Dinoflagellate,Protoperidinium pellucidum,DF-Protoperidinium pellucidum,100
2000,2010,Jun,1,01/06/2010,,16.28459,119.92285,A4,,NB,Diatom,Coscinodiscus spp.,D-Coscinodiscus spp.,40
2001,2010,Jun,1,01/06/2010,,16.28459,119.92285,A4,,NB,Diatom,Rhizosolenia spp.,D-Rhizosolenia spp.,17333
2002,2010,Jun,1,01/06/2010,,16.28459,119.92285,A4,,NB,Diatom,Skeletonema costatum,D-Skeletonema costatum,138500
2003,2010,Jun,1,01/06/2010,,16.28459,119.92285,A4,,NB,Diatom,Thalassiosira spp.,D-Thalassiosira spp.,4750
2004,2010,Jun,1,01/06/2010,,16.28459,119.92285,A4,,NB,Dinoflagellate,Alexandrium spp.,DF-Alexandrium spp.,100
2005,2010,Jun,1,01/06/2010,,16.28459,119.92285,A4,,NB,Dinoflagellate,Gonyaulax sp.,DF-Gonyaulax sp.,60
2006,2010,Jul,1,01/07/2010,,16.33366,119.93322,A2,,1,Diatom,Navicula sp.,D-Navicula sp.,10
2007,2010,Jul,1,01/07/2010,,16.33366,119.93322,A2,,1,Diatom,Pleurosigma spp.,D-Pleurosigma spp.,40
2008,2010,Jul,1,01/07/2010,,16.33366,119.93322,A2,,1,Diatom,Rhizosolenia spp.,D-Rhizosolenia spp.,140
2009,2010,Jul,1,01/07/2010,,16.33366,119.93322,A2,,1,Diatom,Thalassiosira spp.,D-Thalassiosira spp.,330
2010,2010,Jul,1,01/07/2010,,16.33366,119.93322,A2,,1,Dinoflagellate,Gyrodinium spirale,DF-Gyrodinium spirale,10
2011,2010,Jul,1,01/07/2010,,16.33366,119.93322,A2,,1,Dinoflagellate,Prorocentrum micans,DF-Prorocentrum micans,320
2012,2010,Jul,1,01/07/2010,,16.33366,119.93322,A2,,1,Dinoflagellate,Protoperidinium sp,DF-Protoperidinium sp.,160
2013,2010,Jul,1,01/07/2010,,16.33366,119.93322,A2,,NB,Diatom,Coscinodiscus spp.,D-Coscinodiscus spp.,10
2014,2010,Jul,1,01/07/2010,,16.33366,119.93322,A2,,NB,Diatom,Nitzschia spp.,D-Nitzschia spp.,10
2015,2010,Jul,1,01/07/2010,,16.33366,119.93322,A2,,NB,Diatom,Pleurosigma spp.,D-Pleurosigma spp.,40
2016,2010,Jul,1,01/07/2010,,16.33366,119.93322,A2,,NB,Diatom,Rhizosolenia spp.,D-Rhizosolenia spp.,3740
2017,2010,Jul,1,01/07/2010,,16.33366,119.93322,A2,,NB,Diatom,Thalassiosira spp.,D-Thalassiosira spp.,170
2018,2010,Jul,1,01/07/2010,,16.33366,119.93322,A2,,NB,Dinoflagellate,Alexandrium spp.,DF-Alexandrium spp.,80
2019,2010,Jul,1,01/07/2010,,16.33366,119.93322,A2,,NB,Dinoflagellate,Gonyaulax polyedra,DF-Gonyaulax polyedra,210
2020,2010,Jul,1,01/07/2010,,16.33366,119.93322,A2,,NB,Dinoflagellate,Gyrodinium spirale,DF-Gyrodinium spirale,50
2021,2010,Jul,1,01/07/2010,,16.33366,119.93322,A2,,NB,Dinoflagellate,Phalacroma sp.,DF-Phalacroma sp.,10
2022,2010,Jul,1,01/07/2010,,16.33366,119.93322,A2,,NB,Dinoflagellate,Prorocentrum micans,DF-Prorocentrum micans,1010
2023,2010,Jul,1,01/07/2010,,16.33366,119.93322,A2,,NB,Dinoflagellate,Protoperidinium sp,DF-Protoperidinium sp.,670
2024,2010,Jul,1,01/07/2010,,16.33366,119.93322,A2,,NB,Dinoflagellate,Oxytoxum spp.,DF-Oxytoxum spp.,10
2025,2010,Jul,1,01/07/2010,,16.34775,119.93452,W9,,1,Diatom,Cylindricotheca closterium,D-Cylindricotheca closterium,10
2026,2010,Jul,1,01/07/2010,,16.34775,119.93452,W9,,1,Diatom,Nitzschia spp.,D-Nitzschia spp.,30
2027,2010,Jul,1,01/07/2010,,16.34775,119.93452,W9,,1,Diatom,Pleurosigma spp.,D-Pleurosigma spp.,20
2028,2010,Jul,1,01/07/2010,,16.34775,119.93452,W9,,1,Diatom,Rhizosolenia spp.,D-Rhizosolenia spp.,40
2029,2010,Jul,1,01/07/2010,,16.34775,119.93452,W9,,1,Diatom,Thalassiosira spp.,D-Thalassiosira spp.,450
2030,2010,Jul,1,01/07/2010,,16.34775,119.93452,W9,,1,Dinoflagellate,Alexandrium spp.,DF-Alexandrium spp.,80
2031,2010,Jul,1,01/07/2010,,16.34775,119.93452,W9,,1,Dinoflagellate,Gonyaulax polyedra,DF-Gonyaulax polyedra,10
2032,2010,Jul,1,01/07/2010,,16.34775,119.93452,W9,,1,Dinoflagellate,Gyrodinium spirale,DF-Gyrodinium spirale,20
2033,2010,Jul,1,01/07/2010,,16.34775,119.93452,W9,,1,Dinoflagellate,Phalacroma sp.,DF-Phalacroma sp.,60
2034,2010,Jul,1,01/07/2010,,16.34775,119.93452,W9,,1,Dinoflagellate,Prorocentrum micans,DF-Prorocentrum micans,1140
2035,2010,Jul,1,01/07/2010,,16.34775,119.93452,W9,,1,Dinoflagellate,Protoperidinium sp,DF-Protoperidinium sp.,430
2036,2010,Jul,1,01/07/2010,,16.34775,119.93452,W9,,1,Dinoflagellate,Scrippsiella trochoidea,DF-Scrippsiella trochoidea,20
2037,2010,Jul,1,01/07/2010,,16.34775,119.93452,W9,,1,Cyanobacteria,Trichodesmium sp.,CYN-Trichodesmium sp.,20
2038,2010,Jul,1,01/07/2010,,16.34775,119.93452,W9,,1,Dinoflagellate,Oxytoxum spp.,DF-Oxytoxum spp.,20
2039,2010,Jul,1,01/07/2010,,16.30944,119.92063,TS1,,1,Diatom,Cylindricotheca closterium,D-Cylindricotheca closterium,10
2040,2010,Jul,1,01/07/2010,,16.30944,119.92063,TS1,,1,Diatom,Nitzschia spp.,D-Nitzschia spp.,30
2041,2010,Jul,1,01/07/2010,,16.30944,119.92063,TS1,,1,Diatom,Pleurosigma spp.,D-Pleurosigma spp.,20
2042,2010,Jul,1,01/07/2010,,16.30944,119.92063,TS1,,1,Diatom,Rhizosolenia spp.,D-Rhizosolenia spp.,40
2043,2010,Jul,1,01/07/2010,,16.30944,119.92063,TS1,,1,Diatom,Thalassiosira spp.,D-Thalassiosira spp.,450
2044,2010,Jul,1,01/07/2010,,16.30944,119.92063,TS1,,1,Dinoflagellate,Alexandrium spp.,DF-Alexandrium spp.,80
2045,2010,Jul,1,01/07/2010,,16.30944,119.92063,TS1,,1,Dinoflagellate,Gonyaulax polyedra,DF-Gonyaulax polyedra,10
2046,2010,Jul,1,01/07/2010,,16.30944,119.92063,TS1,,1,Dinoflagellate,Gyrodinium spirale,DF-Gyrodinium spirale,20
2047,2010,Jul,1,01/07/2010,,16.30944,119.92063,TS1,,1,Dinoflagellate,Phalacroma sp.,DF-Phalacroma sp.,60
2048,2010,Jul,1,01/07/2010,,16.30944,119.92063,TS1,,1,Dinoflagellate,Prorocentrum micans,DF-Prorocentrum micans,1140
2049,2010,Jul,1,01/07/2010,,16.30944,119.92063,TS1,,1,Dinoflagellate,Protoperidinium sp,DF-Protoperidinium sp.,430
2050,2010,Jul,1,01/07/2010,,16.30944,119.92063,TS1,,1,Dinoflagellate,Scrippsiella trochoidea,DF-Scrippsiella trochoidea,20
2051,2010,Jul,1,01/07/2010,,16.30944,119.92063,TS1,,1,Cyanobacteria,Trichodesmium sp.,CYN-Trichodesmium sp.,20
2052,2010,Jul,1,01/07/2010,,16.30944,119.92063,TS1,,1,Dinoflagellate,Oxytoxum spp.,DF-Oxytoxum spp.,20
2053,2010,Jul,1,01/07/2010,,16.30944,119.92063,TS1,,NB,Diatom,Coscinodiscus spp.,D-Coscinodiscus spp.,10
2054,2010,Jul,1,01/07/2010,,16.30944,119.92063,TS1,,NB,Diatom,Leptocylindrus spp.,D-Leptocylindrus spp.,20
2055,2010,Jul,1,01/07/2010,,16.30944,119.92063,TS1,,NB,Diatom,Navicula sp.,D-Navicula sp.,10
2056,2010,Jul,1,01/07/2010,,16.30944,119.92063,TS1,,NB,Diatom,Nitzschia spp.,D-Nitzschia spp.,10
2057,2010,Jul,1,01/07/2010,,16.30944,119.92063,TS1,,NB,Diatom,Odontella mobiliensis,D-Odontella mobiliensis,10
2058,2010,Jul,1,01/07/2010,,16.30944,119.92063,TS1,,NB,Diatom,Rhizosolenia spp.,D-Rhizosolenia spp.,30
2059,2010,Jul,1,01/07/2010,,16.30944,119.92063,TS1,,NB,Diatom,Skeletonema costatum,D-Skeletonema costatum,60
2060,2010,Jul,1,01/07/2010,,16.30944,119.92063,TS1,,NB,Diatom,Thalassiosira spp.,D-Thalassiosira spp.,20
2061,2010,Jul,1,01/07/2010,,16.30944,119.92063,TS1,,NB,Dinoflagellate,Alexandrium spp.,DF-Alexandrium spp.,30
2062,2010,Jul,1,01/07/2010,,16.30944,119.92063,TS1,,NB,Dinoflagellate,Peridinium quinquecorne,DF-Peridinium quinquecorne,10
2063,2010,Jul,1,01/07/2010,,16.30944,119.92063,TS1,,NB,Dinoflagellate,Prorocentrum lima,DF-Prorocentrum lima,10
2064,2010,Jul,1,01/07/2010,,16.30944,119.92063,TS1,,NB,Dinoflagellate,Protoperidinium sp,DF-Protoperidinium sp.,10
2065,2010,Jul,1,01/07/2010,,16.30944,119.92063,TS1,,NB,Cyanobacteria,Trichodesmium sp.,CYN-Trichodesmium sp.,60
2066,2010,Jul,1,01/07/2010,,16.38326,119.92616,LJC12,,1,Diatom,Coscinodiscus spp.,D-Coscinodiscus spp.,10
2067,2010,Jul,1,01/07/2010,,16.38326,119.92616,LJC12,,1,Diatom,Leptocylindrus spp.,D-Leptocylindrus spp.,20
2068,2010,Jul,1,01/07/2010,,16.38326,119.92616,LJC12,,1,Diatom,Navicula sp.,D-Navicula sp.,10
2069,2010,Jul,1,01/07/2010,,16.38326,119.92616,LJC12,,1,Diatom,Nitzschia spp.,D-Nitzschia spp.,10
2070,2010,Jul,1,01/07/2010,,16.38326,119.92616,LJC12,,1,Diatom,Odontella mobiliensis,D-Odontella mobiliensis,10
2071,2010,Jul,1,01/07/2010,,16.38326,119.92616,LJC12,,1,Diatom,Rhizosolenia spp.,D-Rhizosolenia spp.,30
2072,2010,Jul,1,01/07/2010,,16.38326,119.92616,LJC12,,1,Diatom,Skeletonema costatum,D-Skeletonema costatum,60
2073,2010,Jul,1,01/07/2010,,16.38326,119.92616,LJC12,,1,Diatom,Thalassiosira spp.,D-Thalassiosira spp.,20
2074,2010,Jul,1,01/07/2010,,16.38326,119.92616,LJC12,,1,Dinoflagellate,Alexandrium spp.,DF-Alexandrium spp.,30
2075,2010,Jul,1,01/07/2010,,16.38326,119.92616,LJC12,,1,Dinoflagellate,Peridinium quinquecorne,DF-Peridinium quinquecorne,10
2076,2010,Jul,1,01/07/2010,,16.38326,119.92616,LJC12,,1,Dinoflagellate,Prorocentrum lima,DF-Prorocentrum lima,10
2077,2010,Jul,1,01/07/2010,,16.38326,119.92616,LJC12,,1,Dinoflagellate,Protoperidinium sp,DF-Protoperidinium sp.,10
2078,2010,Jul,1,01/07/2010,,16.38326,119.92616,LJC12,,1,Cyanobacteria,Trichodesmium sp.,CYN-Trichodesmium sp.,60
2079,2010,Jul,1,01/07/2010,,16.38326,119.92616,LJC12,,NB,Diatom,Bacteriastrum spp.,D-Bacteriastrum spp.,10
2080,2010,Jul,1,01/07/2010,,16.38326,119.92616,LJC12,,NB,Diatom,Chaetoceros spp.,D-Chaetoceros spp.,10
2081,2010,Jul,1,01/07/2010,,16.38326,119.92616,LJC12,,NB,Diatom,Cocconeis sp.,D-Cocconeis sp.,10
2082,2010,Jul,1,01/07/2010,,16.38326,119.92616,LJC12,,NB,Diatom,Cylindricotheca closterium,D-Cylindricotheca closterium,10
2083,2010,Jul,1,01/07/2010,,16.38326,119.92616,LJC12,,NB,Diatom,Ditylum sp.,D-Ditylum sp.,10
2084,2010,Jul,1,01/07/2010,,16.38326,119.92616,LJC12,,NB,Diatom,Eucampia spp.,D-Eucampia spp.,70
2085,2010,Jul,1,01/07/2010,,16.38326,119.92616,LJC12,,NB,Diatom,Rhizosolenia spp.,D-Rhizosolenia spp.,1350
2086,2010,Jul,1,01/07/2010,,16.38326,119.92616,LJC12,,NB,Diatom,Thalassiosira spp.,D-Thalassiosira spp.,150
2087,2010,Jul,1,01/07/2010,,16.38326,119.92616,LJC12,,NB,Dinoflagellate,Ceratium belone,DF-Ceratium belone,160
2088,2010,Jul,1,01/07/2010,,16.38326,119.92616,LJC12,,NB,Dinoflagellate,Gonyaulax polyedra,DF-Gonyaulax polyedra,70
2089,2010,Jul,1,01/07/2010,,16.38326,119.92616,LJC12,,NB,Dinoflagellate,Gyrodinium spirale,DF-Gyrodinium spirale,130
2090,2010,Jul,1,01/07/2010,,16.38326,119.92616,LJC12,,NB,Dinoflagellate,Peridinium quinquecorne,DF-Peridinium quinquecorne,10
2091,2010,Jul,1,01/07/2010,,16.38326,119.92616,LJC12,,NB,Dinoflagellate,Prorocentrum micans,DF-Prorocentrum micans,50
2092,2010,Jul,1,01/07/2010,,16.38326,119.92616,LJC12,,NB,Dinoflagellate,Protoperidinium sp,DF-Protoperidinium sp.,830
2093,2010,Jul,1,01/07/2010,,16.38326,119.92616,LJC12,,NB,Dinoflagellate,Pyrophacus horolgium,DF-Pyrophacus horolgium,50
2094,2010,Jul,1,01/07/2010,,16.38326,119.92616,LJC12,,NB,Dinoflagellate,Spiraulax kofoidi,DF-Spiraulax kofoidi,10
2095,2010,Jul,1,01/07/2010,,16.38326,119.92616,LJC12,,NB,Dinoflagellate,Oxytoxum spp.,DF-Oxytoxum spp.,10
2096,2010,Jul,1,01/07/2010,,16.32003,119.93384,W8,,1,Diatom,Coscinodiscus spp.,D-Coscinodiscus spp.,20
2097,2010,Jul,1,01/07/2010,,16.32003,119.93384,W8,,1,Diatom,Pleurosigma spp.,D-Pleurosigma spp.,100
2098,2010,Jul,1,01/07/2010,,16.32003,119.93384,W8,,1,Diatom,Rhizosolenia spp.,D-Rhizosolenia spp.,60
2099,2010,Jul,1,01/07/2010,,16.32003,119.93384,W8,,1,Diatom,Thalassiosira spp.,D-Thalassiosira spp.,130
2100,2010,Jul,1,01/07/2010,,16.32003,119.93384,W8,,1,Dinoflagellate,Dinophysis caudata,DF-Dinophysis caudata,50
2101,2010,Jul,1,01/07/2010,,16.32003,119.93384,W8,,1,Dinoflagellate,Gyrodinium spirale,DF-Gyrodinium spirale,20
2102,2010,Jul,1,01/07/2010,,16.32003,119.93384,W8,,1,Dinoflagellate,Prorocentrum micans,DF-Prorocentrum micans,320
2103,2010,Jul,1,01/07/2010,,16.32003,119.93384,W8,,1,Dinoflagellate,Prorocentrum minimum,DF-Prorocentrum minimum,10
2104,2010,Jul,1,01/07/2010,,16.32003,119.93384,W8,,1,Dinoflagellate,Protoperidinium sp,DF-Protoperidinium sp.,240
2105,2010,Jul,1,01/07/2010,,16.32003,119.93384,W8,,1,Dinoflagellate,Oxytoxum spp.,DF-Oxytoxum spp.,100
2106,2010,Jul,1,01/07/2010,,16.32003,119.93384,W8,,NB,Diatom,Pleurosigma spp.,D-Pleurosigma spp.,60
2107,2010,Jul,1,01/07/2010,,16.32003,119.93384,W8,,NB,Diatom,Rhizosolenia spp.,D-Rhizosolenia spp.,80
2108,2010,Jul,1,01/07/2010,,16.32003,119.93384,W8,,NB,Diatom,Thalassiosira spp.,D-Thalassiosira spp.,410
2109,2010,Jul,1,01/07/2010,,16.32003,119.93384,W8,,NB,Dinoflagellate,Alexandrium spp.,DF-Alexandrium spp.,90
2110,2010,Jul,1,01/07/2010,,16.32003,119.93384,W8,,NB,Dinoflagellate,Dinophysis caudata,DF-Dinophysis caudata,40
2111,2010,Jul,1,01/07/2010,,16.32003,119.93384,W8,,NB,Dinoflagellate,Gyrodinium sp.,DF-Gyrodinium sp.,10
2112,2010,Jul,1,01/07/2010,,16.32003,119.93384,W8,,NB,Dinoflagellate,Peridinium quinquecorne,DF-Peridinium quinquecorne,20
2113,2010,Jul,1,01/07/2010,,16.32003,119.93384,W8,,NB,Dinoflagellate,Phalacroma sp.,DF-Phalacroma sp.,80
2114,2010,Jul,1,01/07/2010,,16.32003,119.93384,W8,,NB,Dinoflagellate,Prorocentrum micans,DF-Prorocentrum micans,630
2115,2010,Jul,1,01/07/2010,,16.32003,119.93384,W8,,NB,Dinoflagellate,Protoperidinium sp,DF-Protoperidinium sp.,220
2116,2010,Jul,1,01/07/2010,,16.32003,119.93384,W8,,NB,Dinoflagellate,Oxytoxum spp.,DF-Oxytoxum spp.,20
2117,2010,Jul,1,01/07/2010,,16.37073,119.93401,W3,,1,Diatom,Cylindricotheca closterium,D-Cylindricotheca closterium,20
2118,2010,Jul,1,01/07/2010,,16.37073,119.93401,W3,,1,Diatom,Leptocylindrus spp.,D-Leptocylindrus spp.,30
2119,2010,Jul,1,01/07/2010,,16.37073,119.93401,W3,,1,Diatom,Navicula sp.,D-Navicula sp.,30
2120,2010,Jul,1,01/07/2010,,16.37073,119.93401,W3,,1,Diatom,Pleurosigma spp.,D-Pleurosigma spp.,10
2121,2010,Jul,1,01/07/2010,,16.37073,119.93401,W3,,1,Diatom,Pseudonitzschia spp.,D-Pseudonitzschia spp.,90
2122,2010,Jul,1,01/07/2010,,16.37073,119.93401,W3,,1,Diatom,Rhizosolenia spp.,D-Rhizosolenia spp.,1330
2123,2010,Jul,1,01/07/2010,,16.37073,119.93401,W3,,1,Diatom,Thalassiosira spp.,D-Thalassiosira spp.,300
2124,2010,Jul,1,01/07/2010,,16.37073,119.93401,W3,,1,Dinoflagellate,Alexandrium spp.,DF-Alexandrium spp.,300
2125,2010,Jul,1,01/07/2010,,16.37073,119.93401,W3,,1,Dinoflagellate,Ceratium furca,DF-Ceratium furca,20
2126,2010,Jul,1,01/07/2010,,16.37073,119.93401,W3,,1,Dinoflagellate,Dinophysis caudata,DF-Dinophysis caudata,20
2127,2010,Jul,1,01/07/2010,,16.37073,119.93401,W3,,1,Dinoflagellate,Diplopsalis spp.,DF-Diplopsalis spp.,20
2128,2010,Jul,1,01/07/2010,,16.37073,119.93401,W3,,1,Dinoflagellate,Gonyaulax polyedra,DF-Gonyaulax polyedra,290
2129,2010,Jul,1,01/07/2010,,16.37073,119.93401,W3,,1,Dinoflagellate,Karenia  mikimotoi,DF-Karenia  mikimotoi,50
2130,2010,Jul,1,01/07/2010,,16.37073,119.93401,W3,,1,Dinoflagellate,Gyrodinium spirale,DF-Gyrodinium spirale,270
2131,2010,Jul,1,01/07/2010,,16.37073,119.93401,W3,,1,Dinoflagellate,Peridinium quinquecorne,DF-Peridinium quinquecorne,200
2132,2010,Jul,1,01/07/2010,,16.37073,119.93401,W3,,1,Dinoflagellate,Phalacroma sp.,DF-Phalacroma sp.,10
2133,2010,Jul,1,01/07/2010,,16.37073,119.93401,W3,,1,Dinoflagellate,Prorocentrum micans,DF-Prorocentrum micans,250
2134,2010,Jul,1,01/07/2010,,16.37073,119.93401,W3,,1,Dinoflagellate,Protoperidinium sp,DF-Protoperidinium sp.,1120
2135,2010,Jul,1,01/07/2010,,16.37073,119.93401,W3,,1,Dinoflagellate,Protoperidinium oblongum,DF-Protoperidinium oblongum,20
2136,2010,Jul,1,01/07/2010,,16.37073,119.93401,W3,,1,Dinoflagellate,Protoperidinium pallidum,DF-Protoperidinium pallidum,20
2137,2010,Jul,1,01/07/2010,,16.37073,119.93401,W3,,1,Dinoflagellate,Scrippsiella trochoidea,DF-Scrippsiella trochoidea,30
2138,2010,Jul,1,01/07/2010,,16.37073,119.93401,W3,,1,Cyanobacteria,Trichodesmium sp.,CYN-Trichodesmium sp.,10
2139,2010,Jul,1,01/07/2010,,16.37073,119.93401,W3,,NB,Diatom,Ditylum sp.,D-Ditylum sp.,20
2140,2010,Jul,1,01/07/2010,,16.37073,119.93401,W3,,NB,Diatom,Pleurosigma spp.,D-Pleurosigma spp.,20
2141,2010,Jul,1,01/07/2010,,16.37073,119.93401,W3,,NB,Diatom,Pseudonitzschia spp.,D-Pseudonitzschia spp.,180
2142,2010,Jul,1,01/07/2010,,16.37073,119.93401,W3,,NB,Diatom,Rhizosolenia spp.,D-Rhizosolenia spp.,300
2143,2010,Jul,1,01/07/2010,,16.37073,119.93401,W3,,NB,Diatom,Skeletonema costatum,D-Skeletonema costatum,10
2144,2010,Jul,1,01/07/2010,,16.37073,119.93401,W3,,NB,Diatom,Thalassiosira spp.,D-Thalassiosira spp.,50
2145,2010,Jul,1,01/07/2010,,16.37073,119.93401,W3,,NB,Dinoflagellate,Alexandrium spp.,DF-Alexandrium spp.,20
2146,2010,Jul,1,01/07/2010,,16.37073,119.93401,W3,,NB,Dinoflagellate,Dinophysis caudata,DF-Dinophysis caudata,10
2147,2010,Jul,1,01/07/2010,,16.37073,119.93401,W3,,NB,Dinoflagellate,Gonyaulax polyedra,DF-Gonyaulax polyedra,10
2148,2010,Jul,1,01/07/2010,,16.37073,119.93401,W3,,NB,Dinoflagellate,Gyrodinium spirale,DF-Gyrodinium spirale,70
2149,2010,Jul,1,01/07/2010,,16.37073,119.93401,W3,,NB,Dinoflagellate,Phalacroma sp.,DF-Phalacroma sp.,10
2150,2010,Jul,1,01/07/2010,,16.37073,119.93401,W3,,NB,Dinoflagellate,Prorocentrum micans,DF-Prorocentrum micans,20
2151,2010,Jul,1,01/07/2010,,16.37073,119.93401,W3,,NB,Dinoflagellate,Protoperidinium conicum,DF-Protoperidinium conicum,190
2152,2010,Jul,1,01/07/2010,,16.37073,119.93401,W3,,NB,Dinoflagellate,Oxytoxum spp.,DF-Oxytoxum spp.,50
2153,2010,Jul,1,01/07/2010,,16.31124,119.92004,TS1,,1,Diatom,Coscinodiscus spp.,D-Coscinodiscus spp.,30
2154,2010,Jul,1,01/07/2010,,16.31124,119.92004,TS1,,1,Diatom,Navicula sp.,D-Navicula sp.,20
2155,2010,Jul,1,01/07/2010,,16.31124,119.92004,TS1,,1,Diatom,Pleurosigma spp.,D-Pleurosigma spp.,70
2156,2010,Jul,1,01/07/2010,,16.31124,119.92004,TS1,,1,Diatom,Rhizosolenia spp.,D-Rhizosolenia spp.,120
2157,2010,Jul,1,01/07/2010,,16.31124,119.92004,TS1,,1,Diatom,Thalassiosira spp.,D-Thalassiosira spp.,520
2158,2010,Jul,1,01/07/2010,,16.31124,119.92004,TS1,,NB,Diatom,Pleurosigma spp.,D-Pleurosigma spp.,40
2159,2010,Jul,1,01/07/2010,,16.31124,119.92004,TS1,,NB,Diatom,Pseudonitzschia spp.,D-Pseudonitzschia spp.,30
2160,2010,Jul,1,01/07/2010,,16.31124,119.92004,TS1,,NB,Dinoflagellate,Alexandrium spp.,DF-Alexandrium spp.,30
2161,2010,Jul,1,01/07/2010,,16.31124,119.92004,TS1,,NB,Dinoflagellate,Dinophysis caudata,DF-Dinophysis caudata,20
2162,2010,Jul,1,01/07/2010,,16.31124,119.92004,TS1,,NB,Dinoflagellate,Gyrodinium spirale,DF-Gyrodinium spirale,40
2163,2010,Jul,1,01/07/2010,,16.31124,119.92004,TS1,,NB,Dinoflagellate,Prorocentrum micans,DF-Prorocentrum micans,290
2164,2010,Jul,1,01/07/2010,,16.31124,119.92004,TS1,,NB,Dinoflagellate,Prorocentrum sigmoides,DF-Prorocentrum sigmoides,220
2165,2010,Jul,1,01/07/2010,,16.28459,119.92285,A4,,1,Diatom,Rhizosolenia spp.,D-Rhizosolenia spp.,130
2166,2010,Jul,1,01/07/2010,,16.28459,119.92285,A4,,1,Diatom,Thalassiosira spp.,D-Thalassiosira spp.,50
2167,2010,Jul,1,01/07/2010,,16.28459,119.92285,A4,,1,Dinoflagellate,Protoperidinium sp,DF-Protoperidinium sp.,60
2168,2010,Jul,1,01/07/2010,,16.28459,119.92285,A4,,NB,Diatom,Bacillaria sp.,D-Bacillaria sp.,524
2169,2010,Jul,1,01/07/2010,,16.28459,119.92285,A4,,NB,Diatom,Pleurosigma spp.,D-Pleurosigma spp.,10
2170,2010,Jul,1,01/07/2010,,16.28459,119.92285,A4,,NB,Diatom,Pseudonitzschia spp.,D-Pseudonitzschia spp.,540
2171,2010,Jul,1,01/07/2010,,16.28459,119.92285,A4,,NB,Diatom,Thalassiosira spp.,D-Thalassiosira spp.,70
2172,2010,Jul,1,01/07/2010,,16.28459,119.92285,A4,,NB,Dinoflagellate,Phalacroma sp.,DF-Phalacroma sp.,10
2173,2010,Jul,1,01/07/2010,,16.28459,119.92285,A4,,NB,Dinoflagellate,Polykrikos kofoidii,DF-Polykrikos kofoidii,1000
2174,2010,Jul,1,01/07/2010,,16.28459,119.92285,A4,,NB,Dinoflagellate,Prorocentrum micans,DF-Prorocentrum micans,70
2175,2010,Jul,1,01/07/2010,,16.28459,119.92285,A4,,NB,Dinoflagellate,Protoperidinium sp,DF-Protoperidinium sp.,50
2176,2010,Jul,1,01/07/2010,,16.38339,119.91585,TS2,,1,Diatom,Coscinodiscus spp.,D-Coscinodiscus spp.,10
2177,2010,Jul,1,01/07/2010,,16.38339,119.91585,TS2,,1,Diatom,Pleurosigma spp.,D-Pleurosigma spp.,10
2178,2010,Jul,1,01/07/2010,,16.38339,119.91585,TS2,,1,Diatom,Pseudonitzschia spp.,D-Pseudonitzschia spp.,370
2179,2010,Jul,1,01/07/2010,,16.38339,119.91585,TS2,,1,Diatom,Rhizosolenia spp.,D-Rhizosolenia spp.,420
2180,2010,Jul,1,01/07/2010,,16.38339,119.91585,TS2,,1,Diatom,Skeletonema costatum,D-Skeletonema costatum,10
2181,2010,Jul,1,01/07/2010,,16.38339,119.91585,TS2,,1,Diatom,Thalassiosira spp.,D-Thalassiosira spp.,30
2182,2010,Jul,1,01/07/2010,,16.38339,119.91585,TS2,,1,Dinoflagellate,Alexandrium spp.,DF-Alexandrium spp.,10
2183,2010,Jul,1,01/07/2010,,16.38339,119.91585,TS2,,1,Dinoflagellate,Ceratium furca,DF-Ceratium furca,10
2184,2010,Jul,1,01/07/2010,,16.38339,119.91585,TS2,,1,Dinoflagellate,Gonyaulax polyedra,DF-Gonyaulax polyedra,20
2185,2010,Jul,1,01/07/2010,,16.38339,119.91585,TS2,,1,Dinoflagellate,Gyrodinium spirale,DF-Gyrodinium spirale,120
2186,2010,Jul,1,01/07/2010,,16.38339,119.91585,TS2,,1,Dinoflagellate,Peridinium quinquecorne,DF-Peridinium quinquecorne,10
2187,2010,Jul,1,01/07/2010,,16.38339,119.91585,TS2,,1,Dinoflagellate,Protoperidinium sp,DF-Protoperidinium sp.,80
2188,2010,Jul,1,01/07/2010,,16.38339,119.91585,TS2,,1,Cyanobacteria,Trichodesmium sp.,CYN-Trichodesmium sp.,10
2189,2010,Jul,1,01/07/2010,,16.38339,119.91585,TS2,,NB,Diatom,Eucampia spp.,D-Eucampia spp.,10
2190,2010,Jul,1,01/07/2010,,16.38339,119.91585,TS2,,NB,Diatom,Leptocylindrus spp.,D-Leptocylindrus spp.,10
2191,2010,Jul,1,01/07/2010,,16.38339,119.91585,TS2,,NB,Diatom,Pseudonitzschia spp.,D-Pseudonitzschia spp.,60
2192,2010,Jul,1,01/07/2010,,16.38339,119.91585,TS2,,NB,Diatom,Rhizosolenia spp.,D-Rhizosolenia spp.,720
2193,2010,Jul,1,01/07/2010,,16.38339,119.91585,TS2,,NB,Diatom,Thalassiosira spp.,D-Thalassiosira spp.,80
2194,2010,Jul,1,01/07/2010,,16.38339,119.91585,TS2,,NB,Dinoflagellate,Ceratium belone,DF-Ceratium belone,180
2195,2010,Jul,1,01/07/2010,,16.38339,119.91585,TS2,,NB,Dinoflagellate,Gyrodinium spirale,DF-Gyrodinium spirale,10
2196,2010,Jul,1,01/07/2010,,16.38339,119.91585,TS2,,NB,Dinoflagellate,Peridinium quinquecorne,DF-Peridinium quinquecorne,160
2197,2010,Jul,1,01/07/2010,,16.38339,119.91585,TS2,,NB,Dinoflagellate,Phalacroma sp.,DF-Phalacroma sp.,20
2198,2010,Jul,1,01/07/2010,,16.38339,119.91585,TS2,,NB,Dinoflagellate,Protoperidinium sp,DF-Protoperidinium sp.,200
2199,2010,Jul,1,01/07/2010,,16.38339,119.91585,TS2,,NB,Dinoflagellate,Oxytoxum spp.,DF-Oxytoxum spp.,10
2200,2010,Aug,1,01/08/2010,,16.32003,119.93384,W8,,1,Diatom,Coscinodiscus spp.,D-Coscinodiscus spp.,10
2201,2010,Aug,1,01/08/2010,,16.32003,119.93384,W8,,1,Diatom,Rhizosolenia spp.,D-Rhizosolenia spp.,410
2202,2010,Aug,1,01/08/2010,,16.32003,119.93384,W8,,1,Diatom,Thalassiosira spp.,D-Thalassiosira spp.,10
2203,2010,Aug,1,01/08/2010,,16.32003,119.93384,W8,,1,Dinoflagellate,Alexandrium spp.,DF-Alexandrium spp.,20
2204,2010,Aug,1,01/08/2010,,16.32003,119.93384,W8,,1,Dinoflagellate,Prorocentrum micans,DF-Prorocentrum micans,10
2205,2010,Aug,1,01/08/2010,,16.32003,119.93384,W8,,1,Dinoflagellate,Protoperidinium sp,DF-Protoperidinium sp.,20
2206,2010,Aug,1,01/08/2010,,16.32003,119.93384,W8,,1,Dinoflagellate,Protoperidinium conicum,DF-Protoperidinium conicum,10
2207,2010,Aug,1,01/08/2010,,16.32003,119.93384,W8,,1,Dinoflagellate,Scrippsiella trochoidea,DF-Scrippsiella trochoidea,10
2208,2010,Aug,1,01/08/2010,,16.32003,119.93384,W8,,1,Silicoflagellate,Tintinopsis,SF-Tintinopsis,180
2209,2010,Aug,1,01/08/2010,,16.32003,119.93384,W8,,NB,Diatom,Rhizosolenia spp.,D-Rhizosolenia spp.,920
2210,2010,Aug,1,01/08/2010,,16.32003,119.93384,W8,,NB,Dinoflagellate,Alexandrium spp.,DF-Alexandrium spp.,80
2211,2010,Aug,1,01/08/2010,,16.32003,119.93384,W8,,NB,Dinoflagellate,Protoperidinium conicum,DF-Protoperidinium conicum,30
2212,2010,Aug,1,01/08/2010,,16.32003,119.93384,W8,,NB,Dinoflagellate,Protoperidinium pallidum,DF-Protoperidinium pallidum,30
2213,2010,Aug,1,01/08/2010,,16.32003,119.93384,W8,,NB,Dinoflagellate,Protoperidinium pellucidum,DF-Protoperidinium pellucidum,10
2214,2010,Aug,1,01/08/2010,,16.32003,119.93384,W8,,NB,Silicoflagellate,Tintinopsis,SF-Tintinopsis,860
2215,2010,Aug,1,01/08/2010,,16.38339,119.91585,TS2,,1,Diatom,Thalassiosira spp.,D-Thalassiosira spp.,20
2216,2010,Aug,1,01/08/2010,,16.38339,119.91585,TS2,,1,Dinoflagellate,Gonyaulax polyedra,DF-Gonyaulax polyedra,60
2217,2010,Aug,1,01/08/2010,,16.38339,119.91585,TS2,,1,Dinoflagellate,Peridinium quinquecorne,DF-Peridinium quinquecorne,20
2218,2010,Aug,1,01/08/2010,,16.38339,119.91585,TS2,,1,Dinoflagellate,Prorocentrum micans,DF-Prorocentrum micans,170
2219,2010,Aug,1,01/08/2010,,16.38339,119.91585,TS2,,1,Dinoflagellate,Protoperidinium sp,DF-Protoperidinium sp.,40
2220,2010,Aug,1,01/08/2010,,16.38339,119.91585,TS2,,1,Dinoflagellate,Protoperidinium conicum,DF-Protoperidinium conicum,60
2221,2010,Aug,1,01/08/2010,,16.38339,119.91585,TS2,,1,Dinoflagellate,Protoperidinium grande,DF-Protoperidinium grande,10
2222,2010,Aug,1,01/08/2010,,16.38339,119.91585,TS2,,1,Dinoflagellate,Protoperdinium latispinum,DF-Protoperidinium latispinum,30
2223,2010,Aug,1,01/08/2010,,16.38339,119.91585,TS2,,NB,Diatom,Guinardia sp.,D-Guinardia sp.,10
2224,2010,Aug,1,01/08/2010,,16.38339,119.91585,TS2,,NB,Diatom,Thalassionema spp.,D-Thalassionema spp.,30
2225,2010,Aug,1,01/08/2010,,16.38339,119.91585,TS2,,NB,Dinoflagellate,Prorocentrum micans,DF-Prorocentrum micans,20
2226,2010,Aug,1,01/08/2010,,16.38339,119.91585,TS2,,NB,Dinoflagellate,Protoperidinium conicum,DF-Protoperidinium conicum,40
2227,2010,Aug,1,01/08/2010,,16.33366,119.93322,A2,,1,Diatom,Rhizosolenia spp.,D-Rhizosolenia spp.,660
2228,2010,Aug,1,01/08/2010,,16.33366,119.93322,A2,,1,Dinoflagellate,Peridinium quinquecorne,DF-Peridinium quinquecorne,40
2229,2010,Aug,1,01/08/2010,,16.33366,119.93322,A2,,1,Dinoflagellate,Prorocentrum micans,DF-Prorocentrum micans,30
2230,2010,Aug,1,01/08/2010,,16.33366,119.93322,A2,,1,Dinoflagellate,Protoperidinium sp,DF-Protoperidinium sp.,110
2231,2010,Aug,1,01/08/2010,,16.33366,119.93322,A2,,1,Dinoflagellate,Protoperidinium pallidum,DF-Protoperidinium pallidum,30
2232,2010,Aug,1,01/08/2010,,16.33366,119.93322,A2,,1,Dinoflagellate,Scrippsiella trochoidea,DF-Scrippsiella trochoidea,10
2233,2010,Aug,1,01/08/2010,,16.33366,119.93322,A2,,1,Silicoflagellate,Tintinopsis,SF-Tintinopsis,30
2234,2010,Aug,1,01/08/2010,,16.28459,119.92285,A4,,1,Diatom,Rhizosolenia spp.,D-Rhizosolenia spp.,20
2235,2010,Aug,1,01/08/2010,,16.28459,119.92285,A4,,1,Dinoflagellate,Gonyaulax polyedra,DF-Gonyaulax polyedra,50
2236,2010,Aug,1,01/08/2010,,16.28459,119.92285,A4,,1,Dinoflagellate,Peridinium quinquecorne,DF-Peridinium quinquecorne,70
2237,2010,Aug,1,01/08/2010,,16.28459,119.92285,A4,,1,Dinoflagellate,Protoperidinium sp,DF-Protoperidinium sp.,20
2238,2010,Aug,1,01/08/2010,,16.28459,119.92285,A4,,1,Dinoflagellate,Protoperidinium conicum,DF-Protoperidinium conicum,20
2239,2010,Aug,1,01/08/2010,,16.38326,119.92616,LJC12,,1,Diatom,Pleurosigma spp.,D-Pleurosigma spp.,30
2240,2010,Aug,1,01/08/2010,,16.38326,119.92616,LJC12,,1,Diatom,Rhizosolenia spp.,D-Rhizosolenia spp.,550
2241,2010,Aug,1,01/08/2010,,16.38326,119.92616,LJC12,,1,Diatom,Thalassionema spp.,D-Thalassionema spp.,530
2242,2010,Aug,1,01/08/2010,,16.38326,119.92616,LJC12,,1,Dinoflagellate,Alexandrium spp.,DF-Alexandrium spp.,20
2243,2010,Aug,1,01/08/2010,,16.38326,119.92616,LJC12,,1,Dinoflagellate,Prorocentrum micans,DF-Prorocentrum micans,70
2244,2010,Aug,1,01/08/2010,,16.38326,119.92616,LJC12,,1,Dinoflagellate,Protoperidinium conicum,DF-Protoperidinium conicum,10
2245,2010,Aug,1,01/08/2010,,16.38326,119.92616,LJC12,,1,Dinoflagellate,Protoperidinium pellucidum,DF-Protoperidinium pellucidum,30
2246,2010,Aug,1,01/08/2010,,16.38326,119.92616,LJC12,,1,Silicoflagellate,Tintinopsis,SF-Tintinopsis,20
2247,2010,Aug,1,01/08/2010,,16.38326,119.92616,LJC12,,NB,Diatom,Pleurosigma spp.,D-Pleurosigma spp.,20
2248,2010,Aug,1,01/08/2010,,16.38326,119.92616,LJC12,,NB,Diatom,Pseudonitzschia spp.,D-Pseudonitzschia spp.,80
2249,2010,Aug,1,01/08/2010,,16.38326,119.92616,LJC12,,NB,Dinoflagellate,Protoperidinium pallidum,DF-Protoperidinium pallidum,30
2250,2010,Aug,1,01/08/2010,,16.30944,119.92063,TS1,,1,Diatom,Rhizosolenia spp.,D-Rhizosolenia spp.,690
2251,2010,Aug,1,01/08/2010,,16.30944,119.92063,TS1,,1,Dinoflagellate,Prorocentrum micans,DF-Prorocentrum micans,50
2252,2010,Aug,1,01/08/2010,,16.30944,119.92063,TS1,,1,Dinoflagellate,Protoperidinium pallidum,DF-Protoperidinium pallidum,30
2253,2010,Aug,1,01/08/2010,,16.30944,119.92063,TS1,,1,Silicoflagellate,Tintinopsis,SF-Tintinopsis,140
2254,2010,Aug,1,01/08/2010,,16.30944,119.92063,TS1,,NB,Diatom,Rhizosolenia spp.,D-Rhizosolenia spp.,1090
2255,2010,Aug,1,01/08/2010,,16.30944,119.92063,TS1,,NB,Dinoflagellate,Protoperidinium sp,DF-Protoperidinium sp.,760
2256,2010,Aug,1,01/08/2010,,16.30944,119.92063,TS1,,NB,Dinoflagellate,Protoperidinium pellucidum,DF-Protoperidinium pellucidum,10
2257,2010,Aug,1,01/08/2010,,16.30944,119.92063,TS1,,NB,Silicoflagellate,Tintinopsis,SF-Tintinopsis,280
2258,2010,Aug,1,01/08/2010,,16.32003,119.93384,W8,,1,Diatom,Coscinodiscus spp.,D-Coscinodiscus spp.,140
2259,2010,Aug,1,01/08/2010,,16.32003,119.93384,W8,,1,Diatom,Thalassionema spp.,D-Thalassionema spp.,20
2260,2010,Aug,1,01/08/2010,,16.32003,119.93384,W8,,1,Diatom,Thalassiosira spp.,D-Thalassiosira spp.,420
2261,2010,Aug,1,01/08/2010,,16.32003,119.93384,W8,,1,Dinoflagellate,Diplopsalis spp.,DF-Diplopsalis spp.,20
2262,2010,Aug,1,01/08/2010,,16.32003,119.93384,W8,,1,Dinoflagellate,Gonyaulax polyedra,DF-Gonyaulax polyedra,20
2263,2010,Aug,1,01/08/2010,,16.32003,119.93384,W8,,1,Dinoflagellate,Peridinium quinquecorne,DF-Peridinium quinquecorne,30
2264,2010,Aug,1,01/08/2010,,16.32003,119.93384,W8,,1,Dinoflagellate,Prorocentrum micans,DF-Prorocentrum micans,1150
2265,2010,Aug,1,01/08/2010,,16.32003,119.93384,W8,,1,Dinoflagellate,Protoperidinium sp,DF-Protoperidinium sp.,70
2266,2010,Aug,1,01/08/2010,,16.32003,119.93384,W8,,1,Dinoflagellate,Protoperidinium pellucidum,DF-Protoperidinium pellucidum,20
2267,2010,Aug,1,01/08/2010,,16.37073,119.93401,W1,,1,Diatom,Pleurosigma spp.,D-Pleurosigma spp.,30
2268,2010,Aug,1,01/08/2010,,16.37073,119.93401,W1,,1,Diatom,Rhizosolenia spp.,D-Rhizosolenia spp.,550
2269,2010,Aug,1,01/08/2010,,16.37073,119.93401,W1,,1,Diatom,Thalassionema spp.,D-Thalassionema spp.,530
2270,2010,Aug,1,01/08/2010,,16.37073,119.93401,W1,,1,Dinoflagellate,Alexandrium spp.,DF-Alexandrium spp.,20
2271,2010,Aug,1,01/08/2010,,16.37073,119.93401,W1,,1,Dinoflagellate,Prorocentrum micans,DF-Prorocentrum micans,70
2272,2010,Aug,1,01/08/2010,,16.38326,119.92616,W1,,1,Dinoflagellate,Protoperidinium conicum,DF-Protoperidinium conicum,10
2273,2010,Aug,1,01/08/2010,,16.38326,119.92616,W1,,1,Dinoflagellate,Protoperidinium pellucidum,DF-Protoperidinium pellucidum,30
2274,2010,Aug,1,01/08/2010,,16.38326,119.92616,W1,,1,Silicoflagellate,Tintinopsis,SF-Tintinopsis,20
2275,2010,Aug,1,01/08/2010,,16.38326,119.92616,W1,,NB,Diatom,Pleurosigma spp.,D-Pleurosigma spp.,20
2276,2010,Aug,1,01/08/2010,,16.38326,119.92616,W1,,NB,Diatom,Pseudonitzschia spp.,D-Pseudonitzschia spp.,80
2277,2010,Aug,1,01/08/2010,,16.38326,119.92616,W1,,NB,Dinoflagellate,Protoperidinium pallidum,DF-Protoperidinium pallidum,30
2278,2010,Aug,1,01/08/2010,,16.33366,119.93322,A2,,1,Dinoflagellate,Peridinium quinquecorne,DF-Peridinium quinquecorne,40
2279,2010,Aug,1,01/08/2010,,16.33366,119.93322,A2,,1,Dinoflagellate,Prorocentrum micans,DF-Prorocentrum micans,30
2280,2010,Aug,1,01/08/2010,,16.33366,119.93322,A2,,1,Dinoflagellate,Protoperidinium sp.,DF-Protoperidinium sp.,110
2281,2010,Aug,1,01/08/2010,,16.33366,119.93322,A2,,1,Dinoflagellate,Protoperidinium pallidum,DF-Protoperidinium pallidum,30
2282,2010,Aug,1,01/08/2010,,16.33366,119.93322,A2,,1,Dinoflagellate,Scrippsiella trochoidea,DF-Scrippsiella trochoidea,10
2283,2010,Aug,1,01/08/2010,,16.33366,119.93322,A2,,1,Silicoflagellate,Tintinopsis,SF-Tintinopsis,30
2284,2010,Sep,1,01/09/2010,,16.38339,119.91585,TS2,,1,Diatom,Rhizosolenia spp.,D-Rhizosolenia spp.,80
2285,2010,Sep,1,01/09/2010,,16.38339,119.91585,TS2,,1,Diatom,Skeletonema costatum,D-Skeletonema costatum,160
2286,2010,Sep,1,01/09/2010,,16.38339,119.91585,TS2,,1,Dinoflagellate,Ceratium furca,DF-Ceratium furca,40
2287,2010,Sep,1,01/09/2010,,16.38339,119.91585,TS2,,1,Dinoflagellate,Gonyaulax polyedra,DF-Gonyaulax polyedra,200
2288,2010,Sep,1,01/09/2010,,16.38339,119.91585,TS2,,1,Dinoflagellate,Gyrodinium spirale,DF-Gyrodinium spirale,40
2289,2010,Sep,1,01/09/2010,,16.38339,119.91585,TS2,,1,Dinoflagellate,Protoperidinium sp,DF-Protoperidinium sp.,280
2290,2010,Sep,1,01/09/2010,,16.38339,119.91585,TS2,,1,Dinoflagellate,Protoperidinium conicum,DF-Protoperidinium conicum,80
2291,2010,Sep,1,01/09/2010,,16.38339,119.91585,TS2,,NB,Diatom,Odontella mobiliensis,D-Odontella mobiliensis,40
2292,2010,Sep,1,01/09/2010,,16.38339,119.91585,TS2,,NB,Dinoflagellate,Gonyaulax polyedra,DF-Gonyaulax polyedra,40
2293,2010,Sep,1,01/09/2010,,16.38339,119.91585,TS2,,NB,Dinoflagellate,Gyrodinium spirale,DF-Gyrodinium spirale,40
2294,2010,Sep,1,01/09/2010,,16.38339,119.91585,TS2,,NB,Dinoflagellate,Protoperidinium sp,DF-Protoperidinium sp.,80
2295,2010,Sep,1,01/09/2010,,16.32003,119.93384,W8,,1,Diatom,Coscinodiscus spp.,D-Coscinodiscus spp.,160
2296,2010,Sep,1,01/09/2010,,16.32003,119.93384,W8,,1,Diatom,Skeletonema costatum,D-Skeletonema costatum,80
2297,2010,Sep,1,01/09/2010,,16.32003,119.93384,W8,,1,Diatom,Thalassiosira spp.,D-Thalassiosira spp.,1640
2298,2010,Sep,1,01/09/2010,,16.32003,119.93384,W8,,1,Dinoflagellate,Diplopsalis spp.,DF-Diplopsalis spp.,80
2299,2010,Sep,1,01/09/2010,,16.32003,119.93384,W8,,1,Dinoflagellate,Gonyaulax polygramma,DF-Gonyaulax polygramma,440
2300,2010,Sep,1,01/09/2010,,16.32003,119.93384,W8,,1,Dinoflagellate,Peridinium quinquecorne,DF-Peridinium quinquecorne,120
2301,2010,Sep,1,01/09/2010,,16.32003,119.93384,W8,,1,Dinoflagellate,Prorocentrum micans,DF-Prorocentrum micans,4600
2302,2010,Sep,1,01/09/2010,,16.32003,119.93384,W8,,1,Dinoflagellate,Protoperidinium sp,DF-Protoperidinium sp.,280
2303,2010,Sep,1,01/09/2010,,16.32003,119.93384,W8,,1,Dinoflagellate,Protoperidinium pellucidum,DF-Protoperidinium pellucidum,80
2304,2010,Sep,1,01/09/2010,,16.32003,119.93384,W8,,1,Diatom,Cymbella sp.,D-Cymbella sp.,80
2305,2010,Sep,1,01/09/2010,,16.32003,119.93384,W8,,1,Silicoflagellate,Favella sp.,SF-Favella sp.,40
2306,2010,Sep,1,01/09/2010,,16.31124,119.92004,TS1,,1,Diatom,Coscinodiscus spp.,D-Coscinodiscus spp.,160
2307,2010,Sep,1,01/09/2010,,16.31124,119.92004,TS1,,1,Diatom,Thalassionema spp.,D-Thalassionema spp.,240
2308,2010,Sep,1,01/09/2010,,16.31124,119.92004,TS1,,1,Diatom,Thalassiosira spp.,D-Thalassiosira spp.,560
2309,2010,Sep,1,01/09/2010,,16.31124,119.92004,TS1,,1,Dinoflagellate,Dinophysis caudata,DF-Dinophysis caudata,40
2310,2010,Sep,1,01/09/2010,,16.31124,119.92004,TS1,,1,Dinoflagellate,Gonyaulax polyedra,DF-Gonyaulax polyedra,120
2311,2010,Sep,1,01/09/2010,,16.31124,119.92004,TS1,,1,Dinoflagellate,Peridinium quinquecorne,DF-Peridinium quinquecorne,400
2312,2010,Sep,1,01/09/2010,,16.31124,119.92004,TS1,,1,Dinoflagellate,Prorocentrum micans,DF-Prorocentrum micans,2360
2313,2010,Sep,1,01/09/2010,,16.31124,119.92004,TS1,,1,Dinoflagellate,Protoperidinium sp,DF-Protoperidinium sp.,120
2314,2010,Sep,1,01/09/2010,,16.31124,119.92004,TS1,,1,Dinoflagellate,Protoperidinium latispinum,DF-Protoperidinium latispinum,80
2315,2010,Sep,1,01/09/2010,,16.31124,119.92004,TS1,,1,Silicoflagellate,Tintinopsis,SF-Tintinopsis,80
2316,2010,Sep,1,01/09/2010,,16.31124,119.92004,TS1,,1,Dinoflagellate,Oxytoxum spp.,DF-Oxytoxum spp.,80
2317,2010,Sep,1,01/09/2010,,16.31124,119.92004,TS1,,1,Dinoflagellate,Phalacroma sp.,DF-Phalacroma sp.,40
2318,2010,Sep,1,01/09/2010,,16.31124,119.92004,TS1,,NB,Diatom,Cylindricotheca closterium,D-Cylindricotheca closterium,40
2319,2010,Sep,1,01/09/2010,,16.31124,119.92004,TS1,,NB,Diatom,Thalassiosira spp.,D-Thalassiosira spp.,80
2320,2010,Sep,1,01/09/2010,,16.31124,119.92004,TS1,,NB,Dinoflagellate,Gonyaulax polyedra,DF-Gonyaulax polyedra,40
2321,2010,Sep,1,01/09/2010,,16.31124,119.92004,TS1,,NB,Dinoflagellate,Gyrodinium spirale,DF-Gyrodinium spirale,40
2322,2010,Sep,1,01/09/2010,,16.31124,119.92004,TS1,,NB,Dinoflagellate,Prorocentrum micans,DF-Prorocentrum micans,240
2323,2010,Sep,1,01/09/2010,,16.31124,119.92004,TS1,,NB,Dinoflagellate,Protoperidinium pellucidum,DF-Protoperidinium pellucidum,80
2324,2010,Sep,1,01/09/2010,,16.31124,119.92004,TS1,,NB,Dinoflagellate,Oxytoxum spp.,DF-Oxytoxum spp.,80
2325,2010,Sep,1,01/09/2010,,16.37932,119.9267,BML7,,1,Diatom,Coscinodiscus spp.,D-Coscinodiscus spp.,240
2326,2010,Sep,1,01/09/2010,,16.37932,119.9267,BML7,,1,Diatom,Thalassionema spp.,D-Thalassionema spp.,40
2327,2010,Sep,1,01/09/2010,,16.37932,119.9267,BML7,,1,Diatom,Thalassiosira spp.,D-Thalassiosira spp.,240
2328,2010,Sep,1,01/09/2010,,16.37932,119.9267,BML7,,1,Dinoflagellate,Ceratium furca,DF-Ceratium furca,120
2329,2010,Sep,1,01/09/2010,,16.37932,119.9267,BML7,,1,Dinoflagellate,Diplopsalis spp.,DF-Diplopsalis spp.,40
2330,2010,Sep,1,01/09/2010,,16.37932,119.9267,BML7,,1,Dinoflagellate,Diplopsalis orbicularis,DF-Diplopsalis orbicularis,40
2331,2010,Sep,1,01/09/2010,,16.37932,119.9267,BML7,,1,Dinoflagellate,Gonyaulax polyedra,DF-Gonyaulax polyedra,80
2332,2010,Sep,1,01/09/2010,,16.37932,119.9267,BML7,,1,Dinoflagellate,Karenia  mikimotoi,DF-Karenia  mikimotoi,120
2333,2010,Sep,1,01/09/2010,,16.37932,119.9267,BML7,,1,Dinoflagellate,Gyrodinium spirale,DF-Gyrodinium spirale,120
2334,2010,Sep,1,01/09/2010,,16.37932,119.9267,BML7,,1,Dinoflagellate,Prorocentrum micans,DF-Prorocentrum micans,1320
2335,2010,Sep,1,01/09/2010,,16.37932,119.9267,BML7,,1,Dinoflagellate,Protoperidinium conicum,DF-Protoperidinium conicum,240
2336,2010,Sep,1,01/09/2010,,16.37932,119.9267,BML7,,1,Dinoflagellate,Protoperidinium pallidum,DF-Protoperidinium pallidum,40
2337,2010,Sep,1,01/09/2010,,16.37932,119.9267,BML7,,1,Cyanobacteria,Trichodesmium sp.,CYN-Trichodesmium sp.,80
2338,2010,Sep,1,01/09/2010,,16.37932,119.9267,BML7,,NB,Diatom,Cylindricotheca closterium,D-Cylindricotheca closterium,200
2339,2010,Sep,1,01/09/2010,,16.37932,119.9267,BML7,,NB,Diatom,Pleurosigma spp.,D-Pleurosigma spp.,80
2340,2010,Sep,1,01/09/2010,,16.37932,119.9267,BML7,,NB,Diatom,Thalassionema spp.,D-Thalassionema spp.,240
2341,2010,Sep,1,01/09/2010,,16.37932,119.9267,BML7,,NB,Diatom,Thalassiosira spp.,D-Thalassiosira spp.,680
2342,2010,Sep,1,01/09/2010,,16.37932,119.9267,BML7,,NB,Dinoflagellate,Ceratium belone,DF-Ceratium belone,40
2343,2010,Sep,1,01/09/2010,,16.37932,119.9267,BML7,,NB,Dinoflagellate,Diplopsalis spp.,DF-Diplopsalis spp.,40
2344,2010,Sep,1,01/09/2010,,16.37932,119.9267,BML7,,NB,Dinoflagellate,Peridinium quinquecorne,DF-Peridinium quinquecorne,160
2345,2010,Sep,1,01/09/2010,,16.37932,119.9267,BML7,,NB,Dinoflagellate,Prorocentrum micans,DF-Prorocentrum micans,1440
2346,2010,Sep,1,01/09/2010,,16.37932,119.9267,BML7,,NB,Dinoflagellate,Protoperidinium latispinum,DF-Protoperidinium latispinum,40
2347,2010,Sep,1,01/09/2010,,16.38018,119.91021,BML1,,1,Diatom,Coscinodiscus spp.,D-Coscinodiscus spp.,480
2348,2010,Sep,1,01/09/2010,,16.38018,119.91021,BML1,,1,Diatom,Thalassiosira spp.,D-Thalassiosira spp.,320
2349,2010,Sep,1,01/09/2010,,16.38018,119.91021,BML1,,1,Dinoflagellate,Gonyaulax polyedra,DF-Gonyaulax polyedra,40
2350,2010,Sep,1,01/09/2010,,16.38018,119.91021,BML1,,1,Dinoflagellate,Prorocentrum micans,DF-Prorocentrum micans,1520
2351,2010,Sep,1,01/09/2010,,16.38018,119.91021,BML1,,1,Dinoflagellate,Protoperidinium sp,DF-Protoperidinium sp.,40
2352,2010,Sep,1,01/09/2010,,16.38018,119.91021,BML1,,1,Dinoflagellate,Protoperidinium conicum,DF-Protoperidinium conicum,240
2353,2010,Sep,1,01/09/2010,,16.38018,119.91021,BML1,,1,Dinoflagellate,Protoperidinium pallidum,DF-Protoperidinium pallidum,160
2354,2010,Sep,1,01/09/2010,,16.38018,119.91021,BML1,,1,Dinoflagellate,Scrippsiella trochoidea,DF-Scrippsiella trochoidea,80
2355,2010,Sep,1,01/09/2010,,16.38018,119.91021,BML1,,1,Diatom,Melosira sp.,D-Melosira sp.,40
2356,2010,Sep,1,01/09/2010,,16.38018,119.91021,BML1,,NB,Diatom,Coscinodiscus spp.,D-Coscinodiscus spp.,320
2357,2010,Sep,1,01/09/2010,,16.38018,119.91021,BML1,,NB,Diatom,Pleurosigma spp.,D-Pleurosigma spp.,80
2358,2010,Sep,1,01/09/2010,,16.38018,119.91021,BML1,,NB,Diatom,Thalassiosira spp.,D-Thalassiosira spp.,880
2359,2010,Sep,1,01/09/2010,,16.38018,119.91021,BML1,,NB,Dinoflagellate,Diplopsalis spp.,DF-Diplopsalis spp.,40
2360,2010,Sep,1,01/09/2010,,16.38018,119.91021,BML1,,NB,Dinoflagellate,Gonyaulax polyedra,DF-Gonyaulax polyedra,120
2361,2010,Sep,1,01/09/2010,,16.38018,119.91021,BML1,,NB,Dinoflagellate,Gyrodinium spirale,DF-Gyrodinium spirale,120
2362,2010,Sep,1,01/09/2010,,16.38018,119.91021,BML1,,NB,Dinoflagellate,Prorocentrum micans,DF-Prorocentrum micans,1840
2363,2010,Sep,1,01/09/2010,,16.38018,119.91021,BML1,,NB,Dinoflagellate,Protoperidinium sp,DF-Protoperidinium sp.,80
2364,2010,Sep,1,01/09/2010,,16.38018,119.91021,BML1,,NB,Dinoflagellate,Protoperidinium grande,DF-Protoperidinium grande,120
2365,2010,Sep,1,01/09/2010,,16.38018,119.91021,BML1,,NB,Dinoflagellate,Protoperidinium oblongum,DF-Protoperidinium oblongum,80
2366,2010,Sep,1,01/09/2010,,16.38018,119.91021,BML1,,NB,Dinoflagellate,Protoperidinium pallidum,DF-Protoperidinium pallidum,200
2367,2010,Sep,1,01/09/2010,,16.38018,119.91021,BML1,,NB,Dinoflagellate,Protoperidinium pellucidum,DF-Protoperidinium pellucidum,80
2368,2010,Sep,1,01/09/2010,,16.38018,119.91021,BML1,,NB,Dinoflagellate,Oxytoxum spp.,DF-Oxytoxum spp.,120
2369,2010,Sep,1,01/09/2010,,16.38018,119.91021,BML1,,NB,Silicoflagellate,Favella sp.,SF-Favella sp.,40
2370,2010,Sep,1,01/09/2010,,16.37932,119.9267,BML7,,1,Diatom,Cylindricotheca closterium,D-Cylindricotheca closterium,280
2371,2010,Sep,1,01/09/2010,,16.37932,119.9267,BML7,,1,Diatom,Thalassiosira spp.,D-Thalassiosira spp.,200
2372,2010,Sep,1,01/09/2010,,16.37932,119.9267,BML7,,1,Dinoflagellate,Ceratium fusus,DF-Ceratium fusus,80
2373,2010,Sep,1,01/09/2010,,16.37932,119.9267,BML7,,1,Dinoflagellate,Diplopsalis spp.,DF-Diplopsalis spp.,160
2374,2010,Sep,1,01/09/2010,,16.37932,119.9267,BML7,,1,Dinoflagellate,Karenia  mikimotoi,DF-Karenia  mikimotoi,80
2375,2010,Sep,1,01/09/2010,,16.37932,119.9267,BML7,,1,Dinoflagellate,Prorocentrum micans,DF-Prorocentrum micans,1920
2376,2010,Sep,1,01/09/2010,,16.37932,119.9267,BML7,,1,Dinoflagellate,Protoperidinium sp,DF-Protoperidinium sp.,120
2377,2010,Sep,1,01/09/2010,,16.37932,119.9267,BML7,,1,Dinoflagellate,Protoperidinium conicum,DF-Protoperidinium conicum,240
2378,2010,Sep,1,01/09/2010,,16.37932,119.9267,BML7,,1,Dinoflagellate,Protoperidinium latispinum,DF-Protoperidinium latispinum,40
2379,2010,Sep,1,01/09/2010,,16.37932,119.9267,BML7,,1,Dinoflagellate,Protoperidinium pallidum,DF-Protoperidinium pallidum,120
2380,2010,Sep,1,01/09/2010,,16.37932,119.9267,BML7,,NB,Diatom,Cylindricotheca closterium,D-Cylindricotheca closterium,200
2381,2010,Sep,1,01/09/2010,,16.37932,119.9267,BML7,,NB,Diatom,Pleurosigma spp.,D-Pleurosigma spp.,80
2382,2010,Sep,1,01/09/2010,,16.37932,119.9267,BML7,,NB,Diatom,Thalassionema spp.,D-Thalassionema spp.,240
2383,2010,Sep,1,01/09/2010,,16.37932,119.9267,BML7,,NB,Diatom,Thalassiosira spp.,D-Thalassiosira spp.,680
2384,2010,Sep,1,01/09/2010,,16.37932,119.9267,BML7,,NB,Dinoflagellate,Ceratium belone,DF-Ceratium belone,40
2385,2010,Sep,1,01/09/2010,,16.37932,119.9267,BML7,,NB,Dinoflagellate,Diplopsalis spp.,DF-Diplopsalis spp.,40
2386,2010,Sep,1,01/09/2010,,16.37932,119.9267,BML7,,NB,Dinoflagellate,Peridinium quinquecorne,DF-Peridinium quinquecorne,160
2387,2010,Sep,1,01/09/2010,,16.37932,119.9267,BML7,,NB,Dinoflagellate,Prorocentrum micans,DF-Prorocentrum micans,1440
2388,2010,Sep,1,01/09/2010,,16.37932,119.9267,BML7,,NB,Dinoflagellate,Protoperidinium latispinum,DF-Protoperidinium latispinum,40
2389,2010,Sep,1,01/09/2010,,16.38326,119.92616,LJC12,,1,Diatom,Coscinodiscus spp.,D-Coscinodiscus spp.,80
2390,2010,Sep,1,01/09/2010,,16.38326,119.92616,LJC12,,1,Diatom,Thalassionema spp.,D-Thalassionema spp.,80
2391,2010,Sep,1,01/09/2010,,16.38326,119.92616,LJC12,,1,Diatom,Thalassiosira spp.,D-Thalassiosira spp.,160
2392,2010,Sep,1,01/09/2010,,16.38326,119.92616,LJC12,,1,Dinoflagellate,Alexandrium spp.,DF-Alexandrium spp.,80
2393,2010,Sep,1,01/09/2010,,16.38326,119.92616,LJC12,,1,Dinoflagellate,Ceratium breve,DF-Ceratium breve,80
2394,2010,Sep,1,01/09/2010,,16.38326,119.92616,LJC12,,1,Dinoflagellate,Diplopsalis spp.,DF-Diplopsalis spp.,40
2395,2010,Sep,1,01/09/2010,,16.38326,119.92616,LJC12,,1,Dinoflagellate,Gonyaulax polyedra,DF-Gonyaulax polyedra,240
2396,2010,Sep,1,01/09/2010,,16.38326,119.92616,LJC12,,1,Dinoflagellate,Prorocentrum micans,DF-Prorocentrum micans,1040
2397,2010,Sep,1,01/09/2010,,16.38326,119.92616,LJC12,,1,Dinoflagellate,Protoperidinium sp,DF-Protoperidinium sp.,240
2398,2010,Sep,1,01/09/2010,,16.38326,119.92616,LJC12,,1,Dinoflagellate,Protoperidinium latispinum,DF-Protoperidinium latispinum,40
2399,2010,Sep,1,01/09/2010,,16.38326,119.92616,LJC12,,1,Dinoflagellate,Protoperidinium pyriforme,DF-Protoperidinium pyriforme,40
2400,2010,Sep,1,01/09/2010,,16.38326,119.92616,LJC12,,NB,Diatom,Coscinodiscus spp.,D-Coscinodiscus spp.,40
2401,2010,Sep,1,01/09/2010,,16.38326,119.92616,LJC12,,NB,Dinoflagellate,Gonyaulax polyedra,DF-Gonyaulax polyedra,80
2402,2010,Sep,1,01/09/2010,,16.38326,119.92616,LJC12,,NB,Dinoflagellate,Prorocentrum micans,DF-Prorocentrum micans,40
2403,2010,Sep,1,01/09/2010,,16.38326,119.92616,LJC12,,NB,Dinoflagellate,Protoperidinium sp,DF-Protoperidinium sp.,40
2404,2010,Sep,1,01/09/2010,,16.28459,119.92285,A4,,1,Diatom,Coscinodiscus spp.,D-Coscinodiscus spp.,320
2405,2010,Sep,1,01/09/2010,,16.28459,119.92285,A4,,1,Diatom,Skeletonema costatum,D-Skeletonema costatum,80
2406,2010,Sep,1,01/09/2010,,16.28459,119.92285,A4,,1,Diatom,Thalassiosira spp.,D-Thalassiosira spp.,280
2407,2010,Sep,1,01/09/2010,,16.28459,119.92285,A4,,1,Dinoflagellate,Ceratium furca,DF-Ceratium furca,80
2408,2010,Sep,1,01/09/2010,,16.28459,119.92285,A4,,1,Dinoflagellate,Prorocentrum micans,DF-Prorocentrum micans,1360
2409,2010,Sep,1,01/09/2010,,16.28459,119.92285,A4,,1,Dinoflagellate,Protoperidinium sp,DF-Protoperidinium sp.,80
2410,2010,Sep,1,01/09/2010,,16.28459,119.92285,A4,,NB,Diatom,Thalassiosira spp.,D-Thalassiosira spp.,120
2411,2010,Sep,1,01/09/2010,,16.28459,119.92285,A4,,NB,Dinoflagellate,Prorocentrum micans,DF-Prorocentrum micans,80
2412,2010,Sep,1,01/09/2010,,16.28459,119.92285,A4,,NB,Cyanobacteria,Trichodesmium sp.,CYN-Trichodesmium sp.,80
2413,2010,Oct,1,01/10/2010,,16.38339,119.91585,TS2,,1,Diatom,Rhizosolenia spp.,D-Rhizosolenia spp.,80
2414,2010,Oct,1,01/10/2010,,16.38339,119.91585,TS2,,1,Diatom,Skeletonema costatum,D-Skeletonema costatum,160
2415,2010,Oct,1,01/10/2010,,16.38339,119.91585,TS2,,1,Dinoflagellate,Ceratium furca,DF-Ceratium furca,40
2416,2010,Oct,1,01/10/2010,,16.38339,119.91585,TS2,,1,Dinoflagellate,Gonyaulax polyedra,DF-Gonyaulax polyedra,200
2417,2010,Oct,1,01/10/2010,,16.38339,119.91585,TS2,,1,Dinoflagellate,Gyrodinium spirale,DF-Gyrodinium spirale,40
2418,2010,Oct,1,01/10/2010,,16.38339,119.91585,TS2,,1,Dinoflagellate,Protoperidinium sp,DF-Protoperidinium sp.,280
2419,2010,Oct,1,01/10/2010,,16.38339,119.91585,TS2,,1,Dinoflagellate,Protoperidinium conicum,DF-Protoperidinium conicum,80
2420,2010,Oct,1,01/10/2010,,16.38339,119.91585,TS2,,NB,Diatom,Odontella mobiliensis,D-Odontella mobiliensis,40
2421,2010,Oct,1,01/10/2010,,16.38339,119.91585,TS2,,NB,Dinoflagellate,Gonyaulax polyedra,DF-Gonyaulax polyedra,40
2422,2010,Oct,1,01/10/2010,,16.38339,119.91585,TS2,,NB,Dinoflagellate,Gyrodinium spirale,DF-Gyrodinium spirale,40
2423,2010,Oct,1,01/10/2010,,16.38339,119.91585,TS2,,NB,Dinoflagellate,Protoperidinium sp,DF-Protoperidinium sp.,80
2424,2010,Oct,1,01/10/2010,,16.32003,119.93384,W8,,1,Diatom,Coscinodiscus spp.,D-Coscinodiscus spp.,160
2425,2010,Oct,1,01/10/2010,,16.32003,119.93384,W8,,1,Diatom,Skeletonema costatum,D-Skeletonema costatum,80
2426,2010,Oct,1,01/10/2010,,16.32003,119.93384,W8,,1,Diatom,Thalassiosira spp.,D-Thalassiosira spp.,1640
2427,2010,Oct,1,01/10/2010,,16.32003,119.93384,W8,,1,Dinoflagellate,Diplopsalis spp.,DF-Diplopsalis spp.,80
2428,2010,Oct,1,01/10/2010,,16.32003,119.93384,W8,,1,Dinoflagellate,Gonyaulax polygramma,DF-Gonyaulax polygramma,440
2429,2010,Oct,1,01/10/2010,,16.32003,119.93384,W8,,1,Dinoflagellate,Peridinium quinquecorne,DF-Peridinium quinquecorne,120
2430,2010,Oct,1,01/10/2010,,16.32003,119.93384,W8,,1,Dinoflagellate,Prorocentrum micans,DF-Prorocentrum micans,4600
2431,2010,Oct,1,01/10/2010,,16.32003,119.93384,W8,,1,Dinoflagellate,Protoperidinium sp,DF-Protoperidinium sp.,280
2432,2010,Oct,1,01/10/2010,,16.32003,119.93384,W8,,1,Dinoflagellate,Protoperidinium pellucidum,DF-Protoperidinium pellucidum,80
2433,2010,Oct,1,01/10/2010,,16.32003,119.93384,W8,,1,Diatom,Cymbella sp.,D-Cymbella sp.,80
2434,2010,Oct,1,01/10/2010,,16.32003,119.93384,W8,,1,Silicoflagellate,Favella sp.,SF-Favella sp.,40
2435,2010,Oct,1,01/10/2010,,16.31124,119.92004,TS1,,1,Diatom,Coscinodiscus spp.,D-Coscinodiscus spp.,160
2436,2010,Oct,1,01/10/2010,,16.31124,119.92004,TS1,,1,Diatom,Thalassionema spp.,D-Thalassionema spp.,240
2437,2010,Oct,1,01/10/2010,,16.31124,119.92004,TS1,,1,Diatom,Thalassiosira spp.,D-Thalassiosira spp.,560
2438,2010,Oct,1,01/10/2010,,16.31124,119.92004,TS1,,1,Dinoflagellate,Dinophysis caudata,DF-Dinophysis caudata,40
2439,2010,Oct,1,01/10/2010,,16.31124,119.92004,TS1,,1,Dinoflagellate,Gonyaulax polyedra,DF-Gonyaulax polyedra,120
2440,2010,Oct,1,01/10/2010,,16.31124,119.92004,TS1,,1,Dinoflagellate,Peridinium quinquecorne,DF-Peridinium quinquecorne,400
2441,2010,Oct,1,01/10/2010,,16.31124,119.92004,TS1,,1,Dinoflagellate,Prorocentrum micans,DF-Prorocentrum micans,2360
2442,2010,Oct,1,01/10/2010,,16.31124,119.92004,TS1,,1,Dinoflagellate,Protoperidinium sp,DF-Protoperidinium sp.,120
2443,2010,Oct,1,01/10/2010,,16.31124,119.92004,TS1,,1,Dinoflagellate,Protoperidinium latispinum,DF-Protoperidinium latispinum,80
2444,2010,Oct,1,01/10/2010,,16.31124,119.92004,TS1,,1,Silicoflagellate,Tintinopsis,SF-Tintinopsis,80
2445,2010,Oct,1,01/10/2010,,16.31124,119.92004,TS1,,1,Dinoflagellate,Oxytoxum spp.,DF-Oxytoxum spp.,80
2446,2010,Oct,1,01/10/2010,,16.31124,119.92004,TS1,,1,Dinoflagellate,Phalacroma sp.,DF-Phalacroma sp.,40
2447,2010,Oct,1,01/10/2010,,16.31124,119.92004,TS1,,NB,Diatom,Cylindricotheca closterium,D-Cylindricotheca closterium,40
2448,2010,Oct,1,01/10/2010,,16.31124,119.92004,TS1,,NB,Diatom,Thalassiosira spp.,D-Thalassiosira spp.,80
2449,2010,Oct,1,01/10/2010,,16.31124,119.92004,TS1,,NB,Dinoflagellate,Gonyaulax polyedra,DF-Gonyaulax polyedra,40
2450,2010,Oct,1,01/10/2010,,16.31124,119.92004,TS1,,NB,Dinoflagellate,Gyrodinium spirale,DF-Gyrodinium spirale,40
2451,2010,Oct,1,01/10/2010,,16.31124,119.92004,TS1,,NB,Dinoflagellate,Prorocentrum micans,DF-Prorocentrum micans,240
2452,2010,Oct,1,01/10/2010,,16.31124,119.92004,TS1,,NB,Dinoflagellate,Protoperidinium pellucidum,DF-Protoperidinium pellucidum,80
2453,2010,Oct,1,01/10/2010,,16.31124,119.92004,TS1,,NB,Dinoflagellate,Oxytoxum spp.,DF-Oxytoxum spp.,80
2454,2010,Oct,1,01/10/2010,,16.37932,119.9267,BML7,,1,Diatom,Coscinodiscus spp.,D-Coscinodiscus spp.,240
2455,2010,Oct,1,01/10/2010,,16.37932,119.9267,BML7,,1,Diatom,Thalassionema spp.,D-Thalassionema spp.,40
2456,2010,Oct,1,01/10/2010,,16.37932,119.9267,BML7,,1,Diatom,Thalassiosira spp.,D-Thalassiosira spp.,240
2457,2010,Oct,1,01/10/2010,,16.37932,119.9267,BML7,,1,Dinoflagellate,Ceratium furca,DF-Ceratium furca,120
2458,2010,Oct,1,01/10/2010,,16.37932,119.9267,BML7,,1,Dinoflagellate,Diplopsalis spp.,DF-Diplopsalis spp.,40
2459,2010,Oct,1,01/10/2010,,16.37932,119.9267,BML7,,1,Dinoflagellate,Diplopsalis orbicularis,DF-Diplopsalis orbicularis,40
2460,2010,Oct,1,01/10/2010,,16.37932,119.9267,BML7,,1,Dinoflagellate,Gonyaulax polyedra,DF-Gonyaulax polyedra,80
2461,2010,Oct,1,01/10/2010,,16.37932,119.9267,BML7,,1,Dinoflagellate,Gymnodinium catenatum,DF-Gymnodinium catenatum,120
2462,2010,Oct,1,01/10/2010,,16.37932,119.9267,BML7,,1,Dinoflagellate,Gyrodinium spirale,DF-Gyrodinium spirale,120
2463,2010,Oct,1,01/10/2010,,16.37932,119.9267,BML7,,1,Dinoflagellate,Prorocentrum micans,DF-Prorocentrum micans,1320
2464,2010,Oct,1,01/10/2010,,16.37932,119.9267,BML7,,1,Dinoflagellate,Protoperidinium conicum,DF-Protoperidinium conicum,240
2465,2010,Oct,1,01/10/2010,,16.37932,119.9267,BML7,,1,Dinoflagellate,Protoperidinium pallidum,DF-Protoperidinium pallidum,40
2466,2010,Oct,1,01/10/2010,,16.37932,119.9267,BML7,,1,Cyanobacteria,Trichodesmium sp.,CYN-Trichodesmium sp.,80
2467,2010,Oct,1,01/10/2010,,16.38018,119.91021,BML1,,1,Diatom,Coscinodiscus spp.,D-Coscinodiscus spp.,480
2468,2010,Oct,1,01/10/2010,,16.38018,119.91021,BML1,,1,Diatom,Thalassiosira spp.,D-Thalassiosira spp.,320
2469,2010,Oct,1,01/10/2010,,16.38018,119.91021,BML1,,1,Dinoflagellate,Gonyaulax polyedra,DF-Gonyaulax polyedra,40
2470,2010,Oct,1,01/10/2010,,16.38018,119.91021,BML1,,1,Dinoflagellate,Prorocentrum micans,DF-Prorocentrum micans,1520
2471,2010,Oct,1,01/10/2010,,16.38018,119.91021,BML1,,1,Dinoflagellate,Protoperidinium sp,DF-Protoperidinium sp.,40
2472,2010,Oct,1,01/10/2010,,16.38018,119.91021,BML1,,1,Dinoflagellate,Protoperidinium conicum,DF-Protoperidinium conicum,240
2473,2010,Oct,1,01/10/2010,,16.38018,119.91021,BML1,,1,Dinoflagellate,Protoperidinium pallidum,DF-Protoperidinium pallidum,160
2474,2010,Oct,1,01/10/2010,,16.38018,119.91021,BML1,,1,Dinoflagellate,Scrippsiella trochoidea,DF-Scrippsiella trochoidea,80
2475,2010,Oct,1,01/10/2010,,16.38018,119.91021,BML1,,1,Diatom,Melosira sp.,D-Melosira sp.,40
2476,2010,Oct,1,01/10/2010,,16.33366,119.93322,A2,,1,Diatom,Coscinodiscus spp.,D-Coscinodiscus spp.,320
2477,2010,Oct,1,01/10/2010,,16.33366,119.93322,A2,,1,Diatom,Cylindricotheca closterium,D-Cylindricotheca closterium,40
2478,2010,Oct,1,01/10/2010,,16.33366,119.93322,A2,,1,Diatom,Pseudonitzschia spp.,D-Pseudonitzschia spp.,80
2479,2010,Oct,1,01/10/2010,,16.33366,119.93322,A2,,1,Diatom,Pleurosigma spp.,D-Pleurosigma spp.,120
2480,2010,Oct,1,01/10/2010,,16.33366,119.93322,A2,,1,Diatom,Thalassiosira spp.,D-Thalassiosira spp.,240
2481,2010,Oct,1,01/10/2010,,16.33366,119.93322,A2,,1,Dinoflagellate,Alexandrium spp.,DF-Alexandrium spp.,200
2482,2010,Oct,1,01/10/2010,,16.33366,119.93322,A2,,1,Dinoflagellate,Peridinium quinquecorne,DF-Peridinium quinquecorne,160
2483,2010,Oct,1,01/10/2010,,16.33366,119.93322,A2,,1,Diatom,Leptocylindrus spp.,D-Leptocylindrus spp.,6280
2484,2010,Oct,1,01/10/2010,,16.34775,119.93452,W9,,1,Diatom,Coscinodiscus spp.,D-Coscinodiscus spp.,400
2485,2010,Oct,1,01/10/2010,,16.34775,119.93452,W9,,1,Diatom,Pleurosigma spp.,D-Pleurosigma spp.,240
2486,2010,Oct,1,01/10/2010,,16.34775,119.93452,W9,,1,Diatom,Rhizosolenia spp.,D-Rhizosolenia spp.,40
2487,2010,Oct,1,01/10/2010,,16.34775,119.93452,W9,,1,Diatom,Thalassiosira spp.,D-Thalassiosira spp.,1200
2488,2010,Oct,1,01/10/2010,,16.34775,119.93452,W9,,1,Dinoflagellate,Alexandrium spp.,DF-Alexandrium spp.,40
2489,2010,Oct,1,01/10/2010,,16.34775,119.93452,W9,,1,Dinoflagellate,Ceratium furca,DF-Ceratium furca,40
2490,2010,Oct,1,01/10/2010,,16.34775,119.93452,W9,,1,Dinoflagellate,Karenia  mikimotoi,DF-Karenia  mikimotoi,40
2491,2010,Oct,1,01/10/2010,,16.34775,119.93452,W9,,1,Dinoflagellate,Prorocentrum micans,DF-Prorocentrum micans,120
2492,2010,Oct,1,01/10/2010,,16.34775,119.93452,W9,,1,Dinoflagellate,Protoperidinium pallidum,DF-Protoperidinium pallidum,280
2493,2010,Oct,1,01/10/2010,,16.34775,119.93452,W9,,1,Dinoflagellate,Protoperidinium pellucidum,DF-Protoperidinium pellucidum,40
2494,2010,Oct,1,01/10/2010,,16.34775,119.93452,W9,,1,Dinoflagellate,Scrippsiella trochoidea,DF-Scrippsiella trochoidea,160
2495,2010,Oct,1,01/10/2010,,16.34775,119.93452,W9,,1,Diatom,Leptocylindrus spp.,D-Leptocylindrus spp.,8760
2496,2010,Oct,1,01/10/2010,,16.34775,119.93452,W9,,1,Diatom,Cymbella sp.,D-Cymbella sp.,40
2497,2010,Oct,1,01/10/2010,,16.32003,119.93384,W8,,1,Diatom,Coscinodiscus spp.,D-Coscinodiscus spp.,160
2498,2010,Oct,1,01/10/2010,,16.32003,119.93384,W8,,1,Diatom,Navicula sp.,D-Navicula sp.,120
2499,2010,Oct,1,01/10/2010,,16.32003,119.93384,W8,,1,Diatom,Thalassionema spp.,D-Thalassionema spp.,40
2500,2010,Oct,1,01/10/2010,,16.32003,119.93384,W8,,1,Diatom,Thalassiosira spp.,D-Thalassiosira spp.,80
2501,2010,Oct,1,01/10/2010,,16.32003,119.93384,W8,,1,Dinoflagellate,Alexandrium spp.,DF-Alexandrium spp.,40
2502,2010,Oct,1,01/10/2010,,16.32003,119.93384,W8,,1,Dinoflagellate,Gonyaulax polyedra,DF-Gonyaulax polyedra,40
2503,2010,Oct,1,01/10/2010,,16.32003,119.93384,W8,,1,Dinoflagellate,Scrippsiella trochoidea,DF-Scrippsiella trochoidea,80
2504,2010,Oct,1,01/10/2010,,16.32003,119.93384,W8,,1,Diatom,Leptocylindrus spp.,D-Leptocylindrus spp.,13240
2505,2010,Oct,1,01/10/2010,,16.32003,119.93384,W8,,1,Dinoflagellate,Oxytoxum spp.,DF-Oxytoxum spp.,40
2506,2010,Oct,1,01/10/2010,,16.38339,119.91585,TS2,,1,Diatom,Coscinodiscus spp.,D-Coscinodiscus spp.,440
2507,2010,Oct,1,01/10/2010,,16.38339,119.91585,TS2,,1,Diatom,Cylindricotheca closterium,D-Cylindricotheca closterium,120
2508,2010,Oct,1,01/10/2010,,16.38339,119.91585,TS2,,1,Diatom,Pseudonitzschia spp.,D-Pseudonitzschia spp.,7240
2509,2010,Oct,1,01/10/2010,,16.38339,119.91585,TS2,,1,Diatom,Pleurosigma spp.,D-Pleurosigma spp.,40
2510,2010,Oct,1,01/10/2010,,16.38339,119.91585,TS2,,1,Diatom,Thalassionema spp.,D-Thalassionema spp.,280
2511,2010,Oct,1,01/10/2010,,16.38339,119.91585,TS2,,1,Diatom,Thalassiosira spp.,D-Thalassiosira spp.,800
2512,2010,Oct,1,01/10/2010,,16.38339,119.91585,TS2,,1,Dinoflagellate,Alexandrium spp.,DF-Alexandrium spp.,240
2513,2010,Oct,1,01/10/2010,,16.38339,119.91585,TS2,,1,Dinoflagellate,Dinophysis caudata,DF-Dinophysis caudata,40
2514,2010,Oct,1,01/10/2010,,16.38339,119.91585,TS2,,1,Dinoflagellate,Diplopsalis spp.,DF-Diplopsalis spp.,80
2515,2010,Oct,1,01/10/2010,,16.38339,119.91585,TS2,,1,Dinoflagellate,Peridinium quinquecorne,DF-Peridinium quinquecorne,680
2516,2010,Oct,1,01/10/2010,,16.38339,119.91585,TS2,,1,Dinoflagellate,Protoperidinium oblongum,DF-Protoperidinium oblongum,80
2517,2010,Oct,1,01/10/2010,,16.38339,119.91585,TS2,,1,Dinoflagellate,Protoperidinium pallidum,DF-Protoperidinium pallidum,80
2518,2010,Oct,1,01/10/2010,,16.38339,119.91585,TS2,,1,Dinoflagellate,Protoperidinium pellucidum,DF-Protoperidinium pellucidum,320
2519,2010,Oct,1,01/10/2010,,16.38339,119.91585,TS2,,1,Diatom,Cymbella sp.,D-Cymbella sp.,40
2520,2010,Oct,1,01/10/2010,,16.38339,119.91585,TS2,,NB,Diatom,Coscinodiscus spp.,D-Coscinodiscus spp.,280
2521,2010,Oct,1,01/10/2010,,16.38339,119.91585,TS2,,NB,Diatom,Pleurosigma spp.,D-Pleurosigma spp.,320
2522,2010,Oct,1,01/10/2010,,16.38339,119.91585,TS2,,NB,Diatom,Thalassiosira spp.,D-Thalassiosira spp.,160
2523,2010,Oct,1,01/10/2010,,16.38339,119.91585,TS2,,NB,Dinoflagellate,Protoperidinium pellucidum,DF-Protoperidinium pellucidum,80
2524,2010,Oct,1,01/10/2010,,16.38326,119.92616,LJC12,,1,Diatom,Coscinodiscus spp.,D-Coscinodiscus spp.,40
2525,2010,Oct,1,01/10/2010,,16.38326,119.92616,LJC12,,1,Diatom,Thalassionema spp.,D-Thalassionema spp.,120
2526,2010,Oct,1,01/10/2010,,16.38326,119.92616,LJC12,,1,Diatom,Thalassiosira spp.,D-Thalassiosira spp.,120
2527,2010,Oct,1,01/10/2010,,16.38326,119.92616,LJC12,,1,Dinoflagellate,Gyrodinium spirale,DF-Gyrodinium spirale,120
2528,2010,Oct,1,01/10/2010,,16.38326,119.92616,LJC12,,1,Dinoflagellate,Peridinium quinquecorne,DF-Peridinium quinquecorne,40
2529,2010,Oct,1,01/10/2010,,16.38326,119.92616,LJC12,,1,Dinoflagellate,Protoperidinium sp,DF-Protoperidinium sp.,80
2530,2010,Oct,1,01/10/2010,,16.38326,119.92616,LJC12,,1,Dinoflagellate,Protoperidinium pallidum,DF-Protoperidinium pallidum,120
2531,2010,Oct,1,01/10/2010,,16.38326,119.92616,LJC12,,1,Dinoflagellate,Protoperidinium pellucidum,DF-Protoperidinium pellucidum,240
2532,2010,Oct,1,01/10/2010,,16.38326,119.92616,LJC12,,NB,Diatom,Cocconeis sp.,D-Cocconeis sp.,80
2533,2010,Oct,1,01/10/2010,,16.38326,119.92616,LJC12,,NB,Diatom,Coscinodiscus spp.,D-Coscinodiscus spp.,200
2534,2010,Oct,1,01/10/2010,,16.38326,119.92616,LJC12,,NB,Diatom,Navicula sp.,D-Navicula sp.,80
2535,2010,Oct,1,01/10/2010,,16.38326,119.92616,LJC12,,NB,Diatom,Pleurosigma spp.,D-Pleurosigma spp.,240
2536,2010,Oct,1,01/10/2010,,16.38326,119.92616,LJC12,,NB,Diatom,Thalassiosira spp.,D-Thalassiosira spp.,40
2537,2010,Oct,1,01/10/2010,,16.38326,119.92616,LJC12,,NB,Dinoflagellate,Protoperidinium sp,DF-Protoperidinium sp.,40
2538,2010,Oct,1,01/10/2010,,16.32247,119.92948,W8,,1,Diatom,Coscinodiscus spp.,D-Coscinodiscus spp.,760
2539,2010,Oct,1,01/10/2010,,16.32247,119.92948,W8,,1,Diatom,Pleurosigma spp.,D-Pleurosigma spp.,80
2540,2010,Oct,1,01/10/2010,,16.32247,119.92948,W8,,1,Diatom,Thalassiosira spp.,D-Thalassiosira spp.,40
2541,2010,Oct,1,01/10/2010,,16.32247,119.92948,W8,,1,Dinoflagellate,Peridinium quinquecorne,DF-Peridinium quinquecorne,40
2542,2010,Oct,1,01/10/2010,,16.32247,119.92948,W8,,1,Dinoflagellate,Protoperidinium pallidum,DF-Protoperidinium pallidum,40
2543,2010,Oct,1,01/10/2010,,16.32247,119.92948,W8,,NB,Diatom,Coscinodiscus spp.,D-Coscinodiscus spp.,240
2544,2010,Oct,1,01/10/2010,,16.32247,119.92948,W8,,NB,Diatom,Thalassiosira spp.,D-Thalassiosira spp.,120
2545,2010,Oct,1,01/10/2010,,16.32247,119.92948,W8,,NB,Dinoflagellate,Peridinium quinquecorne,DF-Peridinium quinquecorne,80
2546,2010,Oct,1,01/10/2010,,16.32247,119.92948,W8,,NB,Cyanobacteria,Trichodesmium sp.,CYN-Trichodesmium sp.,80
2547,2010,Oct,1,01/10/2010,,16.32247,119.92948,W8,,NB,Diatom,Cymbella sp.,D-Cymbella sp.,40
2548,2010,Oct,1,01/10/2010,,16.37073,119.93401,W3,,1,Diatom,Coscinodiscus spp.,D-Coscinodiscus spp.,1240
2549,2010,Oct,1,01/10/2010,,16.37073,119.93401,W3,,1,Diatom,Rhizosolenia spp.,D-Rhizosolenia spp.,40
2550,2010,Oct,1,01/10/2010,,16.37073,119.93401,W3,,1,Diatom,Thalassiosira spp.,D-Thalassiosira spp.,200
2551,2010,Oct,1,01/10/2010,,16.37073,119.93401,W3,,1,Dinoflagellate,Peridinium quinquecorne,DF-Peridinium quinquecorne,320
2552,2010,Oct,1,01/10/2010,,16.37073,119.93401,W3,,1,Cyanobacteria,Trichodesmium sp.,CYN-Trichodesmium sp.,40
2553,2010,Oct,1,01/10/2010,,16.37073,119.93401,W3,,NB,Diatom,Coscinodiscus spp.,D-Coscinodiscus spp.,400
2554,2010,Oct,1,01/10/2010,,16.37073,119.93401,W3,,NB,Diatom,Navicula sp.,D-Navicula sp.,200
2555,2010,Oct,1,01/10/2010,,16.37073,119.93401,W3,,NB,Diatom,Pseudonitzschia spp.,D-Pseudonitzschia spp.,400
2556,2010,Oct,1,01/10/2010,,16.37073,119.93401,W3,,NB,Diatom,Thalassiosira spp.,D-Thalassiosira spp.,120
2557,2010,Oct,1,01/10/2010,,16.37073,119.93401,W3,,NB,Dinoflagellate,Karenia  mikimotoi,DF-Karenia  mikimotoi,120
2558,2010,Oct,1,01/10/2010,,16.37073,119.93401,W3,,NB,Cyanobacteria,Trichodesmium sp.,CYN-Trichodesmium sp.,80
2559,2010,Oct,1,01/10/2010,,16.37073,119.93401,W3,,NB,Diatom,Leptocylindrus spp.,D-Leptocylindrus spp.,10120
2560,2010,Oct,1,01/10/2010,,16.28459,119.92285,A4,,1,Diatom,Coscinodiscus spp.,D-Coscinodiscus spp.,40
2561,2010,Oct,1,01/10/2010,,16.28459,119.92285,A4,,1,Diatom,Navicula sp.,D-Navicula sp.,40
2562,2010,Oct,1,01/10/2010,,16.28459,119.92285,A4,,1,Diatom,Thalassiosira spp.,D-Thalassiosira spp.,40
2563,2010,Oct,1,01/10/2010,,16.28459,119.92285,A4,,1,Dinoflagellate,Peridinium quinquecorne,DF-Peridinium quinquecorne,680
2564,2010,Oct,1,01/10/2010,,16.28459,119.92285,A4,,1,Dinoflagellate,Protoperidinium pallidum,DF-Protoperidinium pallidum,80
2565,2010,Oct,1,01/10/2010,,16.28459,119.92285,A4,,1,Dinoflagellate,Protoperidinium pellucidum,DF-Protoperidinium pellucidum,80
2566,2010,Oct,1,01/10/2010,,16.28459,119.92285,A4,,NB,Diatom,Coscinodiscus spp.,D-Coscinodiscus spp.,40
2567,2010,Oct,1,01/10/2010,,16.28459,119.92285,A4,,NB,Diatom,Pleurosigma spp.,D-Pleurosigma spp.,200
2568,2010,Oct,1,01/10/2010,,16.28459,119.92285,A4,,NB,Dinoflagellate,Peridinium quinquecorne,DF-Peridinium quinquecorne,120
2569,2010,Oct,1,01/10/2010,,16.28459,119.92285,A4,,NB,Cyanobacteria,Trichodesmium sp.,CYN-Trichodesmium sp.,160
2570,2010,Dec,1,01/12/2010,,16.38339,119.91585,TS2,,1,Diatom,Rhizosolenia spp.,D-Rhizosolenia spp.,80
2571,2010,Dec,1,01/12/2010,,16.38339,119.91585,TS2,,1,Diatom,Skeletonema costatum,D-Skeletonema costatum,160
2572,2010,Dec,1,01/12/2010,,16.38339,119.91585,TS2,,1,Dinoflagellate,Ceratium furca,DF-Ceratium furca,40
2573,2010,Dec,1,01/12/2010,,16.38339,119.91585,TS2,,1,Dinoflagellate,Gonyaulax polyedra,DF-Gonyaulax polyedra,200
2574,2010,Dec,1,01/12/2010,,16.38339,119.91585,TS2,,1,Dinoflagellate,Gyrodinium spirale,DF-Gyrodinium spirale,40
2575,2010,Dec,1,01/12/2010,,16.38339,119.91585,TS2,,1,Dinoflagellate,Protoperidinium sp,DF-Protoperidinium sp.,280
2576,2010,Dec,1,01/12/2010,,16.38339,119.91585,TS2,,1,Dinoflagellate,Protoperidinium conicum,DF-Protoperidinium conicum,80
2577,2010,Dec,1,01/12/2010,,16.38339,119.91585,TS2,,NB,Diatom,Odontella sp.,D-Odontella sp.,40
2578,2010,Dec,1,01/12/2010,,16.38339,119.91585,TS2,,NB,Dinoflagellate,Gonyaulax polyedra,DF-Gonyaulax polyedra,40
2579,2010,Dec,1,01/12/2010,,16.38339,119.91585,TS2,,NB,Dinoflagellate,Gyrodinium spirale,DF-Gyrodinium spirale,40
2580,2010,Dec,1,01/12/2010,,16.38339,119.91585,TS2,,NB,Dinoflagellate,Protoperidinium sp,DF-Protoperidinium sp.,80
2581,2010,Dec,1,01/12/2010,,16.32003,119.93384,W8,,1,Diatom,Coscinodiscus spp.,D-Coscinodiscus spp.,160
2582,2010,Dec,1,01/12/2010,,16.32003,119.93384,W8,,1,Diatom,Skeletonema costatum,D-Skeletonema costatum,80
2583,2010,Dec,1,01/12/2010,,16.32003,119.93384,W8,,1,Diatom,Thalassiosira spp.,D-Thalassiosira spp.,1640
2584,2010,Dec,1,01/12/2010,,16.32003,119.93384,W8,,1,Dinoflagellate,Diplopsalis spp.,DF-Diplopsalis spp.,80
2585,2010,Dec,1,01/12/2010,,16.32003,119.93384,W8,,1,Dinoflagellate,Gonyaulax polygramma,DF-Gonyaulax polygramma,440
2586,2010,Dec,1,01/12/2010,,16.32003,119.93384,W8,,1,Dinoflagellate,Peridinium quinquecorne,DF-Peridinium quinquecorne,120
2587,2010,Dec,1,01/12/2010,,16.32003,119.93384,W8,,1,Dinoflagellate,Prorocentrum micans,DF-Prorocentrum micans,4600
2588,2010,Dec,1,01/12/2010,,16.32003,119.93384,W8,,1,Dinoflagellate,Protoperidinium sp,DF-Protoperidinium sp.,280
2589,2010,Dec,1,01/12/2010,,16.32003,119.93384,W8,,1,Dinoflagellate,Protoperidinium pellucidum,DF-Protoperidinium pellucidum,80
2590,2010,Dec,1,01/12/2010,,16.32003,119.93384,W8,,1,Diatom,Cymbella sp.,D-Cymbella sp.,80
2591,2010,Dec,1,01/12/2010,,16.32003,119.93384,W8,,1,Silicoflagellate,Favella sp.,SF-Favella sp.,40
2592,2010,Dec,1,01/12/2010,,16.31124,119.92004,TS1,,1,Diatom,Coscinodiscus spp.,D-Coscinodiscus spp.,160
2593,2010,Dec,1,01/12/2010,,16.31124,119.92004,TS1,,1,Diatom,Thalassionema spp.,D-Thalassionema spp.,240
2594,2010,Dec,1,01/12/2010,,16.31124,119.92004,TS1,,1,Diatom,Thalassiosira spp.,D-Thalassiosira spp.,560
2595,2010,Dec,1,01/12/2010,,16.31124,119.92004,TS1,,1,Dinoflagellate,Dinophysis caudata,DF-Dinophysis caudata,40
2596,2010,Dec,1,01/12/2010,,16.31124,119.92004,TS1,,1,Dinoflagellate,Gonyaulax polyedra,DF-Gonyaulax polyedra,120
2597,2010,Dec,1,01/12/2010,,16.31124,119.92004,TS1,,1,Dinoflagellate,Peridinium quinquecorne,DF-Peridinium quinquecorne,400
2598,2010,Dec,1,01/12/2010,,16.31124,119.92004,TS1,,1,Dinoflagellate,Prorocentrum micans,DF-Prorocentrum micans,2360
2599,2010,Dec,1,01/12/2010,,16.31124,119.92004,TS1,,1,Dinoflagellate,Protoperidinium sp,DF-Protoperidinium sp.,120
2600,2010,Dec,1,01/12/2010,,16.31124,119.92004,TS1,,1,Dinoflagellate,Protoperidinium latispinum,DF-Protoperidinium latispinum,80
2601,2010,Dec,1,01/12/2010,,16.31124,119.92004,TS1,,1,Silicoflagellate,Tintinopsis,SF-Tintinopsis,80
2602,2010,Dec,1,01/12/2010,,16.31124,119.92004,TS1,,1,Dinoflagellate,Oxytoxum spp.,DF-Oxytoxum spp.,80
2603,2010,Dec,1,01/12/2010,,16.31124,119.92004,TS1,,1,Dinoflagellate,Phalacroma sp.,DF-Phalacroma sp.,40
2604,2010,Dec,1,01/12/2010,,16.31124,119.92004,TS1,,NB,Diatom,Cylindricotheca closterium,D-Cylindricotheca closterium,40
2605,2010,Dec,1,01/12/2010,,16.31124,119.92004,TS1,,NB,Diatom,Thalassiosira spp.,D-Thalassiosira spp.,80
2606,2010,Dec,1,01/12/2010,,16.31124,119.92004,TS1,,NB,Dinoflagellate,Gonyaulax polyedra,DF-Gonyaulax polyedra,40
2607,2010,Dec,1,01/12/2010,,16.31124,119.92004,TS1,,NB,Dinoflagellate,Gyrodinium spirale,DF-Gyrodinium spirale,40
2608,2010,Dec,1,01/12/2010,,16.31124,119.92004,TS1,,NB,Dinoflagellate,Prorocentrum micans,DF-Prorocentrum micans,240
2609,2010,Dec,1,01/12/2010,,16.31124,119.92004,TS1,,NB,Dinoflagellate,Protoperidinium pellucidum,DF-Protoperidinium pellucidum,80
2610,2010,Dec,1,01/12/2010,,16.31124,119.92004,TS1,,NB,Dinoflagellate,Oxytoxum spp.,DF-Oxytoxum spp.,80
2611,2010,Dec,1,01/12/2010,,16.37932,119.9267,BML7,,1,Diatom,Coscinodiscus spp.,D-Coscinodiscus spp.,240
2612,2010,Dec,1,01/12/2010,,16.37932,119.9267,BML7,,1,Diatom,Thalassionema spp.,D-Thalassionema spp.,40
2613,2010,Dec,1,01/12/2010,,16.37932,119.9267,BML7,,1,Diatom,Thalassiosira spp.,D-Thalassiosira spp.,240
2614,2010,Dec,1,01/12/2010,,16.37932,119.9267,BML7,,1,Dinoflagellate,Ceratium furca,DF-Ceratium furca,120
2615,2010,Dec,1,01/12/2010,,16.37932,119.9267,BML7,,1,Dinoflagellate,Diplopsalis spp.,DF-Diplopsalis spp.,40
2616,2010,Dec,1,01/12/2010,,16.37932,119.9267,BML7,,1,Dinoflagellate,Diplopsalis orbicularis,DF-Diplopsalis orbicularis,40
2617,2010,Dec,1,01/12/2010,,16.37932,119.9267,BML7,,1,Dinoflagellate,Gonyaulax polyedra,DF-Gonyaulax polyedra,80
2618,2010,Dec,1,01/12/2010,,16.37932,119.9267,BML7,,1,Dinoflagellate,Gymnodinium catenatum,DF-Gymnodinium catenatum,120
2619,2010,Dec,1,01/12/2010,,16.37932,119.9267,BML7,,1,Dinoflagellate,Gyrodinium spirale,DF-Gyrodinium spirale,120
2620,2010,Dec,1,01/12/2010,,16.37932,119.9267,BML7,,1,Dinoflagellate,Prorocentrum micans,DF-Prorocentrum micans,1320
2621,2010,Dec,1,01/12/2010,,16.37932,119.9267,BML7,,1,Dinoflagellate,Protoperidinium conicum,DF-Protoperidinium conicum,240
2622,2010,Dec,1,01/12/2010,,16.37932,119.9267,BML7,,1,Dinoflagellate,Protoperidinium pallidum,DF-Protoperidinium pallidum,40
2623,2010,Dec,1,01/12/2010,,16.37932,119.9267,BML7,,1,Cyanobacteria,Trichodesmium sp.,CYN-Trichodesmium sp.,80
2624,2010,Dec,1,01/12/2010,,16.38018,119.91021,BML1,,1,Diatom,Coscinodiscus spp.,D-Coscinodiscus spp.,480
2625,2010,Dec,1,01/12/2010,,16.38018,119.91021,BML1,,1,Diatom,Thalassiosira spp.,D-Thalassiosira spp.,320
2626,2010,Dec,1,01/12/2010,,16.38018,119.91021,BML1,,1,Dinoflagellate,Gonyaulax polyedra,DF-Gonyaulax polyedra,40
2627,2010,Dec,1,01/12/2010,,16.38018,119.91021,BML1,,1,Dinoflagellate,Prorocentrum micans,DF-Prorocentrum micans,1520
2628,2010,Dec,1,01/12/2010,,16.38018,119.91021,BML1,,1,Dinoflagellate,Protoperidinium sp,DF-Protoperidinium sp.,40
2629,2010,Dec,1,01/12/2010,,16.38018,119.91021,BML1,,1,Dinoflagellate,Protoperidinium conicum,DF-Protoperidinium conicum,240
2630,2010,Dec,1,01/12/2010,,16.38018,119.91021,BML1,,1,Dinoflagellate,Protoperidinium pallidum,DF-Protoperidinium pallidum,160
2631,2010,Dec,1,01/12/2010,,16.38018,119.91021,BML1,,1,Dinoflagellate,Scrippsiella trochoidea,DF-Scrippsiella trochoidea,80
2632,2010,Dec,1,01/12/2010,,16.38018,119.91021,BML1,,1,Diatom,Melosira sp.,D-Melosira sp.,40
2633,2010,Dec,1,01/12/2010,,16.33366,119.93322,A2,,1,Diatom,Coscinodiscus spp.,D-Coscinodiscus spp.,320
2634,2010,Dec,1,01/12/2010,,16.33366,119.93322,A2,,1,Diatom,Cylindricotheca closterium,D-Cylindricotheca closterium,40
2635,2010,Dec,1,01/12/2010,,16.33366,119.93322,A2,,1,Diatom,Pseudonitzschia spp.,D-Pseudonitzschia spp.,80
2636,2010,Dec,1,01/12/2010,,16.33366,119.93322,A2,,1,Diatom,Pleurosigma spp.,D-Pleurosigma spp.,120
2637,2010,Dec,1,01/12/2010,,16.33366,119.93322,A2,,1,Diatom,Thalassiosira spp.,D-Thalassiosira spp.,240
2638,2010,Dec,1,01/12/2010,,16.33366,119.93322,A2,,1,Dinoflagellate,Alexandrium spp.,DF-Alexandrium spp.,200
2639,2010,Dec,1,01/12/2010,,16.33366,119.93322,A2,,1,Dinoflagellate,Peridinium quinquecorne,DF-Peridinium quinquecorne,160
2640,2010,Dec,1,01/12/2010,,16.33366,119.93322,A2,,1,Diatom,Pseudonitzschia spp.,D-Pseudonitzschia spp.,6280
2641,2010,Dec,1,01/12/2010,,16.34775,119.93452,W9,,1,Diatom,Coscinodiscus spp.,D-Coscinodiscus spp.,400
2642,2010,Dec,1,01/12/2010,,16.34775,119.93452,W9,,1,Diatom,Pleurosigma spp.,D-Pleurosigma spp.,240
2643,2010,Dec,1,01/12/2010,,16.34775,119.93452,W9,,1,Diatom,Rhizosolenia spp.,D-Rhizosolenia spp.,40
2644,2010,Dec,1,01/12/2010,,16.34775,119.93452,W9,,1,Diatom,Thalassiosira spp.,D-Thalassiosira spp.,1200
2645,2010,Dec,1,01/12/2010,,16.34775,119.93452,W9,,1,Dinoflagellate,Alexandrium spp.,DF-Alexandrium spp.,40
2646,2010,Dec,1,01/12/2010,,16.34775,119.93452,W9,,1,Dinoflagellate,Ceratium furca,DF-Ceratium furca,40
2647,2010,Dec,1,01/12/2010,,16.34775,119.93452,W9,,1,Dinoflagellate,Karenia  mikimotoi,DF-Karenia  mikimotoi,40
2648,2010,Dec,1,01/12/2010,,16.34775,119.93452,W9,,1,Dinoflagellate,Prorocentrum micans,DF-Prorocentrum micans,120
2649,2010,Dec,1,01/12/2010,,16.34775,119.93452,W9,,1,Dinoflagellate,Protoperidinium pallidum,DF-Protoperidinium pallidum,280
2650,2010,Dec,1,01/12/2010,,16.34775,119.93452,W9,,1,Dinoflagellate,Protoperidinium pellucidum,DF-Protoperidinium pellucidum,40
2651,2010,Dec,1,01/12/2010,,16.34775,119.93452,W9,,1,Dinoflagellate,Scrippsiella trochoidea,DF-Scrippsiella trochoidea,160
2652,2010,Dec,1,01/12/2010,,16.34775,119.93452,W9,,1,Diatom,Pseudonitzschia spp.,D-Pseudonitzschia spp.,18250
2653,2010,Dec,1,01/12/2010,,16.34775,119.93452,W9,,1,Diatom,Cymbella sp.,D-Cymbella sp.,40
2654,2010,Dec,1,01/12/2010,,16.32003,119.93384,W8,,1,Diatom,Coscinodiscus spp.,D-Coscinodiscus spp.,160
2655,2010,Dec,1,01/12/2010,,16.32003,119.93384,W8,,1,Diatom,Navicula sp.,D-Navicula sp.,120
2656,2010,Dec,1,01/12/2010,,16.32003,119.93384,W8,,1,Diatom,Thalassionema spp.,D-Thalassionema spp.,40
2657,2010,Dec,1,01/12/2010,,16.32003,119.93384,W8,,1,Diatom,Thalassiosira spp.,D-Thalassiosira spp.,80
2658,2010,Dec,1,01/12/2010,,16.32003,119.93384,W8,,1,Dinoflagellate,Alexandrium spp.,DF-Alexandrium spp.,40
2659,2010,Dec,1,01/12/2010,,16.32003,119.93384,W8,,1,Dinoflagellate,Gonyaulax polyedra,DF-Gonyaulax polyedra,40
2660,2010,Dec,1,01/12/2010,,16.32003,119.93384,W8,,1,Dinoflagellate,Scrippsiella trochoidea,DF-Scrippsiella trochoidea,80
2661,2010,Dec,1,01/12/2010,,16.32003,119.93384,W8,,1,Diatom,Pseudonitzschia spp.,D-Pseudonitzschia spp.,13240
2662,2010,Dec,1,01/12/2010,,16.32003,119.93384,W8,,1,Dinoflagellate,Oxytoxum spp.,DF-Oxytoxum spp.,40
2663,2010,Dec,1,01/12/2010,,16.38339,119.91585,TS2,,1,Diatom,Coscinodiscus spp.,D-Coscinodiscus spp.,440
2664,2010,Dec,1,01/12/2010,,16.38339,119.91585,TS2,,1,Diatom,Cylindricotheca closterium,D-Cylindricotheca closterium,120
2665,2010,Dec,1,01/12/2010,,16.38339,119.91585,TS2,,1,Diatom,Pseudonitzschia spp.,D-Pseudonitzschia spp.,7240
2666,2010,Dec,1,01/12/2010,,16.38339,119.91585,TS2,,1,Diatom,Pleurosigma spp.,D-Pleurosigma spp.,40
2667,2010,Dec,1,01/12/2010,,16.38339,119.91585,TS2,,1,Diatom,Thalassionema spp.,D-Thalassionema spp.,280
2668,2010,Dec,1,01/12/2010,,16.38339,119.91585,TS2,,1,Diatom,Thalassiosira spp.,D-Thalassiosira spp.,800
2669,2010,Dec,1,01/12/2010,,16.38339,119.91585,TS2,,1,Dinoflagellate,Alexandrium spp.,DF-Alexandrium spp.,240
2670,2010,Dec,1,01/12/2010,,16.38339,119.91585,TS2,,1,Dinoflagellate,Dinophysis caudata,DF-Dinophysis caudata,40
2671,2010,Dec,1,01/12/2010,,16.38339,119.91585,TS2,,1,Dinoflagellate,Diplopsalis spp.,DF-Diplopsalis spp.,80
2672,2010,Dec,1,01/12/2010,,16.38339,119.91585,TS2,,1,Dinoflagellate,Peridinium quinquecorne,DF-Peridinium quinquecorne,680
2673,2010,Dec,1,01/12/2010,,16.38339,119.91585,TS2,,1,Dinoflagellate,Protoperidinium oblongum,DF-Protoperidinium oblongum,80
2674,2010,Dec,1,01/12/2010,,16.38339,119.91585,TS2,,1,Dinoflagellate,Protoperidinium pallidum,DF-Protoperidinium pallidum,80
2675,2010,Dec,1,01/12/2010,,16.38339,119.91585,TS2,,1,Dinoflagellate,Protoperidinium pellucidum,DF-Protoperidinium pellucidum,320
2676,2010,Dec,1,01/12/2010,,16.38339,119.91585,TS2,,1,Diatom,Cymbella sp.,D-Cymbella sp.,40
2677,2010,Dec,1,01/12/2010,,16.31124,119.92004,TS1,,1,Diatom,Chaetoceros spp.,D-Chaetoceros spp.,80
2678,2010,Dec,1,01/12/2010,,16.31124,119.92004,TS1,,1,Diatom,Pseudonitzschia spp.,D-Pseudonitzschia spp.,418571
2679,2010,Dec,1,01/12/2010,,16.31124,119.92004,TS1,,1,Diatom,Pleurosigma spp.,D-Pleurosigma spp.,120
2680,2010,Dec,1,01/12/2010,,16.31124,119.92004,TS1,,1,Diatom,Skeletonema costatum,D-Skeletonema costatum,2840
2681,2010,Dec,1,01/12/2010,,16.31124,119.92004,TS1,,1,Diatom,Thalassionema spp.,D-Thalassionema spp.,1000
2682,2010,Dec,1,01/12/2010,,16.31124,119.92004,TS1,,1,Diatom,Thalassiosira spp.,D-Thalassiosira spp.,440
2683,2010,Dec,1,01/12/2010,,16.31124,119.92004,TS1,,1,Dinoflagellate,Diplopsalis spp.,DF-Diplopsalis spp.,80
2684,2010,Dec,1,01/12/2010,,16.31124,119.92004,TS1,,1,Dinoflagellate,Gonyaulax polyedra,DF-Gonyaulax polyedra,200
2685,2010,Dec,1,01/12/2010,,16.31124,119.92004,TS1,,1,Dinoflagellate,Prorocentrum micans,DF-Prorocentrum micans,520
2686,2010,Dec,1,01/12/2010,,16.31124,119.92004,TS1,,1,Dinoflagellate,Protoperidinium conicum,DF-Protoperidinium conicum,240
2687,2010,Dec,1,01/12/2010,,16.31124,119.92004,TS1,,1,Dinoflagellate,Protoperidinium oblongum,DF-Protoperidinium oblongum,40
2688,2010,Dec,1,01/12/2010,,16.31124,119.92004,TS1,,1,Dinoflagellate,Protoperidinium pallidum,DF-Protoperidinium pallidum,160
2689,2010,Dec,1,01/12/2010,,16.31124,119.92004,TS1,,NB,Diatom,Coscinodiscus spp.,D-Coscinodiscus spp.,120
2690,2010,Dec,1,01/12/2010,,16.31124,119.92004,TS1,,NB,Diatom,Pseudonitzschia spp.,D-Pseudonitzschia spp.,431429
2691,2010,Dec,1,01/12/2010,,16.31124,119.92004,TS1,,NB,Diatom,Pleurosigma spp.,D-Pleurosigma spp.,80
2692,2010,Dec,1,01/12/2010,,16.31124,119.92004,TS1,,NB,Diatom,Rhizosolenia spp.,D-Rhizosolenia spp.,120
2693,2010,Dec,1,01/12/2010,,16.31124,119.92004,TS1,,NB,Diatom,Skeletonema costatum,D-Skeletonema costatum,3800
2694,2010,Dec,1,01/12/2010,,16.31124,119.92004,TS1,,NB,Diatom,Thalassionema spp.,D-Thalassionema spp.,1080
2695,2010,Dec,1,01/12/2010,,16.31124,119.92004,TS1,,NB,Diatom,Thalassiosira spp.,D-Thalassiosira spp.,80
2696,2010,Dec,1,01/12/2010,,16.31124,119.92004,TS1,,NB,Dinoflagellate,Gonyaulax polyedra,DF-Gonyaulax polyedra,40
2697,2010,Dec,1,01/12/2010,,16.31124,119.92004,TS1,,NB,Dinoflagellate,Prorocentrum micans,DF-Prorocentrum micans,120
2698,2010,Dec,1,01/12/2010,,16.31124,119.92004,TS1,,NB,Silicoflagellate,Favella sp.,SF-Favella sp.,40
2699,2010,Dec,1,01/12/2010,,16.28459,119.92285,A4,,1,Diatom,Coscinodiscus spp.,D-Coscinodiscus spp.,240
2700,2010,Dec,1,01/12/2010,,16.28459,119.92285,A4,,1,Diatom,Pseudonitzschia spp.,D-Pseudonitzschia spp.,57500
2701,2010,Dec,1,01/12/2010,,16.28459,119.92285,A4,,1,Diatom,Pleurosigma spp.,D-Pleurosigma spp.,480
2702,2010,Dec,1,01/12/2010,,16.28459,119.92285,A4,,1,Diatom,Rhizosolenia spp.,D-Rhizosolenia spp.,40
2703,2010,Dec,1,01/12/2010,,16.28459,119.92285,A4,,1,Diatom,Skeletonema costatum,D-Skeletonema costatum,3680
2704,2010,Dec,1,01/12/2010,,16.28459,119.92285,A4,,1,Diatom,Thalassionema spp.,D-Thalassionema spp.,440
2705,2010,Dec,1,01/12/2010,,16.28459,119.92285,A4,,1,Diatom,Thalassiosira spp.,D-Thalassiosira spp.,80
2706,2010,Dec,1,01/12/2010,,16.28459,119.92285,A4,,1,Dinoflagellate,Gonyaulax polyedra,DF-Gonyaulax polyedra,200
2707,2010,Dec,1,01/12/2010,,16.28459,119.92285,A4,,1,Dinoflagellate,Prorocentrum micans,DF-Prorocentrum micans,240
2708,2010,Dec,1,01/12/2010,,16.28459,119.92285,A4,,1,Dinoflagellate,Protoperidinium conicum,DF-Protoperidinium conicum,200
2709,2010,Dec,1,01/12/2010,,16.28459,119.92285,A4,,1,Dinoflagellate,Protoperidinium grande,DF-Protoperidinium grande,40
2710,2010,Dec,1,01/12/2010,,16.28459,119.92285,A4,,1,Dinoflagellate,Protoperidinium pellucidum,DF-Protoperidinium pellucidum,120
2711,2010,Dec,1,01/12/2010,,16.28459,119.92285,A4,,1,Dinoflagellate,Phalacroma sp.,DF-Phalacroma sp.,40
2712,2010,Dec,1,01/12/2010,,16.28459,119.92285,A4,,1,Silicoflagellate,Favella sp.,SF-Favella sp.,40
2713,2010,Dec,1,01/12/2010,,16.28459,119.92285,A4,,NB,Diatom,Coscinodiscus spp.,D-Coscinodiscus spp.,200
2714,2010,Dec,1,01/12/2010,,16.28459,119.92285,A4,,NB,Diatom,Pseudonitzschia spp.,D-Pseudonitzschia spp.,98000
2715,2010,Dec,1,01/12/2010,,16.28459,119.92285,A4,,NB,Diatom,Rhizosolenia spp.,D-Rhizosolenia spp.,880
2716,2010,Dec,1,01/12/2010,,16.28459,119.92285,A4,,NB,Diatom,Skeletonema costatum,D-Skeletonema costatum,4240
2717,2010,Dec,1,01/12/2010,,16.28459,119.92285,A4,,NB,Dinoflagellate,Diplopsalis spp.,DF-Diplopsalis spp.,280
2718,2010,Dec,1,01/12/2010,,16.28459,119.92285,A4,,NB,Dinoflagellate,Gonyaulax polyedra,DF-Gonyaulax polyedra,160
2719,2010,Dec,1,01/12/2010,,16.28459,119.92285,A4,,NB,Dinoflagellate,Prorocentrum micans,DF-Prorocentrum micans,400
2720,2010,Dec,1,01/12/2010,,16.28459,119.92285,A4,,NB,Dinoflagellate,Protoperidinium conicum,DF-Protoperidinium conicum,40
2721,2010,Dec,1,01/12/2010,,16.28459,119.92285,A4,,NB,Dinoflagellate,Protoperidinium pallidum,DF-Protoperidinium pallidum,80
2722,2010,Dec,1,01/12/2010,,16.3225,119.92948,W8,,1,Diatom,Coscinodiscus spp.,D-Coscinodiscus spp.,480
2723,2010,Dec,1,01/12/2010,,16.3225,119.92948,W8,,1,Diatom,Pseudonitzschia spp.,D-Pseudonitzschia spp.,43250
2724,2010,Dec,1,01/12/2010,,16.3225,119.92948,W8,,1,Diatom,Rhizosolenia spp.,D-Rhizosolenia spp.,80
2725,2010,Dec,1,01/12/2010,,16.3225,119.92948,W8,,1,Diatom,Thalassionema spp.,D-Thalassionema spp.,600
2726,2010,Dec,1,01/12/2010,,16.3225,119.92948,W8,,1,Dinoflagellate,Gonyaulax polyedra,DF-Gonyaulax polyedra,80
2727,2010,Dec,1,01/12/2010,,16.3225,119.92948,W8,,1,Dinoflagellate,Prorocentrum micans,DF-Prorocentrum micans,280
2728,2010,Dec,1,01/12/2010,,16.3225,119.92948,W8,,1,Dinoflagellate,Phalacroma sp.,DF-Phalacroma sp.,40
2729,2010,Dec,1,01/12/2010,,16.3225,119.92948,W8,,NB,Diatom,Coscinodiscus spp.,D-Coscinodiscus spp.,440
2730,2010,Dec,1,01/12/2010,,16.3225,119.92948,W8,,NB,Diatom,Pseudonitzschia spp.,D-Pseudonitzschia spp.,58250
2731,2010,Dec,1,01/12/2010,,16.3225,119.92948,W8,,NB,Diatom,Rhizosolenia spp.,D-Rhizosolenia spp.,120
2732,2010,Dec,1,01/12/2010,,16.3225,119.92948,W8,,NB,Diatom,Skeletonema costatum,D-Skeletonema costatum,3840
2733,2010,Dec,1,01/12/2010,,16.3225,119.92948,W8,,NB,Diatom,Thalassionema spp.,D-Thalassionema spp.,600
2734,2010,Dec,1,01/12/2010,,16.3225,119.92948,W8,,NB,Dinoflagellate,Dinophysis caudata,DF-Dinophysis caudata,40
2735,2010,Dec,1,01/12/2010,,16.3225,119.92948,W8,,NB,Dinoflagellate,Gonyaulax polyedra,DF-Gonyaulax polyedra,40
2736,2010,Dec,1,01/12/2010,,16.3225,119.92948,W8,,NB,Dinoflagellate,Peridinium quinquecorne,DF-Peridinium quinquecorne,120
2737,2010,Dec,1,01/12/2010,,16.3225,119.92948,W8,,NB,Dinoflagellate,Protoperidinium conicum,DF-Protoperidinium conicum,40
2738,2010,Dec,1,01/12/2010,,16.38326,119.92616,LJC12,,1,Diatom,Coscinodiscus spp.,D-Coscinodiscus spp.,160
2739,2010,Dec,1,01/12/2010,,16.38326,119.92616,LJC12,,1,Diatom,Pseudonitzschia spp.,D-Pseudonitzschia spp.,80000
2740,2010,Dec,1,01/12/2010,,16.38326,119.92616,LJC12,,1,Diatom,Rhizosolenia spp.,D-Rhizosolenia spp.,40
2741,2010,Dec,1,01/12/2010,,16.38326,119.92616,LJC12,,1,Diatom,Skeletonema costatum,D-Skeletonema costatum,320
2742,2010,Dec,1,01/12/2010,,16.38326,119.92616,LJC12,,1,Diatom,Thalassiosira spp.,D-Thalassiosira spp.,80
2743,2010,Dec,1,01/12/2010,,16.38326,119.92616,LJC12,,1,Dinoflagellate,Diplopsalis spp.,DF-Diplopsalis spp.,80
2744,2010,Dec,1,01/12/2010,,16.38326,119.92616,LJC12,,1,Dinoflagellate,Gonyaulax polyedra,DF-Gonyaulax polyedra,240
2745,2010,Dec,1,01/12/2010,,16.38326,119.92616,LJC12,,1,Dinoflagellate,Protoperidinium sp,DF-Protoperidinium sp.,80
2746,2010,Dec,1,01/12/2010,,16.38326,119.92616,LJC12,,1,Diatom,Lauderia sp.,D-Lauderia sp.,360
2747,2010,Dec,1,01/12/2010,,16.38326,119.92616,LJC12,,1,Silicoflagellate,Favella sp.,SF-Favella sp.,120
2748,2010,Dec,1,01/12/2010,,16.38326,119.92616,LJC12,,NB,Diatom,Coscinodiscus spp.,D-Coscinodiscus spp.,280
2749,2010,Dec,1,01/12/2010,,16.38326,119.92616,LJC12,,NB,Diatom,Pseudonitzschia spp.,D-Pseudonitzschia spp.,250
2750,2010,Dec,1,01/12/2010,,16.38326,119.92616,LJC12,,NB,Diatom,Rhizosolenia spp.,D-Rhizosolenia spp.,80
2751,2010,Dec,1,01/12/2010,,16.38326,119.92616,LJC12,,NB,Diatom,Skeletonema costatum,D-Skeletonema costatum,40
2752,2010,Dec,1,01/12/2010,,16.32003,119.93384,W8,,1,Diatom,Pseudonitzschia spp.,D-Pseudonitzschia spp.,54500
2753,2010,Dec,1,01/12/2010,,16.32003,119.93384,W8,,1,Diatom,Pleurosigma spp.,D-Pleurosigma spp.,200
2754,2010,Dec,1,01/12/2010,,16.32003,119.93384,W8,,1,Diatom,Thalassionema spp.,D-Thalassionema spp.,80
2755,2010,Dec,1,01/12/2010,,16.32003,119.93384,W8,,1,Diatom,Thalassiosira spp.,D-Thalassiosira spp.,40
2756,2010,Dec,1,01/12/2010,,16.32003,119.93384,W8,,1,Dinoflagellate,Protoperidinium sp,DF-Protoperidinium sp.,40
2757,2010,Dec,1,01/12/2010,,16.32003,119.93384,W8,,NB,Diatom,Pseudonitzschia spp.,D-Pseudonitzschia spp.,53250
2758,2010,Dec,1,01/12/2010,,16.32003,119.93384,W8,,NB,Diatom,Pleurosigma spp.,D-Pleurosigma spp.,280
2759,2010,Dec,1,01/12/2010,,16.32003,119.93384,W8,,NB,Diatom,Skeletonema costatum,D-Skeletonema costatum,80
2760,2010,Dec,1,01/12/2010,,16.32003,119.93384,W8,,NB,Dinoflagellate,Protoperidinium sp,DF-Protoperidinium sp.,240
2761,2010,Dec,1,01/12/2010,,16.34749,119.94334,W1,,1,Diatom,Chaetoceros spp.,D-Chaetoceros spp.,80
2762,2010,Dec,1,01/12/2010,,16.34749,119.94334,W1,,1,Diatom,Leptocylindrus spp.,D-Leptocylindrus spp.,120
2763,2010,Dec,1,01/12/2010,,16.34749,119.94334,W1,,1,Diatom,Pseudonitzschia spp.,D-Pseudonitzschia spp.,106000
2764,2010,Dec,1,01/12/2010,,16.34749,119.94334,W1,,1,Diatom,Skeletonema costatum,D-Skeletonema costatum,400
2765,2010,Dec,1,01/12/2010,,16.34749,119.94334,W1,,1,Diatom,Thalassionema spp.,D-Thalassionema spp.,40
2766,2010,Dec,1,01/12/2010,,16.34749,119.94334,W1,,1,Diatom,Thalassiosira spp.,D-Thalassiosira spp.,80
2767,2010,Dec,1,01/12/2010,,16.34749,119.94334,W1,,1,Dinoflagellate,Prorocentrum micans,DF-Prorocentrum micans,40
2768,2010,Dec,1,01/12/2010,,16.34749,119.94334,W1,,1,Dinoflagellate,Protoperidinium conicum,DF-Protoperidinium conicum,240
2769,2010,Dec,1,01/12/2010,,16.34749,119.94334,W1,,1,Cyanobacteria,Trichodesmium sp.,CYN-Trichodesmium sp.,40
2770,2010,Dec,1,01/12/2010,,16.34749,119.94334,W1,,NB,Diatom,Pseudonitzschia spp.,D-Pseudonitzschia spp.,46250
2771,2010,Dec,1,01/12/2010,,16.34749,119.94334,W1,,NB,Diatom,Pleurosigma spp.,D-Pleurosigma spp.,80
2772,2010,Dec,1,01/12/2010,,16.34749,119.94334,W1,,NB,Diatom,Skeletonema costatum,D-Skeletonema costatum,80
2773,2010,Dec,1,01/12/2010,,16.34749,119.94334,W1,,NB,Dinoflagellate,Diplopsalis spp.,DF-Diplopsalis spp.,40
2774,2010,Dec,1,01/12/2010,,16.34749,119.94334,W1,,NB,Dinoflagellate,Protoperidinium conicum,DF-Protoperidinium conicum,40
2775,2010,Dec,1,01/12/2010,,16.34749,119.94334,W1,,NB,Dinoflagellate,Protoperidinium pentagonum,DF-Protoperidinium pentagonum,80
2776,2010,Dec,1,01/12/2010,,16.34749,119.94334,W1,,NB,Cyanobacteria,Trichodesmium sp.,CYN-Trichodesmium sp.,40
2777,2010,Dec,1,01/12/2010,,16.37073,119.93401,W3,,1,Diatom,Coscinodiscus spp.,D-Coscinodiscus spp.,40
2778,2010,Dec,1,01/12/2010,,16.37073,119.93401,W3,,1,Diatom,Lauderia sp.,D-Lauderia sp.,120
2779,2010,Dec,1,01/12/2010,,16.37073,119.93401,W3,,1,Diatom,Leptocylindrus spp.,D-Leptocylindrus spp.,120
2780,2010,Dec,1,01/12/2010,,16.37073,119.93401,W3,,1,Diatom,Pseudonitzschia spp.,D-Pseudonitzschia spp.,87391
2781,2010,Dec,1,01/12/2010,,16.37073,119.93401,W3,,1,Diatom,Pleurosigma spp.,D-Pleurosigma spp.,40
2782,2010,Dec,1,01/12/2010,,16.37073,119.93401,W3,,1,Diatom,Skeletonema costatum,D-Skeletonema costatum,200
2783,2010,Dec,1,01/12/2010,,16.37073,119.93401,W3,,1,Diatom,Thalassiosira spp.,D-Thalassiosira spp.,80
2784,2010,Dec,1,01/12/2010,,16.37073,119.93401,W3,,1,Dinoflagellate,Diplopsalis spp.,DF-Diplopsalis spp.,80
2785,2010,Dec,1,01/12/2010,,16.37073,119.93401,W3,,1,Dinoflagellate,Gonyaulax polyedra,DF-Gonyaulax polyedra,80
2786,2010,Dec,1,01/12/2010,,16.37073,119.93401,W3,,1,Dinoflagellate,Prorocentrum micans,DF-Prorocentrum micans,40
2787,2010,Dec,1,01/12/2010,,16.37073,119.93401,W3,,1,Dinoflagellate,Protoperidinium sp,DF-Protoperidinium sp.,40
2788,2010,Dec,1,01/12/2010,,16.37073,119.93401,W3,,1,Dinoflagellate,Protoperidinium depressum,DF-Protoperidinium depressum,80
2789,2010,Dec,1,01/12/2010,,16.37073,119.93401,W3,,1,Dinoflagellate,Protoperidinium oblongum,DF-Protoperidinium oblongum,40
2790,2010,Dec,1,01/12/2010,,16.37073,119.93401,W3,,NB,Diatom,Leptocylindrus spp.,D-Leptocylindrus spp.,80
2791,2010,Dec,1,01/12/2010,,16.37073,119.93401,W3,,NB,Diatom,Pseudonitzschia spp.,D-Pseudonitzschia spp.,50500
2792,2010,Dec,1,01/12/2010,,16.37073,119.93401,W3,,NB,Diatom,Skeletonema costatum,D-Skeletonema costatum,280
2793,2010,Dec,1,01/12/2010,,16.37073,119.93401,W3,,NB,Diatom,Thalassiosira spp.,D-Thalassiosira spp.,80
2794,2010,Dec,1,01/12/2010,,16.37073,119.93401,W3,,NB,Dinoflagellate,Diplopsalis spp.,DF-Diplopsalis spp.,80
2795,2010,Dec,1,01/12/2010,,16.37073,119.93401,W3,,NB,Dinoflagellate,Phalacroma sp.,DF-Phalacroma sp.,40
2796,2010,Dec,1,01/12/2010,,16.37073,119.93401,W3,,NB,Silicoflagellate,Tintinopsis,SF-Tintinopsis,40
2797,2011,Jan,1,01/01/2011,,16.32247,119.92948,W8,,1,Diatom,Coscinodiscus spp.,D-Coscinodiscus spp.,280
2798,2011,Jan,1,01/01/2011,,16.32247,119.92948,W8,,1,Diatom,Fragilariopsis sp.,D-Fragilariopsis sp.,280
2799,2011,Jan,1,01/01/2011,,16.32247,119.92948,W8,,1,Diatom,Haslea sp.,D-Haslea sp.,40
2800,2011,Jan,1,01/01/2011,,16.32247,119.92948,W8,,1,Diatom,Navicula sp.,D-Navicula sp.,240
2801,2011,Jan,1,01/01/2011,,16.32247,119.92948,W8,,1,Diatom,Pleurosigma spp.,D-Pleurosigma spp.,300
2802,2011,Jan,1,01/01/2011,,16.32247,119.92948,W8,,1,Diatom,Thalassionema spp.,D-Thalassionema spp.,40
2803,2011,Jan,1,01/01/2011,,16.32247,119.92948,W8,,1,Diatom,Thalassiosira spp.,D-Thalassiosira spp.,40
2804,2011,Jan,1,01/01/2011,,16.32247,119.92948,W8,,NB,Diatom,Coscinodiscus spp.,D-Coscinodiscus spp.,80
2805,2011,Jan,1,01/01/2011,,16.32247,119.92948,W8,,NB,Diatom,Fragilariopsis sp.,D-Fragilariopsis sp.,60
2806,2011,Jan,1,01/01/2011,,16.32247,119.92948,W8,,NB,Diatom,Haslea sp.,D-Haslea sp.,20
2807,2011,Jan,1,01/01/2011,,16.32247,119.92948,W8,,NB,Diatom,Hemidiscus sp.,D-Hemidiscus sp.,20
2808,2011,Jan,1,01/01/2011,,16.32247,119.92948,W8,,NB,Diatom,Navicula sp.,D-Navicula sp.,120
2809,2011,Jan,1,01/01/2011,,16.32247,119.92948,W8,,NB,Diatom,Pseudonitzschia spp.,D-Pseudonitzschia spp.,160
2810,2011,Jan,1,01/01/2011,,16.32247,119.92948,W8,,NB,Diatom,Skeletonema costatum,D-Skeletonema costatum,20
2811,2011,Jan,1,01/01/2011,,16.32247,119.92948,W8,,NB,Diatom,Thalassionema spp.,D-Thalassionema spp.,20
2812,2011,Jan,1,01/01/2011,,16.38339,119.91585,TS2,,1,Diatom,Odontella mobiliensis,D-Odontella mobiliensis,100
2813,2011,Jan,1,01/01/2011,,16.38339,119.91585,TS2,,1,Diatom,Chaetoceros spp.,D-Chaetoceros spp.,160
2814,2011,Jan,1,01/01/2011,,16.38339,119.91585,TS2,,1,Diatom,Guinardia sp.,D-Guinardia sp.,140
2815,2011,Jan,1,01/01/2011,,16.38339,119.91585,TS2,,1,Diatom,Helicotheca tamensis,D-Helicotheca tamensis,960
2816,2011,Jan,1,01/01/2011,,16.38339,119.91585,TS2,,1,Diatom,Skeletonema costatum,D-Skeletonema costatum,20
2817,2011,Jan,1,01/01/2011,,16.38339,119.91585,TS2,,1,Diatom,Thalassionema spp.,D-Thalassionema spp.,20
2818,2011,Jan,1,01/01/2011,,16.38339,119.91585,TS2,,1,Dinoflagellate,Dinophysis caudata,DF-Dinophysis caudata,120
2819,2011,Jan,1,01/01/2011,,16.38339,119.91585,TS2,,NB,Diatom,Chaetoceros spp.,D-Chaetoceros spp.,40
2820,2011,Jan,1,01/01/2011,,16.38339,119.91585,TS2,,NB,Diatom,Coscinodiscus spp.,D-Coscinodiscus spp.,260
2821,2011,Jan,1,01/01/2011,,16.38339,119.91585,TS2,,NB,Diatom,Fragilariopsis sp.,D-Fragilariopsis sp.,80
2822,2011,Jan,1,01/01/2011,,16.38339,119.91585,TS2,,NB,Diatom,Guinardia sp.,D-Guinardia sp.,80
2823,2011,Jan,1,01/01/2011,,16.38339,119.91585,TS2,,NB,Diatom,Helicotheca tamensis,D-Helicotheca tamensis,480
2824,2011,Jan,1,01/01/2011,,16.38339,119.91585,TS2,,NB,Diatom,Haslea sp.,D-Haslea sp.,100
2825,2011,Jan,1,01/01/2011,,16.38339,119.91585,TS2,,NB,Diatom,Navicula sp.,D-Navicula sp.,40
2826,2011,Jan,1,01/01/2011,,16.38339,119.91585,TS2,,NB,Diatom,Pleurosigma spp.,D-Pleurosigma spp.,20
2827,2011,Jan,1,01/01/2011,,16.38339,119.91585,TS2,,NB,Diatom,Skeletonema costatum,D-Skeletonema costatum,60
2828,2011,Jan,1,01/01/2011,,16.38339,119.91585,TS2,,NB,Diatom,Thalassiosira spp.,D-Thalassiosira spp.,100
2829,2011,Jan,1,01/01/2011,,16.3833,119.92616,LJC12,,1,Diatom,Helicotheca tamensis,D-Helicotheca tamensis,180
2830,2011,Jan,1,01/01/2011,,16.3833,119.92616,LJC12,,1,Diatom,Pleurosigma spp.,D-Pleurosigma spp.,20
2831,2011,Jan,1,01/01/2011,,16.3833,119.92616,LJC12,,1,Diatom,Thalassiosira spp.,D-Thalassiosira spp.,20
2832,2011,Jan,1,01/01/2011,,16.3833,119.92616,LJC12,,NB,Diatom,Chaetoceros spp.,D-Chaetoceros spp.,260
2833,2011,Jan,1,01/01/2011,,16.3833,119.92616,LJC12,,NB,Diatom,Coscinodiscus spp.,D-Coscinodiscus spp.,20
2834,2011,Jan,1,01/01/2011,,16.3833,119.92616,LJC12,,NB,Diatom,Guinardia sp.,D-Guinardia sp.,40
2835,2011,Jan,1,01/01/2011,,16.3833,119.92616,LJC12,,NB,Diatom,Helicotheca tamensis,D-Helicotheca tamensis,780
2836,2011,Jan,1,01/01/2011,,16.3833,119.92616,LJC12,,NB,Diatom,Haslea sp.,D-Haslea sp.,60
2837,2011,Jan,1,01/01/2011,,16.3833,119.92616,LJC12,,NB,Diatom,Navicula sp.,D-Navicula sp.,20
2838,2011,Jan,1,01/01/2011,,16.3833,119.92616,LJC12,,NB,Diatom,Skeletonema costatum,D-Skeletonema costatum,60
2839,2011,Jan,1,01/01/2011,,16.3833,119.92616,LJC12,,NB,Diatom,Thalassionema spp.,D-Thalassionema spp.,40
2840,2011,Jan,1,01/01/2011,,16.28459,119.92285,A4,,1,Diatom,Haslea sp.,D-Haslea sp.,20
2841,2011,Jan,1,01/01/2011,,16.28459,119.92285,A4,,1,Diatom,Rhizosolenia spp.,D-Rhizosolenia spp.,20
2842,2011,Jan,1,01/01/2011,,16.28459,119.92285,A4,,1,Dinoflagellate,Protoperidinium conicum,DF-Protoperidinium conicum,20
2843,2011,Jan,1,01/01/2011,,16.28459,119.92285,A4,,NB,Diatom,Cylindricotheca closterium,D-Cylindricotheca closterium,160
2844,2011,Jan,1,01/01/2011,,16.28459,119.92285,A4,,NB,Diatom,Haslea sp.,D-Haslea sp.,40
2845,2011,Jan,1,01/01/2011,,16.28459,119.92285,A4,,NB,Diatom,Navicula sp.,D-Navicula sp.,40
2846,2011,Jan,1,01/01/2011,,16.28459,119.92285,A4,,NB,Diatom,Nitzschia spp.,D-Nitzschia spp.,20
2847,2011,Jan,1,01/01/2011,,16.28459,119.92285,A4,,NB,Diatom,Pleurosigma spp.,D-Pleurosigma spp.,20
2848,2011,Jan,1,01/01/2011,,16.28459,119.92285,A4,,NB,Diatom,Rhizosolenia spp.,D-Rhizosolenia spp.,380
2849,2011,Jan,1,01/01/2011,,16.28459,119.92285,A4,,NB,Diatom,Skeletonema costatum,D-Skeletonema costatum,40
2850,2011,Jan,1,01/01/2011,,16.28459,119.92285,A4,,NB,Diatom,Thalassiosira spp.,D-Thalassiosira spp.,20
2851,2011,Jan,1,01/01/2011,,16.30944,119.92063,TS1,,1,Diatom,Coscinodiscus spp.,D-Coscinodiscus spp.,20
2852,2011,Jan,1,01/01/2011,,16.30944,119.92063,TS1,,1,Diatom,Rhizosolenia spp.,D-Rhizosolenia spp.,40
2853,2011,Jan,1,01/01/2011,,16.30944,119.92063,TS1,,1,Dinoflagellate,Protoperidinium oblongum,DF-Protoperidinium oblongum,20
2854,2011,Jan,1,01/01/2011,,16.30944,119.92063,TS1,,1,Cyanobacteria,Trichodesmium sp.,CYN-Trichodesmium sp.,320
2855,2011,Jan,1,01/01/2011,,16.30944,119.92063,TS1,,1,Silicoflagellate,Tintinopsis,SF-Tintinopsis,40
2856,2011,Jan,1,01/01/2011,,16.30944,119.92063,TS1,,NB,Diatom,Coscinodiscus spp.,D-Coscinodiscus spp.,20
2857,2011,Jan,1,01/01/2011,,16.30944,119.92063,TS1,,NB,Diatom,Nitzschia spp.,D-Nitzschia spp.,40
2858,2011,Jan,1,01/01/2011,,16.30944,119.92063,TS1,,NB,Diatom,Pleurosigma spp.,D-Pleurosigma spp.,60
2859,2011,Jan,1,01/01/2011,,16.30944,119.92063,TS1,,NB,Diatom,Rhizosolenia spp.,D-Rhizosolenia spp.,140
2860,2011,Jan,1,01/01/2011,,16.30944,119.92063,TS1,,NB,Diatom,Skeletonema costatum,D-Skeletonema costatum,20
2861,2011,Jan,1,01/01/2011,,16.30944,119.92063,TS1,,NB,Diatom,Thalassionema spp.,D-Thalassionema spp.,80
2862,2011,Jan,1,01/01/2011,,16.30944,119.92063,TS1,,NB,Silicoflagellate,Tintinopsis,SF-Tintinopsis,20
2863,2011,Jan,1,01/01/2011,,16.32003,119.93384,W8,,1,Diatom,Cylindricotheca closterium,D-Cylindricotheca closterium,20
2864,2011,Jan,1,01/01/2011,,16.32003,119.93384,W8,,1,Diatom,Fragilariopsis sp.,D-Fragilariopsis sp.,60
2865,2011,Jan,1,01/01/2011,,16.32003,119.93384,W8,,1,Diatom,Haslea sp.,D-Haslea sp.,20
2866,2011,Jan,1,01/01/2011,,16.32003,119.93384,W8,,1,Diatom,Navicula sp.,D-Navicula sp.,40
2867,2011,Jan,1,01/01/2011,,16.32003,119.93384,W8,,1,Diatom,Pleurosigma spp.,D-Pleurosigma spp.,120
2868,2011,Jan,1,01/01/2011,,16.32003,119.93384,W8,,1,Diatom,Skeletonema costatum,D-Skeletonema costatum,40
2869,2011,Jan,1,01/01/2011,,16.32003,119.93384,W8,,1,Diatom,Thalassionema spp.,D-Thalassionema spp.,40
2870,2011,Jan,1,01/01/2011,,16.32003,119.93384,W8,,1,Diatom,Thalassiosira spp.,D-Thalassiosira spp.,20
2871,2011,Jan,1,01/01/2011,,16.33366,119.93322,A2,,1,Diatom,Coscinodiscus spp.,D-Coscinodiscus spp.,40
2872,2011,Jan,1,01/01/2011,,16.33366,119.93322,A2,,1,Diatom,Grammatophora sp.,D-Grammatophora sp.,120
2873,2011,Jan,1,01/01/2011,,16.33366,119.93322,A2,,1,Diatom,Haslea sp.,D-Haslea sp.,20
2874,2011,Jan,1,01/01/2011,,16.33366,119.93322,A2,,1,Diatom,Navicula sp.,D-Navicula sp.,140
2875,2011,Jan,1,01/01/2011,,16.33366,119.93322,A2,,1,Diatom,Nitzschia spp.,D-Nitzschia spp.,160
2876,2011,Jan,1,01/01/2011,,16.33366,119.93322,A2,,1,Diatom,Pleurosigma spp.,D-Pleurosigma spp.,80
2877,2011,Jan,1,01/01/2011,,16.33366,119.93322,A2,,1,Diatom,Rhizosolenia spp.,D-Rhizosolenia spp.,120
2878,2011,Jan,1,01/01/2011,,16.33366,119.93322,A2,,1,Diatom,Skeletonema costatum,D-Skeletonema costatum,160
2879,2011,Jan,1,01/01/2011,,16.33366,119.93322,A2,,1,Diatom,Thalassionema spp.,D-Thalassionema spp.,60
2880,2011,Jan,1,01/01/2011,,16.34775,119.93452,W9,,1,Diatom,Chaetoceros spp.,D-Chaetoceros spp.,140
2881,2011,Jan,1,01/01/2011,,16.34775,119.93452,W9,,1,Diatom,Coscinodiscus spp.,D-Coscinodiscus spp.,20
2882,2011,Jan,1,01/01/2011,,16.34775,119.93452,W9,,1,Diatom,Cylindricotheca closterium,D-Cylindricotheca closterium,20
2883,2011,Jan,1,01/01/2011,,16.34775,119.93452,W9,,1,Diatom,Haslea sp.,D-Haslea sp.,20
2884,2011,Jan,1,01/01/2011,,16.34775,119.93452,W9,,1,Diatom,Helicotheca tamensis,D-Helicotheca tamensis,400
2885,2011,Jan,1,01/01/2011,,16.34775,119.93452,W9,,1,Diatom,Navicula sp.,D-Navicula sp.,20
2886,2011,Jan,1,01/01/2011,,16.34775,119.93452,W9,,1,Diatom,Pleurosigma spp.,D-Pleurosigma spp.,60
2887,2011,Jan,1,01/01/2011,,16.34775,119.93452,W9,,1,Diatom,Rhizosolenia spp.,D-Rhizosolenia spp.,60
2888,2011,Jan,1,01/01/2011,,16.34775,119.93452,W9,,1,Diatom,Skeletonema costatum,D-Skeletonema costatum,480
2889,2011,Jan,1,01/01/2011,,16.34775,119.93452,W9,,1,Diatom,Thalassionema spp.,D-Thalassionema spp.,20
2890,2011,Jan,1,01/01/2011,,16.34775,119.93452,W9,,1,Diatom,Thalassiosira spp.,D-Thalassiosira spp.,20
2891,2011,Jan,1,01/01/2011,,16.34775,119.93452,W9,,1,Dinoflagellate,Protoperidinium conicum,DF-Protoperidinium conicum,20
2892,2011,Jan,1,01/01/2011,,16.34775,119.93452,W9,,1,Dinoflagellate,Protoperidinium oblongum,DF-Protoperidinium oblongum,20
2893,2011,Jan,1,01/01/2011,,16.37073,119.93401,W3,,1,Diatom,Odontella mobiliensis,D-Odontella mobiliensis,40
2894,2011,Jan,1,01/01/2011,,16.37073,119.93401,W3,,1,Diatom,Chaetoceros spp.,D-Chaetoceros spp.,320
2895,2011,Jan,1,01/01/2011,,16.37073,119.93401,W3,,1,Diatom,Coscinodiscus spp.,D-Coscinodiscus spp.,40
2896,2011,Jan,1,01/01/2011,,16.37073,119.93401,W3,,1,Diatom,Guinardia sp.,D-Guinardia sp.,120
2897,2011,Jan,1,01/01/2011,,16.37073,119.93401,W3,,1,Diatom,Haslea sp.,D-Haslea sp.,20
2898,2011,Jan,1,01/01/2011,,16.37073,119.93401,W3,,1,Diatom,Helicotheca tamensis,D-Helicotheca tamensis,520
2899,2011,Jan,1,01/01/2011,,16.37073,119.93401,W3,,1,Diatom,Pleurosigma spp.,D-Pleurosigma spp.,20
2900,2011,Jan,1,01/01/2011,,16.37073,119.93401,W3,,1,Diatom,Skeletonema costatum,D-Skeletonema costatum,400
2901,2011,Jan,1,01/01/2011,,16.37073,119.93401,W3,,1,Diatom,Thalassionema spp.,D-Thalassionema spp.,40
2902,2011,Jan,1,01/01/2011,,16.37073,119.93401,W3,,1,Diatom,Thalassiosira spp.,D-Thalassiosira spp.,40
2903,2011,Jan,1,01/01/2011,,16.37073,119.93401,W3,,NB,Diatom,Chaetoceros spp.,D-Chaetoceros spp.,180
2904,2011,Jan,1,01/01/2011,,16.37073,119.93401,W3,,NB,Diatom,Coscinodiscus spp.,D-Coscinodiscus spp.,140
2905,2011,Jan,1,01/01/2011,,16.37073,119.93401,W3,,NB,Diatom,Fragilariopsis sp.,D-Fragilariopsis sp.,20
2906,2011,Jan,1,01/01/2011,,16.37073,119.93401,W3,,NB,Diatom,Helicotheca tamensis,D-Helicotheca tamensis,420
2907,2011,Jan,1,01/01/2011,,16.37073,119.93401,W3,,NB,Diatom,Haslea sp.,D-Haslea sp.,20
2908,2011,Jan,1,01/01/2011,,16.37073,119.93401,W3,,NB,Diatom,Nitzschia spp.,D-Nitzschia spp.,20
2909,2011,Jan,1,01/01/2011,,16.37073,119.93401,W3,,NB,Diatom,Pleurosigma spp.,D-Pleurosigma spp.,20
2910,2011,Jan,1,01/01/2011,,16.37073,119.93401,W3,,NB,Diatom,Skeletonema costatum,D-Skeletonema costatum,360
2911,2011,Jan,1,01/01/2011,,16.37073,119.93401,W3,,NB,Diatom,Thalassiosira spp.,D-Thalassiosira spp.,40
2912,2011,Feb,1,01/02/2011,,16.32247,119.92948,W8,,1,Diatom,Pseudonitzschia spp.,D-Pseudonitzschia spp.,40
2913,2011,Feb,1,01/02/2011,,16.32247,119.92948,W8,,1,Diatom,Rhizosolenia spp.,D-Rhizosolenia spp.,320
2914,2011,Feb,1,01/02/2011,,16.32247,119.92948,W8,,1,Diatom,Skeletonema costatum,D-Skeletonema costatum,220
2915,2011,Feb,1,01/02/2011,,16.32247,119.92948,W8,,1,Diatom,Thalassionema spp.,D-Thalassionema spp.,120
2916,2011,Feb,1,01/02/2011,,16.32247,119.92948,W8,,NB,Diatom,Rhizosolenia spp.,D-Rhizosolenia spp.,120
2917,2011,Feb,1,01/02/2011,,16.32247,119.92948,W8,,NB,Cyanobacteria,Trichodesmium sp.,CYN-Trichodesmium sp.,60
2918,2011,Feb,1,01/02/2011,,16.38326,119.92616,LJC12,,1,Diatom,Helicotheca tamensis,D-Helicotheca tamensis,28800
2919,2011,Feb,1,01/02/2011,,16.38326,119.92616,LJC12,,1,Diatom,Pleurosigma spp.,D-Pleurosigma spp.,20
2920,2011,Feb,1,01/02/2011,,16.38326,119.92616,LJC12,,1,Dinoflagellate,Prorocentrum micans,DF-Prorocentrum micans,320
2921,2011,Feb,1,01/02/2011,,16.38326,119.92616,LJC12,,1,Dinoflagellate,Protoperidinium pellucidum,DF-Protoperidinium pellucidum,80
2922,2011,Feb,1,01/02/2011,,16.38326,119.92616,LJC12,,1,Dinoflagellate,Pyrophacus horolgium,DF-Pyrophacus horolgium,20
2923,2011,Feb,1,01/02/2011,,16.38326,119.92616,LJC12,,NB,Diatom,Coscinodiscus spp.,D-Coscinodiscus spp.,20
2924,2011,Feb,1,01/02/2011,,16.38326,119.92616,LJC12,,NB,Diatom,Helicotheca tamensis,D-Helicotheca tamensis,600
2925,2011,Feb,1,01/02/2011,,16.38326,119.92616,LJC12,,NB,Diatom,Navicula sp.,D-Navicula sp.,20
2926,2011,Feb,1,01/02/2011,,16.38326,119.92616,LJC12,,NB,Diatom,Rhizosolenia spp.,D-Rhizosolenia spp.,80
2927,2011,Feb,1,01/02/2011,,16.28459,119.92285,A4,,1,Diatom,Nitzschia spp.,D-Nitzschia spp.,200
2928,2011,Feb,1,01/02/2011,,16.28459,119.92285,A4,,1,Diatom,Pleurosigma spp.,D-Pleurosigma spp.,160
2929,2011,Feb,1,01/02/2011,,16.28459,119.92285,A4,,1,Diatom,Rhizosolenia spp.,D-Rhizosolenia spp.,260
2930,2011,Feb,1,01/02/2011,,16.28459,119.92285,A4,,1,Diatom,Skeletonema costatum,D-Skeletonema costatum,60
2931,2011,Feb,1,01/02/2011,,16.28459,119.92285,A4,,1,Dinoflagellate,Alexandrium spp.,DF-Alexandrium spp.,20
2932,2011,Feb,1,01/02/2011,,16.28459,119.92285,A4,,1,Dinoflagellate,Protoperidinium sp,DF-Protoperidinium sp.,40
2933,2011,Feb,1,01/02/2011,,16.38339,119.91585,TS2,,1,Diatom,Coscinodiscus spp.,D-Coscinodiscus spp.,200
2934,2011,Feb,1,01/02/2011,,16.38339,119.91585,TS2,,1,Diatom,Ephemera sp.,D-Ephemera sp.,20
2935,2011,Feb,1,01/02/2011,,16.38339,119.91585,TS2,,1,Diatom,Rhizosolenia spp.,D-Rhizosolenia spp.,1980
2936,2011,Feb,1,01/02/2011,,16.38339,119.91585,TS2,,1,Diatom,Skeletonema costatum,D-Skeletonema costatum,40
2937,2011,Feb,1,01/02/2011,,16.38339,119.91585,TS2,,1,Dinoflagellate,Ceratium furca,DF-Ceratium furca,20
2938,2011,Feb,1,01/02/2011,,16.38339,119.91585,TS2,,1,Dinoflagellate,Protoperidinium sp,DF-Protoperidinium sp.,240
2939,2011,Feb,1,01/02/2011,,16.38339,119.91585,TS2,,1,Silicoflagellate,Tintinopsis,SF-Tintinopsis,80
2940,2011,Feb,1,01/02/2011,,16.38339,119.91585,TS2,,NB,Diatom,Helicotheca tamensis,D-Helicotheca tamensis,1100
2941,2011,Feb,1,01/02/2011,,16.38339,119.91585,TS2,,NB,Diatom,Pleurosigma spp.,D-Pleurosigma spp.,120
2942,2011,Feb,1,01/02/2011,,16.34775,119.93452,W9,,1,Diatom,Helicotheca tamensis,D-Helicotheca tamensis,3500
2943,2011,Feb,1,01/02/2011,,16.34775,119.93452,W9,,1,Diatom,Rhizosolenia spp.,D-Rhizosolenia spp.,100
2944,2011,Feb,1,01/02/2011,,16.34775,119.93452,W9,,1,Dinoflagellate,Protoperidinium sp,DF-Protoperidinium sp.,120
2945,2011,Feb,1,01/02/2011,,16.37073,119.93401,W3,,NB,Diatom,Rhizosolenia spp.,D-Rhizosolenia spp.,120
2946,2011,Feb,1,01/02/2011,,16.37073,119.93401,W3,,NB,Dinoflagellate,Protoperidinium pellucidum,DF-Protoperidinium pellucidum,60
2947,2011,Feb,1,01/02/2011,,16.33366,119.93322,A2,,1,Diatom,Rhizosolenia spp.,D-Rhizosolenia spp.,100
2948,2011,Feb,1,01/02/2011,,16.33366,119.93322,A2,,1,Diatom,Thalassionema spp.,D-Thalassionema spp.,100
2949,2011,Feb,1,01/02/2011,,16.31124,119.92004,TS1,,1,Diatom,Coscinodiscus spp.,D-Coscinodiscus spp.,20
2950,2011,Feb,1,01/02/2011,,16.31124,119.92004,TS1,,1,Diatom,Nitzschia spp.,D-Nitzschia spp.,120
2951,2011,Feb,1,01/02/2011,,16.31124,119.92004,TS1,,1,Diatom,Pleurosigma spp.,D-Pleurosigma spp.,180
2952,2011,Feb,1,01/02/2011,,16.31124,119.92004,TS1,,1,Diatom,Rhizosolenia spp.,D-Rhizosolenia spp.,1060
2953,2011,Feb,1,01/02/2011,,16.31124,119.92004,TS1,,1,Diatom,Skeletonema costatum,D-Skeletonema costatum,5220
2954,2011,Feb,1,01/02/2011,,16.31124,119.92004,TS1,,1,Silicoflagellate,Tintinopsis,SF-Tintinopsis,440
2955,2011,Feb,1,01/02/2011,,16.31124,119.92004,TS1,,NB,Diatom,Chaetoceros spp.,D-Chaetoceros spp.,40
2956,2011,Feb,1,01/02/2011,,16.31124,119.92004,TS1,,NB,Diatom,Coscinodiscus spp.,D-Coscinodiscus spp.,60
2957,2011,Feb,1,01/02/2011,,16.31124,119.92004,TS1,,NB,Diatom,Nitzschia spp.,D-Nitzschia spp.,20
2958,2011,Feb,1,01/02/2011,,16.31124,119.92004,TS1,,NB,Diatom,Pleurosigma spp.,D-Pleurosigma spp.,40
2959,2011,Feb,1,01/02/2011,,16.31124,119.92004,TS1,,NB,Diatom,Rhizosolenia spp.,D-Rhizosolenia spp.,60
2960,2011,Feb,1,01/02/2011,,16.31124,119.92004,TS1,,NB,Diatom,Skeletonema costatum,D-Skeletonema costatum,1460
2961,2011,Feb,1,01/02/2011,,16.31124,119.92004,TS1,,NB,Silicoflagellate,Tintinopsis,SF-Tintinopsis,80
2962,2011,Feb,1,01/02/2011,,16.32003,119.93384,W8,,1,Diatom,Coscinodiscus spp.,D-Coscinodiscus spp.,40
2963,2011,Feb,1,01/02/2011,,16.32003,119.93384,W8,,1,Diatom,Navicula sp.,D-Navicula sp.,20
2964,2011,Feb,1,01/02/2011,,16.32003,119.93384,W8,,1,Diatom,Nitzschia spp.,D-Nitzschia spp.,100
2965,2011,Feb,1,01/02/2011,,16.32003,119.93384,W8,,1,Diatom,Pleurosigma spp.,D-Pleurosigma spp.,40
2966,2011,Feb,1,01/02/2011,,16.32003,119.93384,W8,,1,Diatom,Pseudonitzschia spp.,D-Pseudonitzschia spp.,520
2967,2011,Feb,1,01/02/2011,,16.32003,119.93384,W8,,1,Diatom,Skeletonema costatum,D-Skeletonema costatum,320
2968,2011,Feb,1,01/02/2011,,16.32003,119.93384,W8,,1,Dinoflagellate,Protoperidinium sp,DF-Protoperidinium sp.,80
2969,2011,Mar,1,01/03/2011,,16.38339,119.91585,TS2,,1,Diatom,Chaetoceros spp.,D-Chaetoceros spp.,20
2970,2011,Mar,1,01/03/2011,,16.38339,119.91585,TS2,,1,Diatom,Coscinodiscus spp.,D-Coscinodiscus spp.,20
2971,2011,Mar,1,01/03/2011,,16.38339,119.91585,TS2,,1,Diatom,Cylindricotheca closterium,D-Cylindricotheca closterium,3750
2972,2011,Mar,1,01/03/2011,,16.38339,119.91585,TS2,,1,Diatom,Lauderia sp.,D-Lauderia sp.,23750
2973,2011,Mar,1,01/03/2011,,16.38339,119.91585,TS2,,1,Diatom,Eucampia spp.,D-Eucampia spp.,50
2974,2011,Mar,1,01/03/2011,,16.38339,119.91585,TS2,,1,Diatom,Guinardia sp.,D-Guinardia sp.,30
2975,2011,Mar,1,01/03/2011,,16.38339,119.91585,TS2,,1,Diatom,Nitzschia spp.,D-Nitzschia spp.,150
2976,2011,Mar,1,01/03/2011,,16.38339,119.91585,TS2,,1,Diatom,Rhizosolenia spp.,D-Rhizosolenia spp.,30
2977,2011,Mar,1,01/03/2011,,16.38339,119.91585,TS2,,1,Dinoflagellate,Alexandrium spp.,DF-Alexandrium spp.,21210
2978,2011,Mar,1,01/03/2011,,16.38339,119.91585,TS2,,1,Dinoflagellate,Ceratium furca,DF-Ceratium furca,100
2979,2011,Mar,1,01/03/2011,,16.38339,119.91585,TS2,,1,Dinoflagellate,Dinophysis caudata,DF-Dinophysis caudata,20
2980,2011,Mar,1,01/03/2011,,16.38339,119.91585,TS2,,1,Dinoflagellate,Diplopsalis spp.,DF-Diplopsalis spp.,30
2981,2011,Mar,1,01/03/2011,,16.38339,119.91585,TS2,,1,Dinoflagellate,Protoperidinium sp,DF-Protoperidinium sp.,30
2982,2011,Mar,1,01/03/2011,,16.38339,119.91585,TS2,,1,Cyanobacteria,Trichodesmium sp.,CYN-Trichodesmium sp.,20
2983,2011,Mar,1,01/03/2011,,16.38339,119.91585,TS2,,NB,Diatom,Coscinodiscus spp.,D-Coscinodiscus spp.,20
2984,2011,Mar,1,01/03/2011,,16.38339,119.91585,TS2,,NB,Diatom,Cylindricotheca closterium,D-Cylindricotheca closterium,980
2985,2011,Mar,1,01/03/2011,,16.38339,119.91585,TS2,,NB,Diatom,Lauderia sp.,D-Lauderia sp.,13310
2986,2011,Mar,1,01/03/2011,,16.38339,119.91585,TS2,,NB,Diatom,Guinardia sp.,D-Guinardia sp.,30
2987,2011,Mar,1,01/03/2011,,16.38339,119.91585,TS2,,NB,Diatom,Pseudonitzschia spp.,D-Pseudonitzschia spp.,300
2988,2011,Mar,1,01/03/2011,,16.38339,119.91585,TS2,,NB,Diatom,Rhizosolenia spp.,D-Rhizosolenia spp.,30
2989,2011,Mar,1,01/03/2011,,16.38339,119.91585,TS2,,NB,Diatom,Skeletonema costatum,D-Skeletonema costatum,1100
2990,2011,Mar,1,01/03/2011,,16.38339,119.91585,TS2,,NB,Diatom,Thalassiosira spp.,D-Thalassiosira spp.,90
2991,2011,Mar,1,01/03/2011,,16.38339,119.91585,TS2,,NB,Dinoflagellate,Alexandrium spp.,DF-Alexandrium spp.,1090
2992,2011,Mar,1,01/03/2011,,16.38339,119.91585,TS2,,NB,Dinoflagellate,Protoperidinium pellucidum,DF-Protoperidinium pellucidum,50
2993,2011,Mar,1,01/03/2011,,16.38339,119.91585,TS2,,NB,Cyanobacteria,Trichodesmium sp.,CYN-Trichodesmium sp.,10
2994,2011,Mar,1,01/03/2011,,16.37073,119.93401,W3,,1,Diatom,Cylindricotheca closterium,D-Cylindricotheca closterium,200
2995,2011,Mar,1,01/03/2011,,16.37073,119.93401,W3,,1,Diatom,Lauderia sp.,D-Lauderia sp.,50
2996,2011,Mar,1,01/03/2011,,16.37073,119.93401,W3,,1,Diatom,Helicotheca tamensis,D-Helicotheca tamensis,170
2997,2011,Mar,1,01/03/2011,,16.37073,119.93401,W3,,1,Diatom,Leptocylindrus spp.,D-Leptocylindrus spp.,92200
2998,2011,Mar,1,01/03/2011,,16.37073,119.93401,W3,,1,Diatom,Nitzschia spp.,D-Nitzschia spp.,930
2999,2011,Mar,1,01/03/2011,,16.37073,119.93401,W3,,1,Diatom,Thalassionema spp.,D-Thalassionema spp.,20
3000,2011,Mar,1,01/03/2011,,16.37073,119.93401,W3,,1,Diatom,Thalassiosira spp.,D-Thalassiosira spp.,10
3001,2011,Mar,1,01/03/2011,,16.37073,119.93401,W3,,1,Dinoflagellate,Alexandrium spp.,DF-Alexandrium spp.,19630
3002,2011,Mar,1,01/03/2011,,16.37073,119.93401,W3,,1,Dinoflagellate,Dinophysis caudata,DF-Dinophysis caudata,10
3003,2011,Mar,1,01/03/2011,,16.37073,119.93401,W3,,1,Dinoflagellate,Diplopsalis orbicularis,DF-Diplopsalis orbicularis,10
3004,2011,Mar,1,01/03/2011,,16.37073,119.93401,W3,,1,Dinoflagellate,Prorocentrum minimum,DF-Prorocentrum minimum,20
3005,2011,Mar,1,01/03/2011,,16.37073,119.93401,W3,,1,Dinoflagellate,Protoperidinium sp,DF-Protoperidinium sp.,20
3006,2011,Mar,1,01/03/2011,,16.37073,119.93401,W3,,1,Dinoflagellate,Pyrophacus horolgium,DF-Pyrophacus horolgium,20
3007,2011,Mar,1,01/03/2011,,16.37073,119.93401,W3,,NB,Diatom,Cylindricotheca closterium,D-Cylindricotheca closterium,30
3008,2011,Mar,1,01/03/2011,,16.37073,119.93401,W3,,NB,Diatom,Leptocylindrus spp.,D-Leptocylindrus spp.,100
3009,2011,Mar,1,01/03/2011,,16.37073,119.93401,W3,,NB,Diatom,Nitzschia spp.,D-Nitzschia spp.,70
3010,2011,Mar,1,01/03/2011,,16.37073,119.93401,W3,,NB,Diatom,Pleurosigma spp.,D-Pleurosigma spp.,20
3011,2011,Mar,1,01/03/2011,,16.37073,119.93401,W3,,NB,Diatom,Skeletonema costatum,D-Skeletonema costatum,7393
3012,2011,Mar,1,01/03/2011,,16.37073,119.93401,W3,,NB,Dinoflagellate,Alexandrium spp.,DF-Alexandrium spp.,14540
3013,2011,Mar,1,01/03/2011,,16.37073,119.93401,W3,,NB,Dinoflagellate,Ceratium belone,DF-Ceratium belone,10
3014,2011,Mar,1,01/03/2011,,16.37073,119.93401,W3,,NB,Dinoflagellate,Protoperidinium sp,DF-Protoperidinium sp.,550
3015,2011,Mar,1,01/03/2011,,16.34775,119.93452,W9,,1,Diatom,Lauderia sp.,D-Lauderia sp.,38667
3016,2011,Mar,1,01/03/2011,,16.34775,119.93452,W9,,1,Diatom,Cerataulina sp.,D-Cerataulina sp.,40
3017,2011,Mar,1,01/03/2011,,16.34775,119.93452,W9,,1,Diatom,Helicotheca tamensis,D-Helicotheca tamensis,410
3018,2011,Mar,1,01/03/2011,,16.34775,119.93452,W9,,1,Diatom,Leptocylindrus spp.,D-Leptocylindrus spp.,20
3019,2011,Mar,1,01/03/2011,,16.34775,119.93452,W9,,1,Diatom,Rhizosolenia spp.,D-Rhizosolenia spp.,80
3020,2011,Mar,1,01/03/2011,,16.34775,119.93452,W9,,1,Diatom,Thalassiosira spp.,D-Thalassiosira spp.,140
3021,2011,Mar,1,01/03/2011,,16.34775,119.93452,W9,,1,Dinoflagellate,Alexandrium spp.,DF-Alexandrium spp.,5230
3022,2011,Mar,1,01/03/2011,,16.34775,119.93452,W9,,1,Dinoflagellate,Ceratium furca,DF-Ceratium furca,20
3023,2011,Mar,1,01/03/2011,,16.34775,119.93452,W9,,1,Dinoflagellate,Dinophysis caudata,DF-Dinophysis caudata,30
3024,2011,Mar,1,01/03/2011,,16.34775,119.93452,W9,,1,Dinoflagellate,Prorocentrum micans,DF-Prorocentrum micans,30
3025,2011,Mar,1,01/03/2011,,16.34775,119.93452,W9,,1,Dinoflagellate,Protoperidinium conicum,DF-Protoperidinium conicum,70
3026,2011,Mar,1,01/03/2011,,16.38337,119.9271,LJC12,,1,Diatom,Nitzschia spp.,D-Nitzschia spp.,150
3027,2011,Mar,1,01/03/2011,,16.38337,119.9271,LJC12,,1,Diatom,Pleurosigma spp.,D-Pleurosigma spp.,20
3028,2011,Mar,1,01/03/2011,,16.38337,119.9271,LJC12,,1,Diatom,Skeletonema costatum,D-Skeletonema costatum,10857
3029,2011,Mar,1,01/03/2011,,16.38337,119.9271,LJC12,,1,Dinoflagellate,Alexandrium spp.,DF-Alexandrium spp.,3860
3030,2011,Mar,1,01/03/2011,,16.38337,119.9271,LJC12,,1,Dinoflagellate,Ceratium furca,DF-Ceratium furca,20
3031,2011,Mar,1,01/03/2011,,16.38337,119.9271,LJC12,,1,Dinoflagellate,Diplopsalis spp.,DF-Diplopsalis spp.,20
3032,2011,Mar,1,01/03/2011,,16.38337,119.9271,LJC12,,1,Dinoflagellate,Prorocentrum micans,DF-Prorocentrum micans,250
3033,2011,Mar,1,01/03/2011,,16.38337,119.9271,LJC12,,1,Dinoflagellate,Protoperidinium sp,DF-Protoperidinium sp.,20
3034,2011,Mar,1,01/03/2011,,16.38337,119.9271,LJC12,,1,Dinoflagellate,Protoperidinium conicum,DF-Protoperidinium conicum,190
3035,2011,Mar,1,01/03/2011,,16.38337,119.9271,LJC12,,1,Dinoflagellate,Protoperidinium oblongum,DF-Protoperidinium oblongum,20
3036,2011,Mar,1,01/03/2011,,16.38337,119.9271,LJC12,,1,Dinoflagellate,Protoperidinium pellucidum,DF-Protoperidinium pellucidum,20
3037,2011,Mar,1,01/03/2011,,16.33837,119.93294,A2,,1,Diatom,Helicotheca tamensis,D-Helicotheca tamensis,130
3038,2011,Mar,1,01/03/2011,,16.33837,119.93294,A2,,1,Diatom,Leptocylindrus spp.,D-Leptocylindrus spp.,50
3039,2011,Mar,1,01/03/2011,,16.33837,119.93294,A2,,1,Diatom,Navicula sp.,D-Navicula sp.,100
3040,2011,Mar,1,01/03/2011,,16.33837,119.93294,A2,,1,Diatom,Pleurosigma spp.,D-Pleurosigma spp.,10
3041,2011,Mar,1,01/03/2011,,16.33837,119.93294,A2,,1,Diatom,Rhizosolenia spp.,D-Rhizosolenia spp.,100
3042,2011,Mar,1,01/03/2011,,16.33837,119.93294,A2,,1,Diatom,Skeletonema costatum,D-Skeletonema costatum,24292
3043,2011,Mar,1,01/03/2011,,16.33837,119.93294,A2,,1,Diatom,Thalassiosira spp.,D-Thalassiosira spp.,50
3044,2011,Mar,1,01/03/2011,,16.28459,119.92285,A4,,1,Diatom,Cylindricotheca closterium,D-Cylindricotheca closterium,80
3045,2011,Mar,1,01/03/2011,,16.28459,119.92285,A4,,1,Diatom,Helicotheca tamensis,D-Helicotheca tamensis,20
3046,2011,Mar,1,01/03/2011,,16.28459,119.92285,A4,,1,Diatom,Navicula sp.,D-Navicula sp.,10
3047,2011,Mar,1,01/03/2011,,16.28459,119.92285,A4,,1,Diatom,Pleurosigma spp.,D-Pleurosigma spp.,80
3048,2011,Mar,1,01/03/2011,,16.28459,119.92285,A4,,1,Diatom,Rhizosolenia spp.,D-Rhizosolenia spp.,1930
3049,2011,Mar,1,01/03/2011,,16.28459,119.92285,A4,,1,Diatom,Skeletonema costatum,D-Skeletonema costatum,79250
3050,2011,Mar,1,01/03/2011,,16.28459,119.92285,A4,,1,Diatom,Thalassionema spp.,D-Thalassionema spp.,270
3051,2011,Mar,1,01/03/2011,,16.28459,119.92285,A4,,1,Diatom,Thalassiosira spp.,D-Thalassiosira spp.,240
3052,2011,Mar,1,01/03/2011,,16.28459,119.92285,A4,,1,Silicoflagellate,Tintinopsis,SF-Tintinopsis,30
3053,2011,Mar,1,01/03/2011,,16.31124,119.92004,TS1,,1,Diatom,Coscinodiscus spp.,D-Coscinodiscus spp.,10
3054,2011,Mar,1,01/03/2011,,16.31124,119.92004,TS1,,1,Diatom,Cylindricotheca closterium,D-Cylindricotheca closterium,30
3055,2011,Mar,1,01/03/2011,,16.31124,119.92004,TS1,,1,Diatom,Navicula sp.,D-Navicula sp.,30
3056,2011,Mar,1,01/03/2011,,16.31124,119.92004,TS1,,1,Diatom,Pleurosigma spp.,D-Pleurosigma spp.,20
3057,2011,Mar,1,01/03/2011,,16.31124,119.92004,TS1,,1,Diatom,Pseudonitzschia spp.,D-Pseudonitzschia spp.,20
3058,2011,Mar,1,01/03/2011,,16.31124,119.92004,TS1,,1,Diatom,Rhizosolenia spp.,D-Rhizosolenia spp.,1230
3059,2011,Mar,1,01/03/2011,,16.31124,119.92004,TS1,,1,Diatom,Skeletonema costatum,D-Skeletonema costatum,23125
3060,2011,Mar,1,01/03/2011,,16.31124,119.92004,TS1,,1,Diatom,Thalassionema spp.,D-Thalassionema spp.,160
3061,2011,Mar,1,01/03/2011,,16.31124,119.92004,TS1,,NB,Diatom,Helicotheca tamensis,D-Helicotheca tamensis,30
3062,2011,Mar,1,01/03/2011,,16.31124,119.92004,TS1,,NB,Diatom,Navicula sp.,D-Navicula sp.,20
3063,2011,Mar,1,01/03/2011,,16.31124,119.92004,TS1,,NB,Diatom,Pleurosigma spp.,D-Pleurosigma spp.,30
3064,2011,Mar,1,01/03/2011,,16.31124,119.92004,TS1,,NB,Diatom,Rhizosolenia spp.,D-Rhizosolenia spp.,1380
3065,2011,Mar,1,01/03/2011,,16.31124,119.92004,TS1,,NB,Diatom,Skeletonema costatum,D-Skeletonema costatum,16000
3066,2011,Mar,1,01/03/2011,,16.31124,119.92004,TS1,,NB,Diatom,Thalassionema spp.,D-Thalassionema spp.,50
3067,2011,Mar,1,01/03/2011,,16.31124,119.92004,TS1,,NB,Diatom,Thalassiosira spp.,D-Thalassiosira spp.,70
3068,2011,Mar,1,01/03/2011,,16.35572,119.93677,LJC9,,1,Diatom,Cylindricotheca closterium,D-Cylindricotheca closterium,420
3069,2011,Mar,1,01/03/2011,,16.35572,119.93677,LJC9,,1,Diatom,Helicotheca tamensis,D-Helicotheca tamensis,130
3070,2011,Mar,1,01/03/2011,,16.35572,119.93677,LJC9,,1,Diatom,Leptocylindrus spp.,D-Leptocylindrus spp.,40
3071,2011,Mar,1,01/03/2011,,16.35572,119.93677,LJC9,,1,Diatom,Nitzschia spp.,D-Nitzschia spp.,30
3072,2011,Mar,1,01/03/2011,,16.35572,119.93677,LJC9,,1,Diatom,Pleurosigma spp.,D-Pleurosigma spp.,30
3073,2011,Mar,1,01/03/2011,,16.35572,119.93677,LJC9,,1,Diatom,Rhizosolenia spp.,D-Rhizosolenia spp.,20
3074,2011,Mar,1,01/03/2011,,16.35572,119.93677,LJC9,,1,Diatom,Skeletonema costatum,D-Skeletonema costatum,18875
3075,2011,Mar,1,01/03/2011,,16.35572,119.93677,LJC9,,1,Diatom,Thalassiosira spp.,D-Thalassiosira spp.,40
3076,2011,Mar,1,01/03/2011,,16.35572,119.93677,LJC9,,1,Dinoflagellate,Dinophysis caudata,DF-Dinophysis caudata,10
3077,2011,Mar,1,01/03/2011,,16.35572,119.93677,LJC9,,1,Dinoflagellate,Diplopsalis spp.,DF-Diplopsalis spp.,10
3078,2011,Mar,1,01/03/2011,,16.35572,119.93677,LJC9,,1,Dinoflagellate,Gonyaulax polyedra,DF-Gonyaulax polyedra,10
3079,2011,Mar,1,01/03/2011,,16.35572,119.93677,LJC9,,1,Dinoflagellate,Protoperidinium sp,DF-Protoperidinium sp.,80
3080,2011,Mar,1,01/03/2011,,16.35572,119.93677,LJC9,,1,Dinoflagellate,Protoperidinium pellucidum,DF-Protoperidinium pellucidum,30
3081,2011,Mar,1,01/03/2011,,16.35572,119.93677,LJC9,,1,Cyanobacteria,Trichodesmium sp.,CYN-Trichodesmium sp.,20
3082,2011,Mar,1,01/03/2011,,16.38186,119.91169,BML 1,,1,Diatom,Cylindricotheca closterium,D-Cylindricotheca closterium,1490
3083,2011,Mar,1,01/03/2011,,16.38186,119.91169,BML 1,,1,Diatom,Lauderia sp.,D-Lauderia sp.,4950
3084,2011,Mar,1,01/03/2011,,16.38186,119.91169,BML 1,,1,Diatom,Eucampia spp.,D-Eucampia spp.,350
3085,2011,Mar,1,01/03/2011,,16.38186,119.91169,BML 1,,1,Diatom,Pseudonitzschia spp.,D-Pseudonitzschia spp.,220
3086,2011,Mar,1,01/03/2011,,16.38186,119.91169,BML 1,,1,Dinoflagellate,Alexandrium spp.,DF-Alexandrium spp.,25000
3087,2011,Mar,1,01/03/2011,,16.38186,119.91169,BML 1,,NB,Diatom,Chaetoceros spp.,D-Chaetoceros spp.,40
3088,2011,Mar,1,01/03/2011,,16.38186,119.91169,BML 1,,NB,Diatom,Cocconeis sp.,D-Cocconeis sp.,10
3089,2011,Mar,1,01/03/2011,,16.38186,119.91169,BML 1,,NB,Diatom,Cylindricotheca closterium,D-Cylindricotheca closterium,990
3090,2011,Mar,1,01/03/2011,,16.38186,119.91169,BML 1,,NB,Diatom,Cerataulina sp.,D-Cerataulina sp.,110
3091,2011,Mar,1,01/03/2011,,16.38186,119.91169,BML 1,,NB,Diatom,Pseudonitzschia spp.,D-Pseudonitzschia spp.,20
3092,2011,Mar,1,01/03/2011,,16.38186,119.91169,BML 1,,NB,Diatom,Rhizosolenia spp.,D-Rhizosolenia spp.,20
3093,2011,Mar,1,01/03/2011,,16.38186,119.91169,BML 1,,NB,Diatom,Skeletonema costatum,D-Skeletonema costatum,72773
3094,2011,Mar,1,01/03/2011,,16.38186,119.91169,BML 1,,NB,Diatom,Thalassiosira spp.,D-Thalassiosira spp.,10
3095,2011,Mar,1,01/03/2011,,16.38186,119.91169,BML 1,,NB,Dinoflagellate,Alexandrium spp.,DF-Alexandrium spp.,1500
3096,2011,Mar,1,01/03/2011,,16.38186,119.91169,BML 1,,NB,Dinoflagellate,Gonyaulax polyedra,DF-Gonyaulax polyedra,20
3097,2011,Mar,1,01/03/2011,,16.38186,119.91169,BML 1,,NB,Dinoflagellate,Protoperidinium pellucidum,DF-Protoperidinium pellucidum,20
3098,2011,Mar,1,01/03/2011,,16.37392,119.92816,LJC4,,1,Diatom,Coscinodiscus spp.,D-Coscinodiscus spp.,20
3099,2011,Mar,1,01/03/2011,,16.37392,119.92816,LJC4,,1,Diatom,Cylindricotheca closterium,D-Cylindricotheca closterium,130
3100,2011,Mar,1,01/03/2011,,16.37392,119.92816,LJC4,,1,Diatom,Lauderia sp.,D-Lauderia sp.,56000
3101,2011,Mar,1,01/03/2011,,16.37392,119.92816,LJC4,,1,Diatom,Eucampia spp.,D-Eucampia spp.,970
3102,2011,Mar,1,01/03/2011,,16.37392,119.92816,LJC4,,1,Diatom,Cerataulina sp.,D-Cerataulina sp.,710
3103,2011,Mar,1,01/03/2011,,16.37392,119.92816,LJC4,,1,Diatom,Pseudonitzschia spp.,D-Pseudonitzschia spp.,130
3104,2011,Mar,1,01/03/2011,,16.37392,119.92816,LJC4,,1,Diatom,Rhizosolenia spp.,D-Rhizosolenia spp.,50
3105,2011,Mar,1,01/03/2011,,16.37392,119.92816,LJC4,,1,Diatom,Skeletonema costatum,D-Skeletonema costatum,80
3106,2011,Mar,1,01/03/2011,,16.37392,119.92816,LJC4,,1,Dinoflagellate,Alexandrium spp.,DF-Alexandrium spp.,8260
3107,2011,Mar,1,01/03/2011,,16.37392,119.92816,LJC4,,1,Dinoflagellate,Ceratium furca,DF-Ceratium furca,40
3108,2011,Mar,1,01/03/2011,,16.37392,119.92816,LJC4,,1,Dinoflagellate,Dinophysis acuminata,DF-Dinophysis acuminata,50
3109,2011,Mar,1,01/03/2011,,16.37392,119.92816,LJC4,,1,Dinoflagellate,Diplopsalis spp.,DF-Diplopsalis spp.,30
3110,2011,Mar,1,01/03/2011,,16.37392,119.92816,LJC4,,1,Dinoflagellate,Diplopsalis orbicularis,DF-Diplopsalis orbicularis,20
3111,2011,Mar,1,01/03/2011,,16.37392,119.92816,LJC4,,1,Dinoflagellate,Gonyaulax polyedra,DF-Gonyaulax polyedra,20
3112,2011,Mar,1,01/03/2011,,16.37392,119.92816,LJC4,,1,Dinoflagellate,Prorocentrum micans,DF-Prorocentrum micans,20
3113,2011,Mar,1,01/03/2011,,16.37392,119.92816,LJC4,,1,Dinoflagellate,Protoperidinium sp,DF-Protoperidinium sp.,70
3114,2011,Mar,1,01/03/2011,,16.37392,119.92816,LJC4,,1,Dinoflagellate,Protoperidinium depressum,DF-Protoperidinium depressum,20
3115,2011,Mar,1,01/03/2011,,16.37392,119.92816,LJC4,,1,Dinoflagellate,Protoperidinium pellucidum,DF-Protoperidinium pellucidum,90
3116,2011,Mar,1,01/03/2011,,16.37392,119.92816,LJC4,,NB,Diatom,Lauderia sp.,D-Lauderia sp.,147188
3117,2011,Mar,1,01/03/2011,,16.37392,119.92816,LJC4,,NB,Diatom,Eucampia spp.,D-Eucampia spp.,28250
3118,2011,Mar,1,01/03/2011,,16.37392,119.92816,LJC4,,NB,Diatom,Cerataulina sp.,D-Cerataulina sp.,100
3119,2011,Mar,1,01/03/2011,,16.37392,119.92816,LJC4,,NB,Diatom,Helicotheca tamensis,D-Helicotheca tamensis,40
3120,2011,Mar,1,01/03/2011,,16.37392,119.92816,LJC4,,NB,Diatom,Leptocylindrus spp.,D-Leptocylindrus spp.,20
3121,2011,Mar,1,01/03/2011,,16.37392,119.92816,LJC4,,NB,Diatom,Nitzschia spp.,D-Nitzschia spp.,15620
3122,2011,Mar,1,01/03/2011,,16.37392,119.92816,LJC4,,NB,Dinoflagellate,Ceratium furca,DF-Ceratium furca,10
3123,2011,Mar,1,01/03/2011,,16.37392,119.92816,LJC4,,NB,Dinoflagellate,Diplopsalis spp.,DF-Diplopsalis spp.,20
3124,2011,Mar,1,01/03/2011,,16.37392,119.92816,LJC4,,NB,Dinoflagellate,Protoperidinium sp,DF-Protoperidinium sp.,60
3125,2011,Mar,1,01/03/2011,,16.37392,119.92816,LJC4,,NB,Dinoflagellate,Protoperdinium latispinum,DF-Protoperidinium latispinum,10
3126,2011,Mar,1,01/03/2011,,16.34749,119.94334,W1,,1,Diatom,Lauderia sp.,D-Lauderia sp.,5400
3127,2011,Mar,1,01/03/2011,,16.34749,119.94334,W1,,1,Diatom,Helicotheca tamensis,D-Helicotheca tamensis,760
3128,2011,Mar,1,01/03/2011,,16.34749,119.94334,W1,,1,Diatom,Pleurosigma spp.,D-Pleurosigma spp.,40
3129,2011,Mar,1,01/03/2011,,16.34749,119.94334,W1,,1,Diatom,Thalassionema spp.,D-Thalassionema spp.,10
3130,2011,Mar,1,01/03/2011,,16.34749,119.94334,W1,,1,Diatom,Thalassiosira spp.,D-Thalassiosira spp.,30
3131,2011,Mar,1,01/03/2011,,16.34749,119.94334,W1,,1,Dinoflagellate,Alexandrium spp.,DF-Alexandrium spp.,5070
3132,2011,Mar,1,01/03/2011,,16.34749,119.94334,W1,,1,Dinoflagellate,Dinophysis miles,DF-Dinophysis miles,60
3133,2011,Mar,1,01/03/2011,,16.34749,119.94334,W1,,1,Dinoflagellate,Prorocentrum sigmoides,DF-Prorocentrum sigmoides,40
3134,2011,Mar,1,01/03/2011,,16.34749,119.94334,W1,,1,Dinoflagellate,Protoperidinium sp,DF-Protoperidinium sp.,120
3135,2011,Mar,1,01/03/2011,,16.34749,119.94334,W1,,1,Dinoflagellate,Protoperidinium conicum,DF-Protoperidinium conicum,60
3136,2011,Mar,1,01/03/2011,,16.34749,119.94334,W1,,1,Dinoflagellate,Protoperdinium latispinum,DF-Protoperidinium latispinum,70
3137,2011,Mar,1,01/03/2011,,16.34749,119.94334,W1,,1,Dinoflagellate,Protoperidinium pallidum,DF-Protoperidinium pallidum,20
3138,2011,Mar,1,01/03/2011,,16.34749,119.94334,W1,,NB,Diatom,Coscinodiscus spp.,D-Coscinodiscus spp.,10
3139,2011,Mar,1,01/03/2011,,16.34749,119.94334,W1,,NB,Diatom,Lauderia sp.,D-Lauderia sp.,1220
3140,2011,Mar,1,01/03/2011,,16.34749,119.94334,W1,,NB,Diatom,Helicotheca tamensis,D-Helicotheca tamensis,370
3141,2011,Mar,1,01/03/2011,,16.34749,119.94334,W1,,NB,Diatom,Pleurosigma spp.,D-Pleurosigma spp.,20
3142,2011,Mar,1,01/03/2011,,16.34749,119.94334,W1,,NB,Diatom,Skeletonema costatum,D-Skeletonema costatum,6610
3143,2011,Mar,1,01/03/2011,,16.34749,119.94334,W1,,NB,Dinoflagellate,Alexandrium spp.,DF-Alexandrium spp.,820
3144,2011,Mar,1,01/03/2011,,16.34749,119.94334,W1,,NB,Cyanobacteria,Trichodesmium sp.,CYN-Trichodesmium sp.,20
3145,2011,Mar,1,01/03/2011,,16.37036,119.9427,LJC8,,1,Diatom,Cerataulina sp.,D-Cerataulina sp.,190
3146,2011,Mar,1,01/03/2011,,16.37036,119.9427,LJC8,,1,Diatom,Coscinodiscus spp.,D-Coscinodiscus spp.,60
3147,2011,Mar,1,01/03/2011,,16.37036,119.9427,LJC8,,1,Diatom,Cylindricotheca closterium,D-Cylindricotheca closterium,90
3148,2011,Mar,1,01/03/2011,,16.37036,119.9427,LJC8,,1,Diatom,Fragilariopsis sp.,D-Fragilariopsis sp.,10
3149,2011,Mar,1,01/03/2011,,16.37036,119.9427,LJC8,,1,Diatom,Helicotheca tamensis,D-Helicotheca tamensis,380
3150,2011,Mar,1,01/03/2011,,16.37036,119.9427,LJC8,,1,Diatom,Nitzschia spp.,D-Nitzschia spp.,30
3151,2011,Mar,1,01/03/2011,,16.37036,119.9427,LJC8,,1,Diatom,Pleurosigma spp.,D-Pleurosigma spp.,20
3152,2011,Mar,1,01/03/2011,,16.37036,119.9427,LJC8,,1,Diatom,Skeletonema costatum,D-Skeletonema costatum,14656
3153,2011,Mar,1,01/03/2011,,16.37036,119.9427,LJC8,,1,Diatom,Thalassiosira spp.,D-Thalassiosira spp.,20
3154,2011,Mar,1,01/03/2011,,16.37036,119.9427,LJC8,,1,Dinoflagellate,Alexandrium spp.,DF-Alexandrium spp.,50
3155,2011,Mar,1,01/03/2011,,16.37036,119.9427,LJC8,,1,Dinoflagellate,Ceratium furca,DF-Ceratium furca,30
3156,2011,Mar,1,01/03/2011,,16.37036,119.9427,LJC8,,1,Dinoflagellate,Dinophysis caudata,DF-Dinophysis caudata,40
3157,2011,Mar,1,01/03/2011,,16.37036,119.9427,LJC8,,1,Dinoflagellate,Gymnodinium sanguineum,DF-Gymnodinium sanguineum,20
3158,2011,Mar,1,01/03/2011,,16.37036,119.9427,LJC8,,1,Dinoflagellate,Protoperidinium sp,DF-Protoperidinium sp.,80
3159,2011,Mar,1,01/03/2011,,16.37036,119.9427,LJC8,,1,Dinoflagellate,Protoperidinium depressum,DF-Protoperidinium depressum,40
3160,2011,Mar,1,01/03/2011,,16.37036,119.9427,LJC8,,1,Dinoflagellate,Protoperidinium pellucidum,DF-Protoperidinium pellucidum,70
3161,2011,Mar,1,01/03/2011,,16.37036,119.9427,LJC8,,1,Cyanobacteria,Trichodesmium sp.,CYN-Trichodesmium sp.,20
3162,2011,Mar,1,01/03/2011,,16.37073,119.93401,W3,,1,Diatom,Lauderia sp.,D-Lauderia sp.,7550
3163,2011,Mar,1,01/03/2011,,16.37073,119.93401,W3,,1,Diatom,Eucampia spp.,D-Eucampia spp.,360
3164,2011,Mar,1,01/03/2011,,16.37073,119.93401,W3,,1,Diatom,Cerataulina sp.,D-Cerataulina sp.,220
3165,2011,Mar,1,01/03/2011,,16.37073,119.93401,W3,,1,Diatom,Helicotheca tamensis,D-Helicotheca tamensis,600
3166,2011,Mar,1,01/03/2011,,16.37073,119.93401,W3,,1,Diatom,Pleurosigma spp.,D-Pleurosigma spp.,20
3167,2011,Mar,1,01/03/2011,,16.37073,119.93401,W3,,1,Diatom,Pseudonitzschia spp.,D-Pseudonitzschia spp.,30
3168,2011,Mar,1,01/03/2011,,16.37073,119.93401,W3,,1,Diatom,Thalassiosira spp.,D-Thalassiosira spp.,50
3169,2011,Mar,1,01/03/2011,,16.37073,119.93401,W3,,1,Dinoflagellate,Ceratium furca,DF-Ceratium furca,200
3170,2011,Mar,1,01/03/2011,,16.37073,119.93401,W3,,1,Dinoflagellate,Gonyaulax polyedra,DF-Gonyaulax polyedra,30
3171,2011,Mar,1,01/03/2011,,16.37073,119.93401,W3,,1,Dinoflagellate,Gymnodinium catenatum,DF-Gymnodinium catenatum,100
3172,2011,Mar,1,01/03/2011,,16.37073,119.93401,W3,,1,Dinoflagellate,Gymnodinium sanguineum,DF-Gymnodinium sanguineum,20
3173,2011,Mar,1,01/03/2011,,16.37073,119.93401,W3,,1,Dinoflagellate,Prorocentrum micans,DF-Prorocentrum micans,220
3174,2011,Mar,1,01/03/2011,,16.37073,119.93401,W3,,1,Dinoflagellate,Prorocentrum sigmoides,DF-Prorocentrum sigmoides,70
3175,2011,Mar,1,01/03/2011,,16.37073,119.93401,W3,,1,Dinoflagellate,Protoperidinium sp,DF-Protoperidinium sp.,20
3176,2011,Mar,1,01/03/2011,,16.37073,119.93401,W3,,1,Dinoflagellate,Protoperidinium conicum,DF-Protoperidinium conicum,30
3177,2011,Mar,1,01/03/2011,,16.37073,119.93401,W3,,1,Dinoflagellate,Protoperidinium pallidum,DF-Protoperidinium pallidum,80
3178,2011,Mar,1,01/03/2011,,16.37073,119.93401,W3,,1,Dinoflagellate,Protoperidinium pellucidum,DF-Protoperidinium pellucidum,50
3179,2011,Apr,1,01/04/2011,,16.35572,119.93677,LJC9,,1,Diatom,Rhizosolenia spp.,D-Rhizosolenia spp.,40
3180,2011,Apr,1,01/04/2011,,16.35572,119.93677,LJC9,,1,Diatom,Thalassionema spp.,D-Thalassionema spp.,480
3181,2011,Apr,1,01/04/2011,,16.35572,119.93677,LJC9,,1,Dinoflagellate,Diplopsalis spp.,DF-Diplopsalis spp.,200
3182,2011,Apr,1,01/04/2011,,16.35572,119.93677,LJC9,,1,Dinoflagellate,Prorocentrum micans,DF-Prorocentrum micans,800
3183,2011,Apr,1,01/04/2011,,16.35572,119.93677,LJC9,,1,Dinoflagellate,Protoperidinium conicum,DF-Protoperidinium conicum,40
3184,2011,Apr,1,01/04/2011,,16.35572,119.93677,LJC9,,1,Dinoflagellate,Protoperidinium pallidum,DF-Protoperidinium pallidum,3120
3185,2011,Apr,1,01/04/2011,,16.35572,119.93677,LJC9,,1,Dinoflagellate,Scrippsiella spinifera,DF-Scrippsiella spinifera,3360
3186,2011,Apr,1,01/04/2011,,16.35572,119.93677,LJC9,,NB,Diatom,Thalassionema spp.,D-Thalassionema spp.,51750
3187,2011,Apr,1,01/04/2011,,16.35572,119.93677,LJC9,,NB,Dinoflagellate,Diplopsalis spp.,DF-Diplopsalis spp.,80
3188,2011,Apr,1,01/04/2011,,16.35572,119.93677,LJC9,,NB,Dinoflagellate,Prorocentrum micans,DF-Prorocentrum micans,800
3189,2011,Apr,1,01/04/2011,,16.35572,119.93677,LJC9,,NB,Dinoflagellate,Protoperidinium conicum,DF-Protoperidinium conicum,80
3190,2011,Apr,1,01/04/2011,,16.35572,119.93677,LJC9,,NB,Dinoflagellate,Protoperidinium pallidum,DF-Protoperidinium pallidum,4760
3191,2011,Apr,1,01/04/2011,,16.31124,119.92004,A63,,1,Diatom,Leptocylindrus spp.,D-Leptocylindrus spp.,200
3192,2011,Apr,1,01/04/2011,,16.31124,119.92004,A63,,1,Diatom,Rhizosolenia spp.,D-Rhizosolenia spp.,10840
3193,2011,Apr,1,01/04/2011,,16.31124,119.92004,A63,,1,Diatom,Thalassionema spp.,D-Thalassionema spp.,3320
3194,2011,Apr,1,01/04/2011,,16.31124,119.92004,A63,,1,Diatom,Thalassiosira spp.,D-Thalassiosira spp.,138919
3195,2011,Apr,1,01/04/2011,,16.31124,119.92004,A63,,1,Dinoflagellate,Diplopsalis spp.,DF-Diplopsalis spp.,200
3196,2011,Apr,1,01/04/2011,,16.31124,119.92004,A63,,1,Dinoflagellate,Gonyaulax sp.,DF-Gonyaulax sp.,240
3197,2011,Apr,1,01/04/2011,,16.31124,119.92004,A63,,1,Dinoflagellate,Protoperidinium conicum,DF-Protoperidinium conicum,80
3198,2011,Apr,1,01/04/2011,,16.31124,119.92004,A63,,NB,Diatom,Rhizosolenia spp.,D-Rhizosolenia spp.,120
3199,2011,Apr,1,01/04/2011,,16.31124,119.92004,A63,,NB,Diatom,Thalassionema spp.,D-Thalassionema spp.,7160
3200,2011,Apr,1,01/04/2011,,16.31124,119.92004,A63,,NB,Diatom,Thalassiosira spp.,D-Thalassiosira spp.,104000
3201,2011,Apr,1,01/04/2011,,16.31124,119.92004,A63,,NB,Dinoflagellate,Diplopsalis spp.,DF-Diplopsalis spp.,40
3202,2011,Apr,1,01/04/2011,,16.28459,119.92285,A4,,1,Diatom,Pleurosigma spp.,D-Pleurosigma spp.,80
3203,2011,Apr,1,01/04/2011,,16.28459,119.92285,A4,,1,Diatom,Thalassionema spp.,D-Thalassionema spp.,31250
3204,2011,Apr,1,01/04/2011,,16.28459,119.92285,A4,,1,Diatom,Thalassiosira spp.,D-Thalassiosira spp.,11520
3205,2011,Apr,1,01/04/2011,,16.28459,119.92285,A4,,1,Dinoflagellate,Protoperidinium sp.,DF-Protoperidinium sp.,80
3206,2011,Apr,1,01/04/2011,,16.28459,119.92285,A4,,1,Dinoflagellate,Protoperidinium pallidum,DF-Protoperidinium pallidum,40
3207,2011,Apr,1,01/04/2011,,16.28459,119.92285,A4,,NB,Diatom,Cylindricotheca closterium,D-Cylindricotheca closterium,40
3208,2011,Apr,1,01/04/2011,,16.28459,119.92285,A4,,NB,Diatom,Pleurosigma spp.,D-Pleurosigma spp.,320
3209,2011,Apr,1,01/04/2011,,16.28459,119.92285,A4,,NB,Diatom,Thalassionema spp.,D-Thalassionema spp.,18000
3210,2011,Apr,1,01/04/2011,,16.28459,119.92285,A4,,NB,Diatom,Thalassiosira spp.,D-Thalassiosira spp.,65250
3211,2011,Apr,1,01/04/2011,,16.30944,119.92063,TS1,,1,Diatom,Rhizosolenia spp.,D-Rhizosolenia spp.,120
3212,2011,Apr,1,01/04/2011,,16.30944,119.92063,TS1,,1,Diatom,Skeletonema costatum,D-Skeletonema costatum,80
3213,2011,Apr,1,01/04/2011,,16.30944,119.92063,TS1,,1,Diatom,Thalassionema spp.,D-Thalassionema spp.,26750
3214,2011,Apr,1,01/04/2011,,16.30944,119.92063,TS1,,1,Diatom,Thalassiosira spp.,D-Thalassiosira spp.,100500
3215,2011,Apr,1,01/04/2011,,16.30944,119.92063,TS1,,1,Dinoflagellate,Prorocentrum lima,DF-Prorocentrum lima,1640
3216,2011,Apr,1,01/04/2011,,16.30944,119.92063,TS1,,1,Dinoflagellate,Protoperidinium pallidum,DF-Protoperidinium pallidum,120
3217,2011,Apr,1,01/04/2011,,16.30944,119.92063,TS1,,1,Dinoflagellate,Protoperidinium pellucidum,DF-Protoperidinium pellucidum,80
3218,2011,Apr,1,01/04/2011,,16.30944,119.92063,TS1,,NB,Diatom,Thalassionema spp.,D-Thalassionema spp.,15500
3219,2011,Apr,1,01/04/2011,,16.30944,119.92063,TS1,,NB,Diatom,Thalassiosira spp.,D-Thalassiosira spp.,105000
3220,2011,Apr,1,01/04/2011,,16.30944,119.92063,TS1,,NB,Dinoflagellate,Prorocentrum micans,DF-Prorocentrum micans,320
3221,2011,Apr,1,01/04/2011,,16.30944,119.92063,TS1,,NB,Dinoflagellate,Protoperidinium pallidum,DF-Protoperidinium pallidum,200
3222,2011,Apr,1,01/04/2011,,16.30944,119.92063,TS1,,NB,Dinoflagellate,Protoperidinium pentagonum,DF-Protoperidinium pentagonum,120
3223,2011,Apr,1,01/04/2011,,16.33366,119.93322,A2,,1,Diatom,Coscinodiscus spp.,D-Coscinodiscus spp.,120
3224,2011,Apr,1,01/04/2011,,16.33366,119.93322,A2,,1,Diatom,Navicula sp.,D-Navicula sp.,40
3225,2011,Apr,1,01/04/2011,,16.33366,119.93322,A2,,1,Diatom,Rhizosolenia spp.,D-Rhizosolenia spp.,4720
3226,2011,Apr,1,01/04/2011,,16.33366,119.93322,A2,,1,Diatom,Skeletonema costatum,D-Skeletonema costatum,80
3227,2011,Apr,1,01/04/2011,,16.33366,119.93322,A2,,1,Diatom,Thalassionema spp.,D-Thalassionema spp.,1286
3228,2011,Apr,1,01/04/2011,,16.33366,119.93322,A2,,1,Diatom,Thalassiosira spp.,D-Thalassiosira spp.,48833
3229,2011,Apr,1,01/04/2011,,16.33366,119.93322,A2,,1,Dinoflagellate,Protoperidinium sp.,DF-Protoperidinium sp.,120
3230,2011,Apr,1,01/04/2011,,16.33366,119.93322,A2,,1,Dinoflagellate,Protoperidinium pallidum,DF-Protoperidinium pallidum,80
3231,2011,Apr,1,01/04/2011,,16.34775,119.93452,W9,,1,Diatom,Navicula sp.,D-Navicula sp.,80
3232,2011,Apr,1,01/04/2011,,16.34775,119.93452,W9,,1,Diatom,Skeletonema costatum,D-Skeletonema costatum,1320
3233,2011,Apr,1,01/04/2011,,16.34775,119.93452,W9,,1,Diatom,Thalassiosira spp.,D-Thalassiosira spp.,22000
3234,2011,Apr,1,01/04/2011,,16.34775,119.93452,W9,,1,Dinoflagellate,Protoperidinium sp.,DF-Protoperidinium sp.,120
3235,2011,Apr,1,01/04/2011,,16.37073,119.93401,W9,,1,Diatom,Thalassiosira spp.,D-Thalassiosira spp.,200
3236,2011,Apr,1,01/04/2011,,16.37073,119.93401,W9,,1,Dinoflagellate,Ceratium furca,DF-Ceratium furca,80
3237,2011,Apr,1,01/04/2011,,16.37073,119.93401,W9,,1,Dinoflagellate,Gymnodinium catenatum,DF-Gymnodinium catenatum,120
3238,2011,Apr,1,01/04/2011,,16.37073,119.93401,W9,,1,Dinoflagellate,Protoperidinium sp.,DF-Protoperidinium sp.,240
3239,2011,Apr,1,01/04/2011,,16.37073,119.93401,W9,,1,Dinoflagellate,Protoperidinium pallidum,DF-Protoperidinium pallidum,2600
3240,2011,Apr,1,01/04/2011,,16.37073,119.93401,W9,,1,Dinoflagellate,Protoperidinium pellucidum,DF-Protoperidinium pellucidum,400
3241,2011,Apr,1,01/04/2011,,16.37073,119.93401,W9,,1,Dinoflagellate,Scrippsiella spinifera,DF-Scrippsiella spinifera,6480
3242,2011,Apr,1,01/04/2011,,16.37073,119.93401,W9,,NB,Diatom,Helicotheca tamensis,D-Helicotheca tamensis,240
3243,2011,Apr,1,01/04/2011,,16.37073,119.93401,W9,,NB,Diatom,Navicula sp.,D-Navicula sp.,80
3244,2011,Apr,1,01/04/2011,,16.37073,119.93401,W9,,NB,Diatom,Nitzschia spp.,D-Nitzschia spp.,40
3245,2011,Apr,1,01/04/2011,,16.37073,119.93401,W9,,NB,Diatom,Skeletonema costatum,D-Skeletonema costatum,760
3246,2011,Apr,1,01/04/2011,,16.37073,119.93401,W9,,NB,Diatom,Thalassionema spp.,D-Thalassionema spp.,640
3247,2011,Apr,1,01/04/2011,,16.37073,119.93401,W9,,NB,Diatom,Thalassiosira spp.,D-Thalassiosira spp.,640
3248,2011,Apr,1,01/04/2011,,16.37073,119.93401,W9,,NB,Dinoflagellate,Dinophysis caudata,DF-Dinophysis caudata,40
3249,2011,Apr,1,01/04/2011,,16.37073,119.93401,W9,,NB,Dinoflagellate,Gonyaulax sp.,DF-Gonyaulax sp.,40
3250,2011,Apr,1,01/04/2011,,16.37073,119.93401,W9,,NB,Dinoflagellate,Protoperidinium conicum,DF-Protoperidinium conicum,80
3251,2011,Apr,1,01/04/2011,,16.37073,119.93401,W9,,NB,Dinoflagellate,Protoperidinium pallidum,DF-Protoperidinium pallidum,6520
3252,2011,Apr,1,01/04/2011,,16.37073,119.93401,W9,,NB,Dinoflagellate,Protoperidinium pentagonum,DF-Protoperidinium pentagonum,80
3253,2011,Apr,1,01/04/2011,,16.37073,119.93401,W9,,NB,Dinoflagellate,Scrippsiella trochoidea,DF-Scrippsiella trochoidea,200
3254,2011,Apr,1,01/04/2011,,16.38326,119.92616,W1,,1,Diatom,Coscinodiscus spp.,D-Coscinodiscus spp.,120
3255,2011,Apr,1,01/04/2011,,16.38326,119.92616,W1,,1,Diatom,Helicotheca tamensis,D-Helicotheca tamensis,80
3256,2011,Apr,1,01/04/2011,,16.38326,119.92616,W1,,1,Diatom,Leptocylindrus spp.,D-Leptocylindrus spp.,80
3257,2011,Apr,1,01/04/2011,,16.38326,119.92616,W1,,1,Diatom,Skeletonema costatum,D-Skeletonema costatum,80
3258,2011,Apr,1,01/04/2011,,16.38326,119.92616,W1,,1,Diatom,Thalassionema spp.,D-Thalassionema spp.,240
3259,2011,Apr,1,01/04/2011,,16.38326,119.92616,W1,,1,Dinoflagellate,Ceratium furca,DF-Ceratium furca,39900
3260,2011,Apr,1,01/04/2011,,16.38326,119.92616,W1,,1,Dinoflagellate,Dinophysis caudata,DF-Dinophysis caudata,280
3261,2011,Apr,1,01/04/2011,,16.38326,119.92616,W1,,1,Dinoflagellate,Gonyaulax sp.,DF-Gonyaulax sp.,640
3262,2011,Apr,1,01/04/2011,,16.38326,119.92616,W1,,1,Dinoflagellate,Gymnodinium sanguineum,DF-Gymnodinium sanguineum,40
3263,2011,Apr,1,01/04/2011,,16.38326,119.92616,W1,,1,Dinoflagellate,Prorocentrum micans,DF-Prorocentrum micans,12600
3264,2011,Apr,1,01/04/2011,,16.38326,119.92616,W1,,1,Dinoflagellate,Protoperidinium sp.,DF-Protoperidinium sp.,120
3265,2011,Apr,1,01/04/2011,,16.38326,119.92616,W1,,1,Dinoflagellate,Protoperidinium conicum,DF-Protoperidinium conicum,320
3266,2011,Apr,1,01/04/2011,,16.38326,119.92616,W1,,1,Dinoflagellate,Protoperidinium oblongum,DF-Protoperidinium oblongum,240
3267,2011,Apr,1,01/04/2011,,16.38326,119.92616,W1,,1,Dinoflagellate,Protoperidinium pallidum,DF-Protoperidinium pallidum,30000
3268,2011,Apr,1,01/04/2011,,16.38326,119.92616,W1,,1,Dinoflagellate,Protoperidinium pellucidum,DF-Protoperidinium pellucidum,1280
3269,2011,Apr,1,01/04/2011,,16.38326,119.92616,W1,,1,Dinoflagellate,Pyrophacus horolgium,DF-Pyrophacus horolgium,440
3270,2011,Apr,1,01/04/2011,,16.38326,119.92616,W1,,1,Dinoflagellate,Scrippsiella spinifera,DF-Scrippsiella spinifera,244444
3271,2011,Apr,1,01/04/2011,,16.38326,119.92616,W1,,NB,Diatom,Coscinodiscus spp.,D-Coscinodiscus spp.,80
3272,2011,Apr,1,01/04/2011,,16.38326,119.92616,W1,,NB,Diatom,Rhizosolenia spp.,D-Rhizosolenia spp.,80
3273,2011,Apr,1,01/04/2011,,16.38326,119.92616,W1,,NB,Diatom,Thalassionema spp.,D-Thalassionema spp.,80
3274,2011,Apr,1,01/04/2011,,16.38326,119.92616,W1,,NB,Dinoflagellate,Ceratium furca,DF-Ceratium furca,22400
3275,2011,Apr,1,01/04/2011,,16.38326,119.92616,W1,,NB,Dinoflagellate,Dinophysis caudata,DF-Dinophysis caudata,400
3276,2011,Apr,1,01/04/2011,,16.38326,119.92616,W1,,NB,Dinoflagellate,Gonyaulax sp.,DF-Gonyaulax sp.,200
3277,2011,Apr,1,01/04/2011,,16.38326,119.92616,W1,,NB,Dinoflagellate,Prorocentrum micans,DF-Prorocentrum micans,7200
3278,2011,Apr,1,01/04/2011,,16.38326,119.92616,W1,,NB,Dinoflagellate,Protoperidinium sp.,DF-Protoperidinium sp.,320
3279,2011,Apr,1,01/04/2011,,16.38326,119.92616,W1,,NB,Dinoflagellate,Protoperidinium conicum,DF-Protoperidinium conicum,40
3280,2011,Apr,1,01/04/2011,,16.38326,119.92616,W1,,NB,Dinoflagellate,Protoperidinium pallidum,DF-Protoperidinium pallidum,6800
3281,2011,Apr,1,01/04/2011,,16.38326,119.92616,W1,,NB,Dinoflagellate,Protoperidinium pellucidum,DF-Protoperidinium pellucidum,280
3282,2011,Apr,1,01/04/2011,,16.38326,119.92616,W1,,NB,Dinoflagellate,Pyrophacus horolgium,DF-Pyrophacus horolgium,240
3283,2011,Apr,1,01/04/2011,,16.38326,119.92616,W1,,NB,Dinoflagellate,Scrippsiella trochoidea,DF-Scrippsiella trochoidea,62000
3284,2011,Apr,1,01/04/2011,,16.38339,119.91585,TS2,,1,Diatom,Coscinodiscus spp.,D-Coscinodiscus spp.,80
3285,2011,Apr,1,01/04/2011,,16.38339,119.91585,TS2,,1,Diatom,Thalassiosira spp.,D-Thalassiosira spp.,80
3286,2011,Apr,1,01/04/2011,,16.38339,119.91585,TS2,,1,Dinoflagellate,Ceratium furca,DF-Ceratium furca,19714
3287,2011,Apr,1,01/04/2011,,16.38339,119.91585,TS2,,1,Dinoflagellate,Diplopsalis spp.,DF-Diplopsalis spp.,40
3288,2011,Apr,1,01/04/2011,,16.38339,119.91585,TS2,,1,Dinoflagellate,Gonyaulax sp.,DF-Gonyaulax sp.,360
3289,2011,Apr,1,01/04/2011,,16.38339,119.91585,TS2,,1,Dinoflagellate,Gyrodinium spirale,DF-Gyrodinium spirale,200
3290,2011,Apr,1,01/04/2011,,16.38339,119.91585,TS2,,1,Dinoflagellate,Protoperidinium pallidum,DF-Protoperidinium pallidum,5440
3291,2011,Apr,1,01/04/2011,,16.38339,119.91585,TS2,,1,Dinoflagellate,Protoperidinium pellucidum,DF-Protoperidinium pellucidum,480
3292,2011,Apr,1,01/04/2011,,16.38339,119.91585,TS2,,1,Dinoflagellate,Scrippsiella spinifera,DF-Scrippsiella spinifera,92340
3293,2011,Apr,1,01/04/2011,,16.38339,119.91585,TS2,,NB,Diatom,Thalassiosira spp.,D-Thalassiosira spp.,40
3294,2011,Apr,1,01/04/2011,,16.38339,119.91585,TS2,,NB,Dinoflagellate,Ceratium furca,DF-Ceratium furca,357
3295,2011,Apr,1,01/04/2011,,16.38339,119.91585,TS2,,NB,Dinoflagellate,Protoperidinium pallidum,DF-Protoperidinium pallidum,240
3296,2011,Apr,1,01/04/2011,,16.38339,119.91585,TS2,,NB,Dinoflagellate,Protoperidinium pentagonum,DF-Protoperidinium pentagonum,80
3297,2011,May,1,01/05/2011,,16.34775,119.93452,W9,,1,Diatom,Biddulphia,D-Biddulphia,40
3298,2011,May,1,01/05/2011,,16.34775,119.93452,W9,,1,Dinoflagellate,Ceratium furca,DF-Ceratium furca,8360
3299,2011,May,1,01/05/2011,,16.34775,119.93452,W9,,1,Dinoflagellate,Dinophysis caudata,DF-Dinophysis caudata,40
3300,2011,May,1,01/05/2011,,16.34775,119.93452,W9,,1,Dinoflagellate,Protoperidinium latispinum,DF-Protoperidinium latispinum,8360
3301,2011,May,1,01/05/2011,,16.34775,119.93452,W9,,1,Dinoflagellate,Protoperidinium depressum,DF-Protoperidinium depressum,80
3302,2011,May,1,01/05/2011,,16.34775,119.93452,W9,,1,Dinoflagellate,Scrippsiella spinifera,DF-Scrippsiella spinifera,400
3303,2011,May,1,01/05/2011,,16.38337,119.9271,LJC12,,1,Diatom,Amphiprora sp.,D-Amphiprora sp.,80
3304,2011,May,1,01/05/2011,,16.38337,119.9271,LJC12,,1,Diatom,Cymbella sp.,D-Cymbella sp.,240
3305,2011,May,1,01/05/2011,,16.38337,119.9271,LJC12,,1,Diatom,Lauderia sp.,D-Lauderia sp.,120
3306,2011,May,1,01/05/2011,,16.38337,119.9271,LJC12,,1,Diatom,Navicula sp.,D-Navicula sp.,40
3307,2011,May,1,01/05/2011,,16.38337,119.9271,LJC12,,1,Diatom,Pleurosigma spp.,D-Pleurosigma spp.,280
3308,2011,May,1,01/05/2011,,16.38337,119.9271,LJC12,,1,Diatom,Skeletonema costatum,D-Skeletonema costatum,40
3309,2011,May,1,01/05/2011,,16.38337,119.9271,LJC12,,1,Diatom,Surrirella spp,D-Surrirella spp,200
3310,2011,May,1,01/05/2011,,16.38337,119.9271,LJC12,,1,Dinoflagellate,Alexandrium spp.,DF-Alexandrium spp.,10300
3311,2011,May,1,01/05/2011,,16.38337,119.9271,LJC12,,1,Dinoflagellate,Ceratium furca,DF-Ceratium furca,40
3312,2011,May,1,01/05/2011,,16.38337,119.9271,LJC12,,1,Dinoflagellate,Gonyaulax polyedra,DF-Gonyaulax polyedra,40
3313,2011,May,1,01/05/2011,,16.38337,119.9271,LJC12,,1,Dinoflagellate,Scrippsiella spinifera,DF-Scrippsiella spinifera,200
3314,2011,May,1,01/05/2011,,16.33366,119.93322,A2,,1,Diatom,Cylindricotheca closterium,D-Cylindricotheca closterium,120
3315,2011,May,1,01/05/2011,,16.33366,119.93322,A2,,1,Diatom,Nitzschia spp.,D-Nitzschia spp.,38667
3316,2011,May,1,01/05/2011,,16.33366,119.93322,A2,,1,Diatom,Pleurosigma spp.,D-Pleurosigma spp.,120
3317,2011,May,1,01/05/2011,,16.33366,119.93322,A2,,1,Diatom,Rhizosolenia spp.,D-Rhizosolenia spp.,8160
3318,2011,May,1,01/05/2011,,16.33366,119.93322,A2,,1,Dinoflagellate,Alexandrium spp.,DF-Alexandrium spp.,58000
3319,2011,May,1,01/05/2011,,16.33366,119.93322,A2,,NB,Diatom,Coscinodiscus spp.,D-Coscinodiscus spp.,40
3320,2011,May,1,01/05/2011,,16.33366,119.93322,A2,,NB,Diatom,Helicotheca tamensis,D-Helicotheca tamensis,200
3321,2011,May,1,01/05/2011,,16.33366,119.93322,A2,,NB,Diatom,Lauderia sp.,D-Lauderia sp.,40
3322,2011,May,1,01/05/2011,,16.33366,119.93322,A2,,NB,Dinoflagellate,Ceratium breve,DF-Ceratium breve,40
3323,2011,May,1,01/05/2011,,16.33366,119.93322,A2,,NB,Dinoflagellate,Dinophysis caudata,DF-Dinophysis caudata,80
3324,2011,May,1,01/05/2011,,16.33366,119.93322,A2,,NB,Dinoflagellate,Gymnodinium sanguineum,DF-Gymnodinium sanguineum,40
3325,2011,May,1,01/05/2011,,16.33366,119.93322,A2,,NB,Dinoflagellate,Lingulodinium polyedrum,DF-Lingulodinium polyedrum,80
3326,2011,May,1,01/05/2011,,16.33366,119.93322,A2,,NB,Dinoflagellate,Pyrophacus horolgium,DF-Pyrophacus horolgium,40
3327,2011,May,1,01/05/2011,,16.33366,119.93322,A2,,NB,Dinoflagellate,Scrippsiella spinifera,DF-Scrippsiella spinifera,1700000
3328,2011,May,1,01/05/2011,,16.28459,119.92285,A4,,1,Diatom,Navicula sp.,D-Navicula sp.,40
3329,2011,May,1,01/05/2011,,16.28459,119.92285,A4,,1,Diatom,Nitzschia spp.,D-Nitzschia spp.,200
3330,2011,May,1,01/05/2011,,16.28459,119.92285,A4,,1,Diatom,Pleurosigma spp.,D-Pleurosigma spp.,120
3331,2011,May,1,01/05/2011,,16.28459,119.92285,A4,,1,Diatom,Rhizosolenia spp.,D-Rhizosolenia spp.,8240
3332,2011,May,1,01/05/2011,,16.28459,119.92285,A4,,1,Diatom,Thalassiosira spp.,D-Thalassiosira spp.,320
3333,2011,May,1,01/05/2011,,16.28459,119.92285,A4,,1,Dinoflagellate,Alexandrium spp.,DF-Alexandrium spp.,6643
3334,2011,May,1,01/05/2011,,16.35572,119.93677,LJC9,,1,Diatom,Helicotheca tamensis,D-Helicotheca tamensis,240
3335,2011,May,1,01/05/2011,,16.35572,119.93677,LJC9,,1,Diatom,Lauderia sp.,D-Lauderia sp.,240
3336,2011,May,1,01/05/2011,,16.35572,119.93677,LJC9,,1,Diatom,Pleurosigma spp.,D-Pleurosigma spp.,80
3337,2011,May,1,01/05/2011,,16.35572,119.93677,LJC9,,1,Dinoflagellate,Alexandrium spp.,DF-Alexandrium spp.,80
3338,2011,May,1,01/05/2011,,16.35572,119.93677,LJC9,,1,Dinoflagellate,Ceratium furca,DF-Ceratium furca,25160
3339,2011,May,1,01/05/2011,,16.35572,119.93677,LJC9,,1,Dinoflagellate,Dinophysis caudata,DF-Dinophysis caudata,240
3340,2011,May,1,01/05/2011,,16.35572,119.93677,LJC9,,1,Dinoflagellate,Diplopsalis spp.,DF-Diplopsalis spp.,160
3341,2011,May,1,01/05/2011,,16.35572,119.93677,LJC9,,1,Dinoflagellate,Gonyaulax polyedra,DF-Gonyaulax polyedra,3320
3342,2011,May,1,01/05/2011,,16.35572,119.93677,LJC9,,1,Dinoflagellate,Phalacroma sp.,DF-Phalacroma sp.,200
3343,2011,May,1,01/05/2011,,16.35572,119.93677,LJC9,,1,Dinoflagellate,Prorocentrum micans,DF-Prorocentrum micans,320
3344,2011,May,1,01/05/2011,,16.35572,119.93677,LJC9,,1,Dinoflagellate,Protoperidinium sp,DF-Protoperidinium sp.,7160
3345,2011,May,1,01/05/2011,,16.35572,119.93677,LJC9,,1,Dinoflagellate,Protoperidinium latispinum,DF-Protoperidinium latispinum,80
3346,2011,May,1,01/05/2011,,16.35572,119.93677,LJC9,,1,Dinoflagellate,Pyrophacus horolgium,DF-Pyrophacus horolgium,40
3347,2011,May,1,01/05/2011,,16.35572,119.93677,LJC9,,1,Dinoflagellate,Scrippsiella spinifera,DF-Scrippsiella spinifera,37667
3348,2011,May,1,01/05/2011,,16.35572,119.93677,LJC9,,1,Cyanobacteria,Trichodesmium sp.,CYN-Trichodesmium sp.,40
3349,2011,May,1,01/05/2011,,16.37073,119.93401,W3,,1,Diatom,Thalassiosira spp.,D-Thalassiosira spp.,80
3350,2011,May,1,01/05/2011,,16.37073,119.93401,W3,,1,Dinoflagellate,Alexandrium spp.,DF-Alexandrium spp.,120
3351,2011,May,1,01/05/2011,,16.37073,119.93401,W3,,1,Dinoflagellate,Ceratium furca,DF-Ceratium furca,35833
3352,2011,May,1,01/05/2011,,16.37073,119.93401,W3,,1,Dinoflagellate,Dinophysis caudata,DF-Dinophysis caudata,80
3353,2011,May,1,01/05/2011,,16.37073,119.93401,W3,,1,Dinoflagellate,Goniodoma sp.,DF-Goniodoma sp.,80
3354,2011,May,1,01/05/2011,,16.37073,119.93401,W3,,1,Dinoflagellate,Protoperidinium sp,DF-Protoperidinium sp.,3360
3355,2011,May,1,01/05/2011,,16.37073,119.93401,W3,,1,Dinoflagellate,Scrippsiella spinifera,DF-Scrippsiella spinifera,320000
3356,2011,May,1,01/05/2011,,16.37073,119.93401,W3,,NB,Diatom,Helicotheca tamensis,D-Helicotheca tamensis,480
3357,2011,May,1,01/05/2011,,16.37073,119.93401,W3,,NB,Diatom,Pleurosigma spp.,D-Pleurosigma spp.,40
3358,2011,May,1,01/05/2011,,16.37073,119.93401,W3,,NB,Dinoflagellate,Prorocentrum micans,DF-Prorocentrum micans,40
3359,2011,May,1,01/05/2011,,16.37073,119.93401,W3,,NB,Dinoflagellate,Prorocentrum sigmoides,DF-Prorocentrum sigmoides,320
3360,2011,May,1,01/05/2011,,16.37073,119.93401,W3,,NB,Cyanobacteria,Trichodesmium sp.,CYN-Trichodesmium sp.,200
3361,2011,May,1,01/05/2011,,16.38186,119.91169,BML 1,,NB,Diatom,Bacillaria sp.,D-Bacillaria sp.,40
3362,2011,May,1,01/05/2011,,16.38186,119.91169,BML 1,,NB,Diatom,Lauderia sp.,D-Lauderia sp.,120
3363,2011,May,1,01/05/2011,,16.38186,119.91169,BML 1,,NB,Dinoflagellate,Alexandrium spp.,DF-Alexandrium spp.,200
3364,2011,May,1,01/05/2011,,16.38186,119.91169,BML 1,,NB,Dinoflagellate,Ceratium furca,DF-Ceratium furca,10400
3365,2011,May,1,01/05/2011,,16.38186,119.91169,BML 1,,NB,Dinoflagellate,Dinophysis caudata,DF-Dinophysis caudata,40
3366,2011,May,1,01/05/2011,,16.38186,119.91169,BML 1,,NB,Dinoflagellate,Karenia  mikimotoi,DF-Karenia  mikimotoi,80
3367,2011,May,1,01/05/2011,,16.38186,119.91169,BML 1,,NB,Dinoflagellate,Protoperidinium sp,DF-Protoperidinium sp.,1280
3368,2011,May,1,01/05/2011,,16.38186,119.91169,BML 1,,NB,Dinoflagellate,Protoperidinium oceanicum,DF-Protoperidinium oceanicum,40
3369,2011,May,1,01/05/2011,,16.38186,119.91169,BML 1,,NB,Dinoflagellate,Podolompas sp.,DF-Podolompas sp.,40
3370,2011,May,1,01/05/2011,,16.38186,119.91169,BML 1,,NB,Dinoflagellate,Scrippsiella spinifera,DF-Scrippsiella spinifera,12000
3371,2011,May,1,01/05/2011,,16.38186,119.91169,BML 1,,1,Dinoflagellate,Ceratium furca,DF-Ceratium furca,9200
3372,2011,May,1,01/05/2011,,16.38186,119.91169,BML 1,,1,Dinoflagellate,Gyrodinium spirale,DF-Gyrodinium spirale,120
3373,2011,May,1,01/05/2011,,16.38186,119.91169,BML 1,,1,Dinoflagellate,Protoperidinium pallidum,DF-Protoperidinium pallidum,40
3374,2011,May,1,01/05/2011,,16.38186,119.91169,BML 1,,1,Dinoflagellate,Pyrophacus horolgium,DF-Pyrophacus horolgium,80
3375,2011,May,1,01/05/2011,,16.38186,119.91169,BML 1,,1,Dinoflagellate,Scrippsiella spinifera,DF-Scrippsiella spinifera,65500
3376,2011,May,1,01/05/2011,,16.38186,119.91169,BML 1,,NB,Dinoflagellate,Protoperidinium sp,DF-Protoperidinium sp.,120
3377,2011,May,1,01/05/2011,,16.38186,119.91169,BML 1,,NB,Dinoflagellate,Protoperidinium pallidum,DF-Protoperidinium pallidum,80
3378,2011,May,1,01/05/2011,,16.38186,119.91169,BML 1,,NB,Dinoflagellate,Protoperidinium pentagonum,DF-Protoperidinium pentagonum,40
3379,2011,May,1,01/05/2011,,16.38339,119.91585,TS2,,1,Dinoflagellate,Ceratium furca,DF-Ceratium furca,9200
3380,2011,May,1,01/05/2011,,16.38339,119.91585,TS2,,1,Dinoflagellate,Gyrodinium spirale,DF-Gyrodinium spirale,120
3381,2011,May,1,01/05/2011,,16.38339,119.91585,TS2,,1,Dinoflagellate,Protoperidinium pallidum,DF-Protoperidinium pallidum,40
3382,2011,May,1,01/05/2011,,16.38339,119.91585,TS2,,1,Dinoflagellate,Pyrophacus horolgium,DF-Pyrophacus horolgium,80
3383,2011,May,1,01/05/2011,,16.38339,119.91585,TS2,,1,Dinoflagellate,Scrippsiella spinifera,DF-Scrippsiella spinifera,65500
3384,2011,May,1,01/05/2011,,16.38339,119.91585,TS2,,NB,Diatom,Lauderia sp.,D-Lauderia sp.,40
3385,2011,May,1,01/05/2011,,16.38339,119.91585,TS2,,NB,Diatom,Rhizosolenia spp.,D-Rhizosolenia spp.,40
3386,2011,May,1,01/05/2011,,16.38339,119.91585,TS2,,NB,Dinoflagellate,Ceratium furca,DF-Ceratium furca,80
3387,2011,May,1,01/05/2011,,16.38339,119.91585,TS2,,NB,Dinoflagellate,Diplopsalis spp.,DF-Diplopsalis spp.,120
3388,2011,May,1,01/05/2011,,16.38339,119.91585,TS2,,NB,Dinoflagellate,Gyrodinium sp.,DF-Gyrodinium sp.,40
3389,2011,May,1,01/05/2011,,16.38339,119.91585,TS2,,NB,Dinoflagellate,Protoperidinium sp,DF-Protoperidinium sp.,80
3390,2011,May,1,01/05/2011,,16.38339,119.91585,TS2,,NB,Dinoflagellate,Protoperidinium pellucidum,DF-Protoperidinium pellucidum,40
3391,2011,May,1,01/05/2011,,16.32003,119.93384,W8,,1,Dinoflagellate,Protoperidinium sp,DF-Protoperidinium sp.,200
3392,2011,May,1,01/05/2011,,16.32003,119.93384,W8,,1,Dinoflagellate,Protoperidinium latispinum,DF-Protoperidinium latispinum,240
3393,2011,May,1,01/05/2011,,16.32003,119.93384,W8,,NB,Diatom,Helicotheca tamensis,D-Helicotheca tamensis,480
3394,2011,May,1,01/05/2011,,16.32003,119.93384,W8,,NB,Dinoflagellate,Scrippsiella spinifera,DF-Scrippsiella spinifera,40
3395,2011,May,1,01/05/2011,,16.37036,119.9427,LJC8,,1,Dinoflagellate,Ceratium furca,DF-Ceratium furca,117273
3396,2011,May,1,01/05/2011,,16.37036,119.9427,LJC8,,1,Dinoflagellate,Gonyaulax polyedra,DF-Gonyaulax polyedra,800
3397,2011,May,1,01/05/2011,,16.37036,119.9427,LJC8,,1,Dinoflagellate,Karenia  mikimotoi,DF-Karenia  mikimotoi,40
3398,2011,May,1,01/05/2011,,16.37036,119.9427,LJC8,,1,Dinoflagellate,Lingulodinium polyedrum,DF-Lingulodinium polyedrum,280
3399,2011,May,1,01/05/2011,,16.37036,119.9427,LJC8,,1,Dinoflagellate,Prorocentrum micans,DF-Prorocentrum micans,80
3400,2011,May,1,01/05/2011,,16.37036,119.9427,LJC8,,1,Dinoflagellate,Protoperidinium sp,DF-Protoperidinium sp.,8800
3401,2011,May,1,01/05/2011,,16.37036,119.9427,LJC8,,1,Dinoflagellate,Pyrophacus horolgium,DF-Pyrophacus horolgium,80
3402,2011,May,1,01/05/2011,,16.37036,119.9427,LJC8,,1,Dinoflagellate,Scrippsiella spinifera,DF-Scrippsiella spinifera,833333
3403,2011,May,1,01/05/2011,,16.28459,119.92285,A4,,1,Diatom,Helicotheca tamensis,D-Helicotheca tamensis,2280
3404,2011,May,1,01/05/2011,,16.28459,119.92285,A4,,1,Diatom,Pseudonitzschia spp.,D-Pseudonitzschia spp.,40
3405,2011,May,1,01/05/2011,,16.28459,119.92285,A4,,1,Diatom,Skeletonema costatum,D-Skeletonema costatum,80
3406,2011,May,1,01/05/2011,,16.28459,119.92285,A4,,1,Dinoflagellate,Alexandrium spp.,DF-Alexandrium spp.,80
3407,2011,May,1,01/05/2011,,16.28459,119.92285,A4,,1,Dinoflagellate,Ceratium furca,DF-Ceratium furca,2000
3408,2011,May,1,01/05/2011,,16.28459,119.92285,A4,,1,Dinoflagellate,Dinophysis caudata,DF-Dinophysis caudata,40
3409,2011,May,1,01/05/2011,,16.28459,119.92285,A4,,1,Dinoflagellate,Diplopsalis spp.,DF-Diplopsalis spp.,120
3410,2011,May,1,01/05/2011,,16.28459,119.92285,A4,,1,Dinoflagellate,Gonyaulax polyedra,DF-Gonyaulax polyedra,80
3411,2011,May,1,01/05/2011,,16.28459,119.92285,A4,,1,Dinoflagellate,Protoperidinium sp,DF-Protoperidinium sp.,760
3412,2011,May,1,01/05/2011,,16.28459,119.92285,A4,,1,Dinoflagellate,Scrippsiella spinifera,DF-Scrippsiella spinifera,8640
3413,2011,May,1,01/05/2011,,16.28459,119.92285,A4,,NB,Diatom,Pseudonitzschia spp.,D-Pseudonitzschia spp.,40
3414,2011,May,1,01/05/2011,,16.28459,119.92285,A4,,NB,Dinoflagellate,Alexandrium spp.,DF-Alexandrium spp.,40
3415,2011,May,1,01/05/2011,,16.28459,119.92285,A4,,NB,Dinoflagellate,Ceratium furca,DF-Ceratium furca,3480
3416,2011,May,1,01/05/2011,,16.28459,119.92285,A4,,NB,Dinoflagellate,Gonyaulax polyedra,DF-Gonyaulax polyedra,80
3417,2011,May,1,01/05/2011,,16.28459,119.92285,A4,,NB,Dinoflagellate,Prorocentrum micans,DF-Prorocentrum micans,80
3418,2011,May,1,01/05/2011,,16.28459,119.92285,A4,,NB,Dinoflagellate,Protoperidinium sp,DF-Protoperidinium sp.,680
3419,2011,May,1,01/05/2011,,16.28459,119.92285,A4,,NB,Silicoflagellate,Dictyocha sp.,SF-Dictyocha sp.,280
3420,2011,May,1,01/05/2011,,16.37392,119.92816,LJC4,,1,Diatom,Thalassiosira spp.,D-Thalassiosira spp.,80
3421,2011,May,1,01/05/2011,,16.37392,119.92816,LJC4,,1,Dinoflagellate,Alexandrium spp.,DF-Alexandrium spp.,80
3422,2011,May,1,01/05/2011,,16.37392,119.92816,LJC4,,1,Dinoflagellate,Ceratium furca,DF-Ceratium furca,67250
3423,2011,May,1,01/05/2011,,16.37392,119.92816,LJC4,,1,Dinoflagellate,Polykrikos kofoidii,DF-Polykrikos kofoidii,160
3424,2011,May,1,01/05/2011,,16.37392,119.92816,LJC4,,1,Dinoflagellate,Protoperidinium sp,DF-Protoperidinium sp.,3320
3425,2011,May,1,01/05/2011,,16.37392,119.92816,LJC4,,1,Dinoflagellate,Scrippsiella spinifera,DF-Scrippsiella spinifera,548333
3426,2011,May,1,01/05/2011,,16.37392,119.92816,LJC4,,NB,Dinoflagellate,Ceratium furca,DF-Ceratium furca,80
3427,2011,May,1,01/05/2011,,16.37392,119.92816,LJC4,,NB,Dinoflagellate,Pyrophacus horolgium,DF-Pyrophacus horolgium,120
3428,2011,May,1,01/05/2011,,16.37392,119.92816,LJC4,,NB,Dinoflagellate,Scrippsiella spinifera,DF-Scrippsiella spinifera,1960
3429,2011,May,1,01/05/2011,,16.30944,119.92063,TS1,,1,Diatom,Helicotheca tamensis,D-Helicotheca tamensis,1400
3430,2011,May,1,01/05/2011,,16.30944,119.92063,TS1,,1,Dinoflagellate,Ceratium furca,DF-Ceratium furca,22200
3431,2011,May,1,01/05/2011,,16.30944,119.92063,TS1,,1,Dinoflagellate,Dinophysis caudata,DF-Dinophysis caudata,80
3432,2011,May,1,01/05/2011,,16.30944,119.92063,TS1,,1,Dinoflagellate,Dinophysis tripos,DF-Dinophysis tripos,80
3433,2011,May,1,01/05/2011,,16.30944,119.92063,TS1,,1,Dinoflagellate,Protoperidinium sp,DF-Protoperidinium sp.,1080
3434,2011,May,1,01/05/2011,,16.30944,119.92063,TS1,,1,Dinoflagellate,Scrippsiella spinifera,DF-Scrippsiella spinifera,63250
3435,2011,May,1,01/05/2011,,16.30944,119.92063,TS1,,NB,Dinoflagellate,Scrippsiella spinifera,DF-Scrippsiella spinifera,800
3436,2011,Jun,1,01/05/2011,,14.0816,121.0439,ST1,,1,Diatom,Rhizosolenia spp.,D-Rhizosolenia spp.,4360
3437,2011,Jun,1,01/06/2011,,14.0816,121.0439,ST1,,1,Diatom,Thalassiosira spp.,D-Thalassiosira spp.,4980
3438,2011,Jun,1,01/06/2011,,14.0816,121.0439,ST1,,1,Dinoflagellate,Alexandrium spp.,DF-Alexandrium spp.,700
3439,2011,Jun,1,01/06/2011,,14.0816,121.0439,ST1,,1,Dinoflagellate,Gonyaulax scrippsae,DF-Gonyaulax scrippsae,20
3440,2011,Jun,1,01/06/2011,,14.0816,121.0439,ST1,,1,Dinoflagellate,Karenia  mikimotoi,DF-Karenia  mikimotoi,260
3441,2011,Jun,1,01/06/2011,,14.0816,121.0439,ST1,,1,Dinoflagellate,Oxytoxum spp.,DF-Oxytoxum spp.,40
3442,2011,Jun,1,01/06/2011,,14.0816,121.0439,ST1,,1,Dinoflagellate,Prorocentrum micans,DF-Prorocentrum micans,120
3443,2011,Jun,1,01/06/2011,,14.0816,121.0439,ST1,,1,Dinoflagellate,Protoperidinium pellucidum,DF-Protoperidinium pellucidum,60
3444,2011,Jun,1,01/06/2011,,14.0816,121.0439,ST1,,1,Dinoflagellate,Protoperidinium spp.,DF-Protoperidinium spp.,100
3445,2011,Jun,1,01/06/2011,,14.0816,121.0439,ST1,,1,Dinoflagellate,Scrippsiella spinifera,DF-Scrippsiella spinifera,5300
3446,2011,Jun,1,01/06/2011,,14.0816,121.0439,ST1,,1,Dinoflagellate,Scrippsiella spinifera,DF-Scrippsiella spinifera,200
3447,2011,Jun,1,01/06/2011,,14.0816,121.0439,ST1,,1,Blue-green algae,Lyngbya,BGA-Lyngbya,220
3448,2011,Jun,1,01/06/2011,,14.0816,121.0439,ST1,,NB,Diatom,Rhizosolenia spp.,D-Rhizosolenia spp.,4480
3449,2011,Jun,1,01/06/2011,,14.0816,121.0439,ST1,,NB,Dinoflagellate,Alexandrium spp.,DF-Alexandrium spp.,400
3450,2011,Jun,1,01/06/2011,,14.0816,121.0439,ST1,,NB,Dinoflagellate,Karenia  mikimotoi,DF-Karenia  mikimotoi,120
3451,2011,Jun,1,01/06/2011,,14.0816,121.0439,ST1,,NB,Dinoflagellate,Protoperdinium pentagonum,DF-Protoperdinium pentagonum,20
3452,2011,Jun,1,01/06/2011,,14.0816,121.0439,ST1,,NB,Dinoflagellate,Phalacroma rotundata,DF-Phalacroma rotundata,100
3453,2011,Jun,1,01/06/2011,,14.0816,121.0439,ST1,,NB,Dinoflagellate,Protoperidinium spp.,DF-Protoperidinium spp.,20
3454,2011,Jun,1,01/06/2011,,14.0816,121.0439,ST1,,NB,Dinoflagellate,Scrippsiella spinifera,DF-Scrippsiella spinifera,80
3455,2011,Jun,1,01/06/2011,,14.0816,121.0439,ST1,,NB,Dinoflagellate,Scrippsiella spinifera,DF-Scrippsiella spinifera,60
3456,2011,Jun,1,01/06/2011,,14.0816,121.0439,ST1,,NB,Blue-green algae,Lyngbya,BGA-Lyngbya,540
3457,2011,Jun,1,01/06/2011,,14.0686,121.0353,ST2,,1,Diatom,Rhizosolenia spp.,D-Rhizosolenia spp.,4340
3458,2011,Jun,1,01/06/2011,,14.0686,121.0353,ST2,,1,Diatom,Thalassiosira spp.,D-Thalassiosira spp.,140
3459,2011,Jun,1,01/06/2011,,14.0686,121.0353,ST2,,1,Dinoflagellate,Karenia  mikimotoi,DF-Karenia  mikimotoi,20
3460,2011,Jun,1,01/06/2011,,14.0686,121.0353,ST2,,NB,Diatom,Fragilariopsis sp.,D-Fragilariopsis sp.,20
3461,2011,Jun,1,01/06/2011,,14.0686,121.0353,ST2,,NB,Diatom,Rhizosolenia spp.,D-Rhizosolenia spp.,5140
3462,2011,Jun,1,01/06/2011,,14.0686,121.0353,ST2,,NB,Diatom,Thalassiosira spp.,D-Thalassiosira spp.,80
3463,2011,Jun,1,01/06/2011,,14.0686,121.0353,ST2,,NB,Dinoflagellate,Protoperidinium spp.,DF-Protoperidinium spp.,40
3464,2011,Jun,1,01/06/2011,,14.0487,121.0268,ST3,,1,Diatom,Pleurosigma spp.,D-Pleurosigma spp.,20
3465,2011,Jun,1,01/06/2011,,14.0487,121.0268,ST3,,1,Diatom,Rhizosolenia spp.,D-Rhizosolenia spp.,4580
3466,2011,Jun,1,01/06/2011,,14.0487,121.0268,ST3,,1,Diatom,Thalassiosira spp.,D-Thalassiosira spp.,200
3467,2011,Jun,1,01/06/2011,,14.0487,121.0268,ST3,,1,Dinoflagellate,Alexandrium spp.,DF-Alexandrium spp.,300
3468,2011,Jun,1,01/06/2011,,14.0487,121.0268,ST3,,1,Dinoflagellate,Dinophysis caudata,DF-Dinophysis caudata,20
3469,2011,Jun,1,01/06/2011,,14.0487,121.0268,ST3,,1,Dinoflagellate,Karenia  mikimotoi,DF-Karenia  mikimotoi,260
3470,2011,Jun,1,01/06/2011,,14.0487,121.0268,ST3,,1,Dinoflagellate,Scrippsiella spinifera,DF-Scrippsiella spinifera,700
3471,2011,Jun,1,01/06/2011,,14.0487,121.0268,ST3,,1,Blue-green algae,Lyngbya,BGA-Lyngbya,100
3472,2011,Jun,1,01/06/2011,,14.0487,121.0268,ST3,,NB,Diatom,Rhizosolenia spp.,D-Rhizosolenia spp.,4600
3473,2011,Jun,1,01/06/2011,,14.0487,121.0268,ST3,,NB,Diatom,Thalassiosira spp.,D-Thalassiosira spp.,60
3474,2011,Jun,1,01/06/2011,,14.0487,121.0268,ST3,,NB,Dinoflagellate,Protoperidinium spp.,DF-Protoperidinium spp.,20
3475,2011,Jun,1,01/06/2011,,14.0288,121.0258,ST4,,1,Diatom,Rhizosolenia spp.,D-Rhizosolenia spp.,4580
3476,2011,Jun,1,01/06/2011,,14.0288,121.0258,ST4,,1,Diatom,Thalassiosira spp.,D-Thalassiosira spp.,60
3477,2011,Jun,1,01/06/2011,,14.0288,121.0258,ST4,,NB,Diatom,Pleurosigma spp.,D-Pleurosigma spp.,20
3478,2011,Jun,1,01/06/2011,,14.0288,121.0258,ST4,,NB,Diatom,Rhizosolenia spp.,D-Rhizosolenia spp.,4440
3479,2011,Jun,1,01/06/2011,,14.0288,121.0258,ST4,,NB,Diatom,Thalassiosira spp.,D-Thalassiosira spp.,80
3480,2011,Jun,1,01/06/2011,,14.0288,121.0258,ST4,,NB,Dinoflagellate,Alexandrium spp.,DF-Alexandrium spp.,100
3481,2011,Jun,1,01/06/2011,,14.0288,121.0258,ST4,,NB,Dinoflagellate,Gonyaulax sp.,DF-Gonyaulax sp.,40
3482,2011,Jun,1,01/06/2011,,14.0288,121.0258,ST4,,NB,Dinoflagellate,Karenia  mikimotoi,DF-Karenia  mikimotoi,20
3483,2011,Jun,1,01/06/2011,,14.0288,121.0258,ST4,,NB,Dinoflagellate,Protoperidinium conicum,DF-Protoperidinium conicum,80
3484,2011,Jun,1,01/06/2011,,14.0288,121.0258,ST4,,NB,Dinoflagellate,Protoperidinium pellucidum,DF-Protoperidinium pellucidum,40
3485,2011,Jun,1,01/06/2011,,14.0288,121.0258,ST4,,NB,Blue-green algae,Lyngbya,BGA-Lyngbya,80
3486,2011,Jun,1,01/06/2011,,14.0813,121.0147,ST5,,1,Diatom,Rhizosolenia spp.,D-Rhizosolenia spp.,4120
3487,2011,Jun,1,01/06/2011,,14.0813,121.0147,ST5,,1,Diatom,Thalassiosira spp.,D-Thalassiosira spp.,200
3488,2011,Jun,1,01/06/2011,,14.0813,121.0147,ST5,,1,Dinoflagellate,Alexandrium spp.,DF-Alexandrium spp.,220
3489,2011,Jun,1,01/06/2011,,14.0813,121.0147,ST5,,1,Dinoflagellate,Gonyaulax spinifera,DF-Gonyaulax spinifera,160
3490,2011,Jun,1,01/06/2011,,14.0813,121.0147,ST5,,1,Dinoflagellate,Karenia  mikimotoi,DF-Karenia  mikimotoi,400
3491,2011,Jun,1,01/06/2011,,14.0813,121.0147,ST5,,1,Dinoflagellate,Oxytoxum spp.,DF-Oxytoxum spp.,100
3492,2011,Jun,1,01/06/2011,,14.0813,121.0147,ST5,,1,Dinoflagellate,Prorocentrum micans,DF-Prorocentrum micans,300
3493,2011,Jun,1,01/06/2011,,14.0813,121.0147,ST5,,1,Dinoflagellate,Protoperidinium spp.,DF-Protoperidinium spp.,40
3494,2011,Jun,1,01/06/2011,,14.0813,121.0147,ST5,,1,Dinoflagellate,Scrippsiella spinifera,DF-Scrippsiella spinifera,4660
3495,2011,Jun,1,01/06/2011,,14.0813,121.0147,ST5,,1,Dinoflagellate,Scrippsiella trochoidea,DF-Scrippsiella trochoidea,40
3496,2011,Jun,1,01/06/2011,,14.0813,121.0147,ST5,,1,Blue-green algae,Lyngbya,BGA-Lyngbya,120
3497,2011,Jun,1,01/06/2011,,14.0633,121.0089,ST6,,1,Diatom,Rhizosolenia spp.,D-Rhizosolenia spp.,4120
3498,2011,Jun,1,01/06/2011,,14.0633,121.0089,ST6,,1,Diatom,Thalassiosira spp.,D-Thalassiosira spp.,200
3499,2011,Jun,1,01/06/2011,,14.0633,121.0089,ST6,,1,Dinoflagellate,Alexandrium spp.,DF-Alexandrium spp.,220
3500,2011,Jun,1,01/06/2011,,14.0633,121.0089,ST6,,1,Dinoflagellate,Gonyaulax spinifera,DF-Gonyaulax spinifera,160
3501,2011,Jun,1,01/06/2011,,14.0633,121.0089,ST6,,1,Dinoflagellate,Karenia  mikimotoi,DF-Karenia  mikimotoi,400
3502,2011,Jun,1,01/06/2011,,14.0633,121.0089,ST6,,1,Dinoflagellate,Oxytoxum spp.,DF-Oxytoxum spp.,100
3503,2011,Jun,1,01/06/2011,,14.0633,121.0089,ST6,,1,Dinoflagellate,Prorocentrum micans,DF-Prorocentrum micans,300
3504,2011,Jun,1,01/06/2011,,14.0633,121.0089,ST6,,1,Dinoflagellate,Protoperidinium spp.,DF-Protoperidinium spp.,40
3505,2011,Jun,1,01/06/2011,,14.0633,121.0089,ST6,,1,Dinoflagellate,Scrippsiella spinifera,DF-Scrippsiella spinifera,4660
3506,2011,Jun,1,01/06/2011,,14.0633,121.0089,ST6,,1,Dinoflagellate,Scrippsiella trochoidea,DF-Scrippsiella trochoidea,40
3507,2011,Jun,1,01/06/2011,,14.0633,121.0089,ST6,,1,Blue-green algae,Lyngbya,BGA-Lyngbya,120
3508,2011,Jun,1,01/06/2011,,14.0433,120.9996,ST7,,1,Diatom,Rhizosolenia spp.,D-Rhizosolenia spp.,5060
3509,2011,Jun,1,01/06/2011,,14.0433,120.9996,ST7,,1,Diatom,Thalassiosira spp.,D-Thalassiosira spp.,100
3510,2011,Jun,1,01/06/2011,,14.0433,120.9996,ST7,,1,Dinoflagellate,Alexandrium spp.,DF-Alexandrium spp.,160
3511,2011,Jun,1,01/06/2011,,14.0433,120.9996,ST7,,1,Dinoflagellate,Gyrodinium spirale,DF-Gyrodinium spirale,20
3512,2011,Jun,1,01/06/2011,,14.0433,120.9996,ST7,,1,Dinoflagellate,Protoperidinium spp.,DF-Protoperidinium spp.,80
3513,2011,Jun,1,01/06/2011,,14.0433,120.9996,ST7,,1,Dinoflagellate,Scrippsiella trochoidea,DF-Scrippsiella trochoidea,100
3514,2011,Jun,1,01/06/2011,,14.0662,120.9883,ST8,,1,Diatom,Pleurosigma spp.,D-Pleurosigma spp.,20
3515,2011,Jun,1,01/06/2011,,14.0662,120.9883,ST8,,1,Diatom,Rhizosolenia spp.,D-Rhizosolenia spp.,4400
3516,2011,Jun,1,01/06/2011,,14.0662,120.9883,ST8,,1,Diatom,Thalassiosira spp.,D-Thalassiosira spp.,20
3517,2011,Jun,1,01/06/2011,,14.0662,120.9883,ST8,,1,Dinoflagellate,Karenia  mikimotoi,DF-Karenia  mikimotoi,20
3518,2011,Jun,1,01/06/2011,,14.0662,120.9883,ST8,,1,Dinoflagellate,Protoperidinium spp.,DF-Protoperidinium spp.,20
3519,2011,Jun,1,01/06/2011,,14.0417,120.9794,ST9,,1,Diatom,Rhizosolenia spp.,D-Rhizosolenia spp.,4420
3520,2011,Jun,1,01/06/2011,,14.0417,120.9794,ST9,,1,Diatom,Thalassiosira spp.,D-Thalassiosira spp.,20
3521,2011,Jun,1,01/06/2011,,14.0417,120.9794,ST9,,NB,Diatom,Haslea sp.,D-Haslea sp.,20
3522,2011,Jun,1,01/06/2011,,14.0417,120.9794,ST9,,NB,Diatom,Pleurosigma spp.,D-Pleurosigma spp.,20
3523,2011,Jun,1,01/06/2011,,14.0417,120.9794,ST9,,NB,Diatom,Rhizosolenia spp.,D-Rhizosolenia spp.,4920
3524,2011,Jun,1,01/06/2011,,14.0417,120.9794,ST9,,NB,Diatom,Thalassiosira spp.,D-Thalassiosira spp.,160
3525,2011,Jun,1,01/06/2011,,14.0417,120.9794,ST9,,NB,Dinoflagellate,Karenia  mikimotoi,DF-Karenia  mikimotoi,20
3526,2011,Jun,1,01/06/2011,,14.0417,120.9794,ST9,,NB,Dinoflagellate,Prorocentrum micans,DF-Prorocentrum micans,20
3527,2011,Jun,1,01/06/2011,,14.0734,120.9713,ST10,,1,Diatom,Chaetoceros spp.,D-Chaetoceros spp.,40
3528,2011,Jun,1,01/06/2011,,14.0734,120.9713,ST10,,1,Diatom,Rhizosolenia spp.,D-Rhizosolenia spp.,4340
3529,2011,Jun,1,01/06/2011,,14.0734,120.9713,ST10,,1,Dinoflagellate,Karenia  mikimotoi,DF-Karenia  mikimotoi,60
3530,2011,Jun,1,01/06/2011,,14.0734,120.9713,ST10,,1,Dinoflagellate,Protoperidinium spp.,DF-Protoperidinium spp.,100
3531,2011,Jun,1,01/06/2011,,14.0734,120.9713,ST10,,NB,Diatom,Rhizosolenia spp.,D-Rhizosolenia spp.,3700
3532,2011,Jun,1,01/06/2011,,14.0734,120.9713,ST10,,NB,Diatom,Thalassiosira spp.,D-Thalassiosira spp.,40
3533,2011,Jun,1,01/06/2011,,14.0734,120.9713,ST10,,NB,Dinoflagellate,Oxytoxum spp.,DF-Oxytoxum spp.,20
3534,2011,Jun,1,01/06/2011,,14.0734,120.9713,ST10,,NB,Dinoflagellate,Protoperidinium spp.,DF-Protoperidinium spp.,20
3535,2011,Jul,1,01/07/2011,,16.37073,119.93401,W3,,1,Diatom,Bacteriastrum spp.,D-Bacteriastrum spp.,20
3536,2011,Jul,1,01/07/2011,,16.37073,119.93401,W3,,1,Diatom,Thalassionema spp.,D-Thalassionema spp.,240
3537,2011,Jul,1,01/07/2011,,16.37073,119.93401,W3,,1,Dinoflagellate,Ceratium furca,DF-Ceratium furca,20
3538,2011,Jul,1,01/07/2011,,16.37073,119.93401,W3,,1,Dinoflagellate,Diplopsalis spp.,DF-Diplopsalis spp.,20
3539,2011,Jul,1,01/07/2011,,16.37073,119.93401,W3,,1,Dinoflagellate,Gonyaulax polyedra,DF-Gonyaulax polyedra,20
3540,2011,Jul,1,01/07/2011,,16.37073,119.93401,W3,,1,Dinoflagellate,Phalacroma rotundata,DF-Phalacroma rotundata,20
3541,2011,Jul,1,01/07/2011,,16.37073,119.93401,W3,,NB,Diatom,Bacteriastrum spp.,D-Bacteriastrum spp.,20
3542,2011,Jul,1,01/07/2011,,16.37073,119.93401,W3,,NB,Diatom,Thalassionema spp.,D-Thalassionema spp.,560
3543,2011,Jul,1,01/07/2011,,16.37073,119.93401,W3,,1,Diatom,Bacteriastrum spp.,D-Bacteriastrum spp.,40
3544,2011,Jul,1,01/07/2011,,16.37073,119.93401,W3,,1,Diatom,Navicula sp.,D-Navicula sp.,20
3545,2011,Jul,1,01/07/2011,,16.37073,119.93401,W3,,1,Diatom,Nitzschia spp.,D-Nitzschia spp.,20
3546,2011,Jul,1,01/07/2011,,16.37073,119.93401,W3,,1,Diatom,Pleurosigma spp.,D-Pleurosigma spp.,20
3547,2011,Jul,1,01/07/2011,,16.37073,119.93401,W3,,1,Diatom,Rhizosolenia spp.,D-Rhizosolenia spp.,80
3548,2011,Jul,1,01/07/2011,,16.37073,119.93401,W3,,1,Diatom,Thalassionema spp.,D-Thalassionema spp.,480
3549,2011,Jul,1,01/07/2011,,16.37073,119.93401,W3,,NB,Diatom,Navicula sp.,D-Navicula sp.,20
3550,2011,Jul,1,01/07/2011,,16.37073,119.93401,W3,,NB,Diatom,Nitzschia spp.,D-Nitzschia spp.,40
3551,2011,Jul,1,01/07/2011,,16.37073,119.93401,W3,,NB,Diatom,Pleurosigma spp.,D-Pleurosigma spp.,20
3552,2011,Jul,1,01/07/2011,,16.37073,119.93401,W3,,NB,Diatom,Rhizosolenia spp.,D-Rhizosolenia spp.,240
3553,2011,Jul,1,01/07/2011,,16.37073,119.93401,W3,,NB,Diatom,Surirella sp.,D-Surirella sp.,80
3554,2011,Jul,1,01/07/2011,,16.37073,119.93401,W3,,NB,Diatom,Thalassiosira spp.,D-Thalassiosira spp.,380
3555,2011,Jul,1,01/07/2011,,16.37073,119.93401,W3,,NB,Dinoflagellate,Protoperidinium sp,DF-Protoperidinium sp.,20
3556,2011,Jul,1,01/07/2011,,16.28459,119.92285,A4,,1,Diatom,Pleurosigma spp.,D-Pleurosigma spp.,40
3557,2011,Jul,1,01/07/2011,,16.28459,119.92285,A4,,1,Diatom,Thalassionema spp.,D-Thalassionema spp.,120
3558,2011,Jul,1,01/07/2011,,16.35572,119.93677,LJC9,,1,Diatom,Thalassionema spp.,D-Thalassionema spp.,140
3559,2011,Jul,1,01/07/2011,,16.34775,119.93452,W9,,1,Diatom,Pseudonitzschia spp.,D-Pseudonitzschia spp.,40
3560,2011,Jul,1,01/07/2011,,16.34775,119.93452,W9,,1,Diatom,Thalassionema spp.,D-Thalassionema spp.,160
3561,2011,Jul,1,01/07/2011,,16.32003,119.93384,W8,,1,Dinoflagellate,Dinophysis caudata,DF-Dinophysis caudata,60
3562,2011,Jul,1,01/07/2011,,16.33366,119.93322,A2,,1,Diatom,Thalassionema spp.,D-Thalassionema spp.,60
3563,2011,Jul,1,01/07/2011,,16.38339,119.91585,TS2,,NB,Diatom,Thalassionema spp.,D-Thalassionema spp.,320
3564,2011,Jul,1,01/07/2011,,16.38339,119.91585,TS2,,NB,Diatom,Thalassiosira spp.,D-Thalassiosira spp.,20
3565,2011,Jul,1,01/07/2011,,16.37036,119.9427,LJC8,,1,Diatom,Skeletonema costatum,D-Skeletonema costatum,40
3566,2011,Jul,1,01/07/2011,,16.37036,119.9427,LJC8,,1,Diatom,Thalassionema spp.,D-Thalassionema spp.,200
3567,2011,Jul,1,01/07/2011,,16.37036,119.9427,LJC8,,1,Cyanobacteria,Trichodesmium sp.,CYN-Trichodesmium sp.,40
3568,2011,Jul,1,01/07/2011,,16.37036,119.9427,LJC8,,NB,Diatom,Thalassionema spp.,D-Thalassionema spp.,120
3569,2011,Jul,1,01/07/2011,,16.37392,119.92816,LJC4,,1,Diatom,Thalassionema spp.,D-Thalassionema spp.,80
3570,2011,Jul,1,01/07/2011,,16.37392,119.92816,LJC4,,1,Dinoflagellate,Karenia  mikimotoi,DF-Karenia  mikimotoi,20
3571,2011,Jul,1,01/07/2011,,16.37392,119.92816,LJC4,,1,Dinoflagellate,Prorocentrum micans,DF-Prorocentrum micans,40
3572,2011,Jul,1,01/07/2011,,16.37392,119.92816,LJC4,,1,Dinoflagellate,Protoperidinium pellucidum,DF-Protoperidinium pellucidum,20
3573,2011,Jul,1,01/07/2011,,16.37392,119.92816,LJC4,,NB,Diatom,Pleurosigma spp.,D-Pleurosigma spp.,40
3574,2011,Jul,1,01/07/2011,,16.37392,119.92816,LJC4,,NB,Diatom,Surirella sp.,D-Surirella sp.,60
3575,2011,Jul,1,01/07/2011,,16.38326,119.92616,LJC12,,1,Diatom,Pleurosigma spp.,D-Pleurosigma spp.,40
3576,2011,Jul,1,01/07/2011,,16.38326,119.92616,LJC12,,1,Diatom,Thalassionema spp.,D-Thalassionema spp.,360
3577,2011,Jul,1,01/07/2011,,16.38326,119.92616,LJC12,,1,Dinoflagellate,Protoperidinium oblongum,DF-Protoperidinium oblongum,20
3578,2011,Jul,1,01/07/2011,,16.38326,119.92616,LJC12,,1,Dinoflagellate,Scrippsiella trochoidea,DF-Scrippsiella trochoidea,20
3579,2011,Jul,1,01/07/2011,,16.38326,119.92616,LJC12,,1,Silicoflagellate,Tintinopsis,SF-Tintinopsis,20
3580,2011,Jul,1,01/07/2011,,16.38326,119.92616,LJC12,,NB,Diatom,Pleurosigma spp.,D-Pleurosigma spp.,20
3581,2011,Jul,1,01/07/2011,,16.38326,119.92616,LJC12,,NB,Diatom,Thalassionema spp.,D-Thalassionema spp.,120
3582,2011,Jul,1,01/07/2011,,16.28459,119.92285,A4,,1,Diatom,Pleurosigma spp.,D-Pleurosigma spp.,40
3583,2011,Jul,1,01/07/2011,,16.28459,119.92285,A4,,1,Diatom,Thalassionema spp.,D-Thalassionema spp.,120
3584,2011,Jul,1,01/07/2011,,16.38326,119.92616,LJC12,,NB,Silicoflagellate,Tintinopsis,SF-Tintinopsis,40
3585,2011,Aug,1,01/08/2011,,16.38339,119.91585,TS2,,1,Diatom,Bacteriastrum spp.,D-Bacteriastrum spp.,200
3586,2011,Aug,1,01/08/2011,,16.38339,119.91585,TS2,,1,Diatom,Nitzschia spp.,D-Nitzschia spp.,120
3587,2011,Aug,1,01/08/2011,,16.38339,119.91585,TS2,,1,Diatom,Rhizosolenia spp.,D-Rhizosolenia spp.,47000
3588,2011,Aug,1,01/08/2011,,16.38339,119.91585,TS2,,1,Diatom,Thalassionema spp.,D-Thalassionema spp.,280
3589,2011,Aug,1,01/08/2011,,16.38339,119.91585,TS2,,1,Dinoflagellate,Ceratium furca,DF-Ceratium furca,200
3590,2011,Aug,1,01/08/2011,,16.38339,119.91585,TS2,,1,Dinoflagellate,Dinophysis caudata,DF-Dinophysis caudata,80
3591,2011,Aug,1,01/08/2011,,16.38339,119.91585,TS2,,1,Dinoflagellate,Protoperidinium sp.,DF-Protoperidinium sp.,40
3592,2011,Aug,1,01/08/2011,,16.38339,119.91585,TS2,,1,Dinoflagellate,Protoperidinium pallidum,DF-Protoperidinium pallidum,120
3593,2011,Aug,1,01/08/2011,,16.38339,119.91585,TS2,,1,Dinoflagellate,Protoperidinium pellucidum,DF-Protoperidinium pellucidum,200
3594,2011,Aug,1,01/08/2011,,16.38339,119.91585,TS2,,1,Silicoflagellate,Tintinopsis,SF-Tintinopsis,80
3595,2011,Aug,1,01/08/2011,,16.38339,119.91585,TS2,,NB,Diatom,Bacillaria sp.,D-Bacillaria sp.,80
3596,2011,Aug,1,01/08/2011,,16.38339,119.91585,TS2,,NB,Diatom,Chaetoceros spp.,D-Chaetoceros spp.,200
3597,2011,Aug,1,01/08/2011,,16.38339,119.91585,TS2,,NB,Diatom,Pleurosigma spp.,D-Pleurosigma spp.,80
3598,2011,Aug,1,01/08/2011,,16.38339,119.91585,TS2,,NB,Diatom,Rhizosolenia spp.,D-Rhizosolenia spp.,1200
3599,2011,Aug,1,01/08/2011,,16.38339,119.91585,TS2,,NB,Diatom,Thalassionema spp.,D-Thalassionema spp.,3240
3600,2011,Aug,1,01/08/2011,,16.38339,119.91585,TS2,,NB,Dinoflagellate,Gonyaulax sp.,DF-Gonyaulax sp.,80
3601,2011,Aug,1,01/08/2011,,16.38339,119.91585,TS2,,NB,Dinoflagellate,Protoperidinium pallidum,DF-Protoperidinium pallidum,80
3602,2011,Aug,1,01/08/2011,,16.38339,119.91585,TS2,,NB,Cyanobacteria,Trichodesmium sp.,CYN-Trichodesmium sp.,40
3603,2011,Aug,1,01/08/2011,,16.38326,119.92616,W1,,1,Diatom,Bacteriastrum spp.,D-Bacteriastrum spp.,80
3604,2011,Aug,1,01/08/2011,,16.38326,119.92616,W1,,1,Diatom,Rhizosolenia spp.,D-Rhizosolenia spp.,24250
3605,2011,Aug,1,01/08/2011,,16.38326,119.92616,W1,,1,Diatom,Thalassionema spp.,D-Thalassionema spp.,520
3606,2011,Aug,1,01/08/2011,,16.38326,119.92616,W1,,1,Cyanobacteria,Trichodesmium sp.,CYN-Trichodesmium sp.,80
3607,2011,Aug,1,01/08/2011,,16.38326,119.92616,W1,,NB,Diatom,Chaetoceros spp.,D-Chaetoceros spp.,200
3608,2011,Aug,1,01/08/2011,,16.38326,119.92616,W1,,NB,Diatom,Rhizosolenia spp.,D-Rhizosolenia spp.,53250
3609,2011,Aug,1,01/08/2011,,16.38326,119.92616,W1,,NB,Diatom,Thalassiosira spp.,D-Thalassiosira spp.,80
3610,2011,Aug,1,01/08/2011,,16.38326,119.92616,W1,,NB,Dinoflagellate,Oxytoxum spp.,DF-Oxytoxum spp.,80
3611,2011,Aug,1,01/08/2011,,16.32003,119.93384,W8,,NB,Diatom,Navicula sp.,D-Navicula sp.,80
3612,2011,Aug,1,01/08/2011,,16.32003,119.93384,W8,,NB,Diatom,Nitzschia spp.,D-Nitzschia spp.,600
3613,2011,Aug,1,01/08/2011,,16.32003,119.93384,W8,,NB,Diatom,Pleurosigma spp.,D-Pleurosigma spp.,200
3614,2011,Aug,1,01/08/2011,,16.32003,119.93384,W8,,NB,Diatom,Pseudonitzschia spp.,D-Pseudonitzschia spp.,10750
3615,2011,Aug,1,01/08/2011,,16.32003,119.93384,W8,,NB,Diatom,Thalassiosira spp.,D-Thalassiosira spp.,120
3616,2011,Aug,1,01/08/2011,,16.33366,119.93322,A2,,1,Diatom,Cocconeis sp.,D-Cocconeis sp.,80
3617,2011,Aug,1,01/08/2011,,16.33366,119.93322,A2,,1,Diatom,Odontella mobiliensis,D-Odontella mobiliensis,120
3618,2011,Aug,1,01/08/2011,,16.33366,119.93322,A2,,1,Diatom,Rhizosolenia spp.,D-Rhizosolenia spp.,34833
3619,2011,Aug,1,01/08/2011,,16.33366,119.93322,A2,,1,Diatom,Thalassionema spp.,D-Thalassionema spp.,6125
3620,2011,Aug,1,01/08/2011,,16.33366,119.93322,A2,,1,Dinoflagellate,Gonyaulax sp.,DF-Gonyaulax sp.,120
3621,2011,Aug,1,01/08/2011,,16.33366,119.93322,A2,,1,Dinoflagellate,Prorocentrum micans,DF-Prorocentrum micans,160
3622,2011,Aug,1,01/08/2011,,16.30944,119.92063,TS1,,NB,Diatom,Rhizosolenia spp.,D-Rhizosolenia spp.,26000
3623,2011,Aug,1,01/08/2011,,16.30944,119.92063,TS1,,NB,Diatom,Thalassionema spp.,D-Thalassionema spp.,5750
3624,2011,Aug,1,01/08/2011,,16.30944,119.92063,TS1,,NB,Diatom,Thalassiosira spp.,D-Thalassiosira spp.,160
3625,2011,Aug,1,01/08/2011,,16.30944,119.92063,TS1,,NB,Dinoflagellate,Prorocentrum micans,DF-Prorocentrum micans,80
3626,2011,Aug,1,01/08/2011,,16.30944,119.92063,TS1,,NB,Dinoflagellate,Protoperidinium pellucidum,DF-Protoperidinium pellucidum,160
3627,2011,Aug,1,01/08/2011,,16.37392,119.92816,LJC04,,1,Diatom,Rhizosolenia spp.,D-Rhizosolenia spp.,44400
3628,2011,Aug,1,01/08/2011,,16.37392,119.92816,LJC04,,1,Diatom,Thalassionema spp.,D-Thalassionema spp.,240
3629,2011,Aug,1,01/08/2011,,16.37392,119.92816,LJC04,,1,Diatom,Thalassiosira spp.,D-Thalassiosira spp.,160
3630,2011,Aug,1,01/08/2011,,16.28459,119.92285,A4,,1,Diatom,Pleurosigma spp.,D-Pleurosigma spp.,320
3631,2011,Aug,1,01/08/2011,,16.28459,119.92285,A4,,1,Diatom,Thalassionema spp.,D-Thalassionema spp.,200
3632,2011,Aug,1,01/08/2011,,16.28459,119.92285,A4,,1,Diatom,Thalassiosira spp.,D-Thalassiosira spp.,80
3633,2011,Aug,1,01/08/2011,,16.28459,119.92285,A4,,1,Silicoflagellate,Tintinopsis,SF-Tintinopsis,200
3634,2011,Aug,1,01/08/2011,,16.28459,119.92285,W9,,1,Diatom,Rhizosolenia spp.,D-Rhizosolenia spp.,113500
3635,2011,Aug,1,01/08/2011,,16.28459,119.92285,W9,,1,Diatom,Thalassionema spp.,D-Thalassionema spp.,120
3636,2011,Aug,1,01/08/2011,,16.28459,119.92285,W9,,1,Diatom,Thalassiosira spp.,D-Thalassiosira spp.,80
3637,2011,Aug,1,01/08/2011,,16.28459,119.92285,W9,,1,Dinoflagellate,Diplopsalis spp.,DF-Diplopsalis spp.,200
3638,2011,Aug,1,01/08/2011,,16.28459,119.92285,W9,,1,Dinoflagellate,Phalacroma  spp.,DF-Phalacroma  spp.,40
3639,2011,Aug,1,01/08/2011,,16.28459,119.92285,W9,,1,Dinoflagellate,Prorocentrum micans,DF-Prorocentrum micans,80
3640,2011,Aug,1,01/08/2011,,16.28459,119.92285,W9,,1,Dinoflagellate,Protoperidinium sp.,DF-Protoperidinium sp.,40
3641,2011,Aug,1,01/08/2011,,16.35572,119.93677,LJC09,,1,Diatom,Chaetoceros spp.,D-Chaetoceros spp.,80
3642,2011,Aug,1,01/08/2011,,16.35572,119.93677,LJC09,,1,Diatom,Pleurosigma spp.,D-Pleurosigma spp.,480
3643,2011,Aug,1,01/08/2011,,16.35572,119.93677,LJC09,,1,Diatom,Rhizosolenia spp.,D-Rhizosolenia spp.,48750
3644,2011,Aug,1,01/08/2011,,16.35572,119.93677,LJC09,,1,Diatom,Thalassionema spp.,D-Thalassionema spp.,10625
3645,2011,Aug,1,01/08/2011,,16.35572,119.93677,LJC09,,1,Diatom,Thalassiosira spp.,D-Thalassiosira spp.,240
3646,2011,Aug,1,01/08/2011,,16.35572,119.93677,LJC09,,1,Dinoflagellate,Gonyaulax sp.,DF-Gonyaulax sp.,40
3647,2011,Aug,1,01/08/2011,,16.35572,119.93677,LJC09,,1,Dinoflagellate,Prorocentrum micans,DF-Prorocentrum micans,200
3648,2011,Aug,1,01/08/2011,,16.35572,119.93677,LJC09,,1,Cyanobacteria,Trichodesmium sp.,CYN-Trichodesmium sp.,40
3649,2011,Aug,1,01/08/2011,,16.35572,119.93677,LJC09,,NB,Diatom,Chaetoceros spp.,D-Chaetoceros spp.,80
3650,2011,Aug,1,01/08/2011,,16.35572,119.93677,LJC09,,NB,Diatom,Rhizosolenia spp.,D-Rhizosolenia spp.,54250
3651,2011,Aug,1,01/08/2011,,16.35572,119.93677,LJC09,,NB,Diatom,Skeletonema costatum,D-Skeletonema costatum,250
3652,2011,Aug,1,01/08/2011,,16.35572,119.93677,LJC09,,NB,Diatom,Thalassionema spp.,D-Thalassionema spp.,5375
3653,2011,Aug,1,01/08/2011,,16.35572,119.93677,LJC09,,NB,Dinoflagellate,Diplopsalis spp.,DF-Diplopsalis spp.,40
3654,2011,Aug,1,01/08/2011,,16.35572,119.93677,LJC09,,NB,Dinoflagellate,Oxytoxum spp.,DF-Oxytoxum spp.,400
3655,2011,Aug,1,01/08/2011,,16.35572,119.93677,LJC09,,NB,Dinoflagellate,Prorocentrum micans,DF-Prorocentrum micans,120
3656,2011,Aug,1,01/08/2011,,16.35572,119.93677,LJC09,,NB,Dinoflagellate,Protoperidinium sp.,DF-Protoperidinium sp.,80
3657,2011,Aug,1,01/08/2011,,16.37073,119.93401,W3,,1,Diatom,Chaetoceros spp.,D-Chaetoceros spp.,440
3658,2011,Aug,1,01/08/2011,,16.37073,119.93401,W3,,1,Diatom,Rhizosolenia spp.,D-Rhizosolenia spp.,240
3659,2011,Aug,1,01/08/2011,,16.37073,119.93401,W3,,1,Diatom,Thalassionema spp.,D-Thalassionema spp.,1240
3660,2011,Aug,1,01/08/2011,,16.37073,119.93401,W3,,1,Dinoflagellate,Peridinium quinquecorne,DF-Peridinium quinquecorne,40
3661,2011,Aug,1,01/08/2011,,16.37073,119.93401,W3,,1,Dinoflagellate,Prorocentrum micans,DF-Prorocentrum micans,120
3662,2011,Aug,1,01/08/2011,,16.37073,119.93401,W3,,1,Dinoflagellate,Protoperidinium pellucidum,DF-Protoperidinium pellucidum,40
3663,2011,Aug,1,01/08/2011,,16.37073,119.93401,W3,,NB,Diatom,Chaetoceros spp.,D-Chaetoceros spp.,200
3664,2011,Aug,1,01/08/2011,,16.37073,119.93401,W3,,NB,Diatom,Cocconeis sp.,D-Cocconeis sp.,120
3665,2011,Aug,1,01/08/2011,,16.37073,119.93401,W3,,NB,Diatom,Pleurosigma spp.,D-Pleurosigma spp.,120
3666,2011,Aug,1,01/08/2011,,16.37073,119.93401,W3,,NB,Diatom,Rhizosolenia spp.,D-Rhizosolenia spp.,116000
3667,2011,Aug,1,01/08/2011,,16.37073,119.93401,W3,,NB,Diatom,Thalassionema spp.,D-Thalassionema spp.,625
3668,2011,Aug,1,01/08/2011,,16.37073,119.93401,W3,,NB,Diatom,Thalassiosira spp.,D-Thalassiosira spp.,40
3669,2011,Aug,1,01/08/2011,,16.37073,119.93401,W3,,NB,Dinoflagellate,Gonyaulax sp.,DF-Gonyaulax sp.,80
3670,2011,Aug,1,01/08/2011,,16.37073,119.93401,W3,,NB,Dinoflagellate,Gyrodinium spirale,DF-Gyrodinium spirale,80
3671,2011,Aug,1,01/08/2011,,16.37073,119.93401,W3,,NB,Dinoflagellate,Protoperidinium pellucidum,DF-Protoperidinium pellucidum,80
3672,2011,Aug,1,01/08/2011,,16.38186,119.91169,LJC01,,1,Diatom,Cocconeis sp.,D-Cocconeis sp.,240
3673,2011,Aug,1,01/08/2011,,16.38186,119.91169,LJC01,,1,Diatom,Pleurosigma spp.,D-Pleurosigma spp.,160
3674,2011,Aug,1,01/08/2011,,16.38186,119.91169,LJC01,,1,Diatom,Rhizosolenia spp.,D-Rhizosolenia spp.,102400
3675,2011,Aug,1,01/08/2011,,16.38186,119.91169,LJC01,,1,Diatom,Thalassionema spp.,D-Thalassionema spp.,40
3676,2011,Aug,1,01/08/2011,,16.38186,119.91169,LJC01,,1,Diatom,Thalassiosira spp.,D-Thalassiosira spp.,280
3677,2011,Aug,1,01/08/2011,,16.38186,119.91169,LJC01,,1,Dinoflagellate,Protoperidinium pellucidum,DF-Protoperidinium pellucidum,80
3678,2011,Aug,1,01/08/2011,,16.38186,119.91169,LJC01,,1,Silicoflagellate,Favella sp.,SF-Favella sp.,40
3679,2011,Aug,1,01/08/2011,,16.38186,119.91169,LJC01,,1,Cyanobacteria,Trichodesmium sp.,CYN-Trichodesmium sp.,200
3680,2011,Aug,1,01/08/2011,,16.38186,119.91169,LJC01,,NB,Diatom,Cocconeis sp.,D-Cocconeis sp.,40
3681,2011,Aug,1,01/08/2011,,16.38186,119.91169,LJC01,,NB,Diatom,Pleurosigma spp.,D-Pleurosigma spp.,8640
3682,2011,Aug,1,01/08/2011,,16.38186,119.91169,LJC01,,NB,Diatom,Rhizosolenia spp.,D-Rhizosolenia spp.,112500
3683,2011,Aug,1,01/08/2011,,16.38186,119.91169,LJC01,,NB,Diatom,Thalassiosira spp.,D-Thalassiosira spp.,160
3684,2011,Aug,1,01/08/2011,,16.38186,119.91169,LJC01,,NB,Dinoflagellate,Ceratium furca,DF-Ceratium furca,40
3685,2011,Aug,1,01/08/2011,,16.38186,119.91169,LJC01,,NB,Dinoflagellate,Karenia  mikimotoi,DF-Karenia  mikimotoi,80
3686,2011,Aug,1,01/08/2011,,16.38186,119.91169,LJC01,,NB,Dinoflagellate,Gyrodinium spirale,DF-Gyrodinium spirale,200
3687,2011,Aug,1,01/08/2011,,16.38186,119.91169,LJC01,,NB,Dinoflagellate,Prorocentrum micans,DF-Prorocentrum micans,120
3688,2011,Aug,1,01/08/2011,,16.38186,119.91169,LJC01,,NB,Dinoflagellate,Prorocentrum sigmoides,DF-Prorocentrum sigmoides,120
3689,2011,Aug,1,01/08/2011,,16.38186,119.91169,LJC01,,NB,Dinoflagellate,Protoperidinium pellucidum,DF-Protoperidinium pellucidum,280
3690,2012,May,10,10/05/2012,,16.36011,119.93375,A1,,1,Dinoflagellate,Alexandrium spp.,DF-Alexandrium spp.,100
3691,2012,May,10,10/05/2012,,16.36011,119.93375,A1,,1,Diatom,Cerataulina spp.,D-Cerataulina spp.,140
3692,2012,May,10,10/05/2012,,16.36011,119.93375,A1,,1,Dinoflagellate,Diplopsalis spp.,DF-Diplopsalis spp.,280
3693,2012,May,10,10/05/2012,,16.36011,119.93375,A1,,1,Diatom,Leptocylindrus spp.,D-Leptocylindrus spp.,60
3694,2012,May,10,10/05/2012,,16.36011,119.93375,A1,,1,Dinoflagellate,Oxytoxum spp.,DF-Oxytoxum spp.,40
3695,2012,May,10,10/05/2012,,16.36011,119.93375,A1,,1,Dinoflagellate,Peridinium quinquecorne,DF-Peridinium quinquecorne,80
3696,2012,May,10,10/05/2012,,16.36011,119.93375,A1,,1,Diatom,Pleurosigma spp.,D-Pleurosigma spp.,120
3697,2012,May,10,10/05/2012,,16.36011,119.93375,A1,,1,Dinoflagellate,Prorocentrum micans,DF-Prorocentrum micans,680
3698,2012,May,10,10/05/2012,,16.36011,119.93375,A1,,1,Dinoflagellate,Protoperidinium spp.,DF-Protoperidinium spp.,2080
3699,2012,May,10,10/05/2012,,16.36011,119.93375,A1,,1,Diatom,Rhizosolenia spp.,D-Rhizosolenia spp.,360
3700,2012,May,10,10/05/2012,,16.36011,119.93375,A1,,1,Dinoflagellate,Scrippsiella trochoidea,DF-Scrippsiella trochoidea,1100
3701,2012,May,10,10/05/2012,,16.36011,119.93375,A1,,1,Diatom,Skeletonema costatum,D-Skeletonema costatum,420
3702,2012,May,10,10/05/2012,,16.36011,119.93375,A1,,1,Diatom,Thalassiosira spp.,D-Thalassiosira spp.,760
3703,2012,May,10,10/05/2012,,16.36011,119.93375,A1,,1,Cyanobacteria,Trichodesmium sp.,CYN-Trichodesmium sp.,20
3704,2012,May,10,10/05/2012,,16.33366,119.93322,A2,,1,Dinoflagellate,Alexandrium spp.,DF-Alexandrium spp.,240
3705,2012,May,10,10/05/2012,,16.33366,119.93322,A2,,1,Dinoflagellate,Diplopsalis spp.,DF-Diplopsalis spp.,500
3706,2012,May,10,10/05/2012,,16.33366,119.93322,A2,,1,Diatom,Leptocylindrus spp.,D-Leptocylindrus spp.,800
3707,2012,May,10,10/05/2012,,16.33366,119.93322,A2,,1,Dinoflagellate,Oxytoxum spp.,DF-Oxytoxum spp.,60
3708,2012,May,10,10/05/2012,,16.33366,119.93322,A2,,1,Dinoflagellate,Peridinium quinquecorne,DF-Peridinium quinquecorne,380
3709,2012,May,10,10/05/2012,,16.33366,119.93322,A2,,1,Dinoflagellate,Prorocentrum micans,DF-Prorocentrum micans,20
3710,2012,May,10,10/05/2012,,16.33366,119.93322,A2,,1,Dinoflagellate,Protoperidinium spp.,DF-Protoperidinium spp.,620
3711,2012,May,10,10/05/2012,,16.33366,119.93322,A2,,1,Diatom,Pseudonitzschia spp.,D-Pseudonitzschia spp.,240
3712,2012,May,10,10/05/2012,,16.33366,119.93322,A2,,1,Diatom,Skeletonema costatum,D-Skeletonema costatum,40
3713,2012,May,10,10/05/2012,,16.33366,119.93322,A2,,1,Diatom,Thalassiosira spp.,D-Thalassiosira spp.,400
3714,2012,May,10,10/05/2012,,16.33431,119.95731,A3,,1,Dinoflagellate,Alexandrium spp.,DF-Alexandrium spp.,1800
3715,2012,May,10,10/05/2012,,16.33431,119.95731,A3,,1,Diatom,Cerataulina spp.,D-Cerataulina spp.,220
3716,2012,May,10,10/05/2012,,16.33431,119.95731,A3,,1,Dinoflagellate,Ceratium furca,DF-Ceratium furca,140
3717,2012,May,10,10/05/2012,,16.33431,119.95731,A3,,1,Diatom,Chaetoceros spp.,D-Chaetoceros spp.,480
3718,2012,May,10,10/05/2012,,16.33431,119.95731,A3,,1,Diatom,Coscinodiscus spp.,D-Coscinodiscus spp.,820
3719,2012,May,10,10/05/2012,,16.33431,119.95731,A3,,1,Dinoflagellate,Diplopsalis spp.,DF-Diplopsalis spp.,620
3720,2012,May,10,10/05/2012,,16.33431,119.95731,A3,,1,Dinoflagellate,Gonyaulax spinifera,DF-Gonyaulax spinifera,680
3721,2012,May,10,10/05/2012,,16.33431,119.95731,A3,,1,Dinoflagellate,Gyrodinium spp.,DF-Gyrodinium spp.,600
3722,2012,May,10,10/05/2012,,16.33431,119.95731,A3,,1,Diatom,Leptocylindrus spp.,D-Leptocylindrus spp.,400
3723,2012,May,10,10/05/2012,,16.33431,119.95731,A3,,1,Dinoflagellate,Oxytoxum spp.,DF-Oxytoxum spp.,100
3724,2012,May,10,10/05/2012,,16.33431,119.95731,A3,,1,Dinoflagellate,Peridinium quinquecorne,DF-Peridinium quinquecorne,280
3725,2012,May,10,10/05/2012,,16.33431,119.95731,A3,,1,Diatom,Pleurosigma spp.,D-Pleurosigma spp.,40
3726,2012,May,10,10/05/2012,,16.33431,119.95731,A3,,1,Dinoflagellate,Prorocentrum micans,DF-Prorocentrum micans,640
3727,2012,May,10,10/05/2012,,16.33431,119.95731,A3,,1,Dinoflagellate,Protoperidinium spp.,DF-Protoperidinium spp.,1660
3728,2012,May,10,10/05/2012,,16.33431,119.95731,A3,,1,Diatom,Pseudonitzschia spp.,D-Pseudonitzschia spp.,140
3729,2012,May,10,10/05/2012,,16.33431,119.95731,A3,,1,Dinoflagellate,Scrippsiella trochoidea,DF-Scrippsiella trochoidea,1260
3730,2012,May,10,10/05/2012,,16.33431,119.95731,A3,,1,Diatom,Skeletonema costatum,D-Skeletonema costatum,3200
3731,2012,May,10,10/05/2012,,16.33431,119.95731,A3,,1,Diatom,Thalassiosira spp.,D-Thalassiosira spp.,680
3732,2012,May,10,10/05/2012,,16.28459,119.92285,A4,,NB,Diatom,Cerataulina spp.,D-Cerataulina spp.,60
3733,2012,May,10,10/05/2012,,16.28459,119.92285,A4,,NB,Diatom,Thalassiosira spp.,D-Thalassiosira spp.,240
3734,2012,May,10,10/05/2012,,16.28459,119.92285,A4,,NB,Cyanobacteria,Trichodesmium sp.,CYN-Trichodesmium sp.,40
3735,2012,May,10,10/05/2012,,16.34927,119.94606,W1,,1,Dinoflagellate,Alexandrium spp.,DF-Alexandrium spp.,160
3736,2012,May,10,10/05/2012,,16.34927,119.94606,W1,,1,Dinoflagellate,Diplopsalis spp.,DF-Diplopsalis spp.,100
3737,2012,May,10,10/05/2012,,16.34927,119.94606,W1,,1,Diatom,Leptocylindrus spp.,D-Leptocylindrus spp.,100
3738,2012,May,10,10/05/2012,,16.34927,119.94606,W1,,1,Dinoflagellate,Oxytoxum spp.,DF-Oxytoxum spp.,20
3739,2012,May,10,10/05/2012,,16.34927,119.94606,W1,,1,Dinoflagellate,Peridinium quinquecorne,DF-Peridinium quinquecorne,520
3740,2012,May,10,10/05/2012,,16.34927,119.94606,W1,,1,Dinoflagellate,Phalacroma  spp.,DF-Phalacroma  spp.,40
3741,2012,May,10,10/05/2012,,16.34927,119.94606,W1,,1,Diatom,Pleurosigma spp.,D-Pleurosigma spp.,40
3742,2012,May,10,10/05/2012,,16.34927,119.94606,W1,,1,Dinoflagellate,Prorocentrum micans,DF-Prorocentrum micans,280
3743,2012,May,10,10/05/2012,,16.34927,119.94606,W1,,1,Dinoflagellate,Protoperidinium spp.,DF-Protoperidinium spp.,1200
3744,2012,May,10,10/05/2012,,16.34927,119.94606,W1,,1,Diatom,Pseudonitzschia spp.,D-Pseudonitzschia spp.,60
3745,2012,May,10,10/05/2012,,16.34927,119.94606,W1,,1,Dinoflagellate,Scrippsiella trochoidea,DF-Scrippsiella trochoidea,7020
3746,2012,May,10,10/05/2012,,16.34927,119.94606,W1,,1,Diatom,Skeletonema costatum,D-Skeletonema costatum,200
3747,2012,May,10,10/05/2012,,16.34927,119.94606,W1,,1,Diatom,Thalassiosira spp.,D-Thalassiosira spp.,420
3748,2012,May,10,10/05/2012,,16.39578,119.90667,RVA3,,1,Dinoflagellate,Alexandrium spp.,DF-Alexandrium spp.,260
3749,2012,May,10,10/05/2012,,16.39578,119.90667,RVA3,,1,Diatom,Cerataulina spp.,D-Cerataulina spp.,1320
3750,2012,May,10,10/05/2012,,16.39578,119.90667,RVA3,,1,Dinoflagellate,Ceratium furca,DF-Ceratium furca,280
3751,2012,May,10,10/05/2012,,16.39578,119.90667,RVA3,,1,Dinoflagellate,Ceratium lineatum,DF-Ceratium lineatum,40
3752,2012,May,10,10/05/2012,,16.39578,119.90667,RVA3,,1,Dinoflagellate,Diplopsalis spp.,DF-Diplopsalis spp.,280
3753,2012,May,10,10/05/2012,,16.39578,119.90667,RVA3,,1,Dinoflagellate,Gyrodinium spp.,DF-Gyrodinium spp.,940
3754,2012,May,10,10/05/2012,,16.39578,119.90667,RVA3,,1,Diatom,Leptocylindrus spp.,D-Leptocylindrus spp.,40
3755,2012,May,10,10/05/2012,,16.39578,119.90667,RVA3,,1,Dinoflagellate,Oxytoxum spp.,DF-Oxytoxum spp.,20
3756,2012,May,10,10/05/2012,,16.39578,119.90667,RVA3,,1,Dinoflagellate,Peridinium quinquecorne,DF-Peridinium quinquecorne,40
3757,2012,May,10,10/05/2012,,16.39578,119.90667,RVA3,,1,Diatom,Pleurosigma spp.,D-Pleurosigma spp.,20
3758,2012,May,10,10/05/2012,,16.39578,119.90667,RVA3,,1,Dinoflagellate,Prorocentrum micans,DF-Prorocentrum micans,300
3759,2012,May,10,10/05/2012,,16.39578,119.90667,RVA3,,1,Dinoflagellate,Protoperidinium spp.,DF-Protoperidinium spp.,1080
3760,2012,May,10,10/05/2012,,16.39578,119.90667,RVA3,,1,Diatom,Thalassiosira spp.,D-Thalassiosira spp.,220
3761,2012,May,10,10/05/2012,,16.39578,119.90667,RVA3,,1,Cyanobacteria,Trichodesmium sp.,CYN-Trichodesmium sp.,120
3762,2012,May,10,10/05/2012,,16.39578,119.90667,RVA3,,NB,Diatom,Coscinodiscus spp.,D-Coscinodiscus spp.,20
3763,2012,May,10,10/05/2012,,16.39578,119.90667,RVA3,,NB,Diatom,Leptocylindrus spp.,D-Leptocylindrus spp.,140
3764,2012,May,10,10/05/2012,,16.39578,119.90667,RVA3,,NB,Diatom,Pleurosigma spp.,D-Pleurosigma spp.,100
3765,2012,May,10,10/05/2012,,16.39578,119.90667,RVA3,,NB,Dinoflagellate,Protoperidinium spp.,DF-Protoperidinium spp.,120
3766,2012,May,10,10/05/2012,,16.39578,119.90667,RVA3,,NB,Dinoflagellate,Protoperidnium pallidum,DF-Protoperidnium pallidum,60
3767,2012,May,10,10/05/2012,,16.39578,119.90667,RVA3,,NB,Diatom,Rhizosolenia spp.,D-Rhizosolenia spp.,40
3768,2012,May,10,10/05/2012,,16.39578,119.90667,RVA3,,NB,Diatom,Thalassiosira spp.,D-Thalassiosira spp.,360
3769,2012,May,10,10/05/2012,,16.39578,119.90667,RVA3,,NB,Cyanobacteria,Trichodesmium sp.,CYN-Trichodesmium sp.,200
3770,2012,May,10,10/05/2012,,16.30944,119.92063,TS1,,1,Dinoflagellate,Amphidinium carterae,DF-Amphidinium carterae,440
3771,2012,May,10,10/05/2012,,16.30944,119.92063,TS1,,1,Dinoflagellate,Diplopsalis spp.,DF-Diplopsalis spp.,20
3772,2012,May,10,10/05/2012,,16.30944,119.92063,TS1,,1,Dinoflagellate,Heterocapsa spp.,DF-Heterocapsa spp.,280
3773,2012,May,10,10/05/2012,,16.30944,119.92063,TS1,,1,Dinoflagellate,Peridinium quinquecorne,DF-Peridinium quinquecorne,100
3774,2012,May,10,10/05/2012,,16.30944,119.92063,TS1,,1,Dinoflagellate,Scrippsiella trochoidea,DF-Scrippsiella trochoidea,400
3775,2012,May,10,10/05/2012,,16.30944,119.92063,TS1,,1,Diatom,Skeletonema costatum,D-Skeletonema costatum,100
3776,2012,May,10,10/05/2012,,16.30944,119.92063,TS1,,1,Diatom,Thalassionema spp.,D-Thalassionema spp.,100
3777,2012,May,10,10/05/2012,,16.30944,119.92063,TS1,,1,Diatom,Thalassiosira spp.,D-Thalassiosira spp.,880
3778,2012,May,10,10/05/2012,,16.30944,119.92063,TS1,,1,Cyanobacteria,Trichodesmium sp.,CYN-Trichodesmium sp.,80
3779,2012,May,10,10/05/2012,,16.38339,119.91585,TS2,,1,Dinoflagellate,Alexandrium spp.,DF-Alexandrium spp.,20
3780,2012,May,10,10/05/2012,,16.38339,119.91585,TS2,,1,Diatom,Cerataulina spp.,D-Cerataulina spp.,3380
3781,2012,May,10,10/05/2012,,16.38339,119.91585,TS2,,1,Dinoflagellate,Ceratium furca,DF-Ceratium furca,60
3782,2012,May,10,10/05/2012,,16.38339,119.91585,TS2,,1,Dinoflagellate,Diplopsalis spp.,DF-Diplopsalis spp.,140
3783,2012,May,10,10/05/2012,,16.38339,119.91585,TS2,,1,Diatom,Eucampia spp.,D-Eucampia spp.,40
3784,2012,May,10,10/05/2012,,16.38339,119.91585,TS2,,1,Dinoflagellate,Protoperidinium spp.,DF-Protoperidinium spp.,560
3785,2012,May,10,10/05/2012,,16.38339,119.91585,TS2,,1,Diatom,Rhizosolenia spp.,D-Rhizosolenia spp.,500
3786,2012,May,10,10/05/2012,,16.38339,119.91585,TS2,,1,Diatom,Skeletonema costatum,D-Skeletonema costatum,140
3787,2012,May,10,10/05/2012,,16.38339,119.91585,TS2,,1,Diatom,Thalassiosira spp.,D-Thalassiosira spp.,1940
3788,2012,May,10,10/05/2012,,16.38339,119.91585,TS2,,NB,Dinoflagellate,Alexandrium spp.,DF-Alexandrium spp.,20
3789,2012,May,10,10/05/2012,,16.38339,119.91585,TS2,,NB,Diatom,Cerataulina spp.,D-Cerataulina spp.,1340
3790,2012,May,10,10/05/2012,,16.38339,119.91585,TS2,,NB,Diatom,Coscinodiscus spp.,D-Coscinodiscus spp.,40
3791,2012,May,10,10/05/2012,,16.38339,119.91585,TS2,,NB,Silicoflagellate,Dictyocha sp.,SF-Dictyocha sp.,60
3792,2012,May,10,10/05/2012,,16.38339,119.91585,TS2,,NB,Diatom,Eucampia spp.,D-Eucampia spp.,440
3793,2012,May,10,10/05/2012,,16.38339,119.91585,TS2,,NB,Diatom,Pleurosigma spp.,D-Pleurosigma spp.,20
3794,2012,May,10,10/05/2012,,16.38339,119.91585,TS2,,NB,Dinoflagellate,Protoperidinium spp.,DF-Protoperidinium spp.,300
3795,2012,May,10,10/05/2012,,16.38339,119.91585,TS2,,NB,Diatom,Rhizosolenia spp.,D-Rhizosolenia spp.,680
3796,2012,May,10,10/05/2012,,16.38339,119.91585,TS2,,NB,Diatom,Skeletonema costatum,D-Skeletonema costatum,420
3797,2012,May,10,10/05/2012,,16.38339,119.91585,TS2,,NB,Diatom,Thalassiosira spp.,D-Thalassiosira spp.,160
3798,2012,May,10,10/05/2012,,16.33668,119.94476,W2A,,1,Dinoflagellate,Alexandrium spp.,DF-Alexandrium spp.,1180
3799,2012,May,10,10/05/2012,,16.33668,119.94476,W2A,,1,Dinoflagellate,Gonyaulax spinifera,DF-Gonyaulax spinifera,40
3800,2012,May,10,10/05/2012,,16.33668,119.94476,W2A,,1,Dinoflagellate,Gyrodinium spp.,DF-Gyrodinium spp.,40
3801,2012,May,10,10/05/2012,,16.33668,119.94476,W2A,,1,Diatom,Leptocylindrus spp.,D-Leptocylindrus spp.,60
3802,2012,May,10,10/05/2012,,16.33668,119.94476,W2A,,1,Dinoflagellate,Peridinium quinquecorne,DF-Peridinium quinquecorne,180
3803,2012,May,10,10/05/2012,,16.33668,119.94476,W2A,,1,Dinoflagellate,Prorocentrum micans,DF-Prorocentrum micans,380
3804,2012,May,10,10/05/2012,,16.33668,119.94476,W2A,,1,Dinoflagellate,Protoperidinium spp.,DF-Protoperidinium spp.,560
3805,2012,May,10,10/05/2012,,16.33668,119.94476,W2A,,1,Diatom,Skeletonema costatum,D-Skeletonema costatum,20
3806,2012,May,10,10/05/2012,,16.33668,119.94476,W2A,,1,Diatom,Thalassionema spp.,D-Thalassionema spp.,40
3807,2012,May,10,10/05/2012,,16.33668,119.94476,W2A,,1,Diatom,Thalassiosira spp.,D-Thalassiosira spp.,180
3808,2012,May,10,10/05/2012,,16.33668,119.94476,W2A,,1,Cyanobacteria,Trichodesmium sp.,CYN-Trichodesmium sp.,100
3809,2012,May,10,10/05/2012,,16.37073,119.93401,W3,,1,Diatom,Cerataulina spp.,D-Cerataulina spp.,100
3810,2012,May,10,10/05/2012,,16.37073,119.93401,W3,,1,Dinoflagellate,Ceratium furca,DF-Ceratium furca,60
3811,2012,May,10,10/05/2012,,16.37073,119.93401,W3,,1,Dinoflagellate,Ceratium lineatum,DF-Ceratium lineatum,20
3812,2012,May,10,10/05/2012,,16.37073,119.93401,W3,,1,Dinoflagellate,Gyrodinium spp.,DF-Gyrodinium spp.,580
3813,2012,May,10,10/05/2012,,16.37073,119.93401,W3,,1,Diatom,Navicula spp.,D-Navicula  spp.,40
3814,2012,May,10,10/05/2012,,16.37073,119.93401,W3,,1,Dinoflagellate,Oxytoxum spp.,DF-Oxytoxum spp.,20
3815,2012,May,10,10/05/2012,,16.37073,119.93401,W3,,1,Diatom,Pleurosigma spp.,D-Pleurosigma spp.,40
3816,2012,May,10,10/05/2012,,16.37073,119.93401,W3,,1,Dinoflagellate,Prorocentrum micans,DF-Prorocentrum micans,300
3817,2012,May,10,10/05/2012,,16.37073,119.93401,W3,,1,Dinoflagellate,Protoperidinium spp.,DF-Protoperidinium spp.,360
3818,2012,May,10,10/05/2012,,16.37073,119.93401,W3,,1,Diatom,Skeletonema costatum,D-Skeletonema costatum,120
3819,2012,May,10,10/05/2012,,16.37073,119.93401,W3,,1,Diatom,Thalassiosira spp.,D-Thalassiosira spp.,400
3820,2012,May,10,10/05/2012,,16.37073,119.93401,W3,,1,Cyanobacteria,Trichodesmium sp.,CYN-Trichodesmium sp.,40
3821,2012,May,10,10/05/2012,,16.37073,119.93401,W3,,NB,Diatom,Coscinodiscus spp.,D-Coscinodiscus spp.,20
3822,2012,May,10,10/05/2012,,16.37073,119.93401,W3,,NB,Dinoflagellate,Diplopsalis spp.,DF-Diplopsalis spp.,60
3823,2012,May,10,10/05/2012,,16.37073,119.93401,W3,,NB,Diatom,Leptocylindrus spp.,D-Leptocylindrus spp.,60
3824,2012,May,10,10/05/2012,,16.37073,119.93401,W3,,NB,Diatom,Pleurosigma spp.,D-Pleurosigma spp.,60
3825,2012,May,10,10/05/2012,,16.37073,119.93401,W3,,NB,Dinoflagellate,Protoperidinium spp.,DF-Protoperidinium spp.,60
3826,2012,May,10,10/05/2012,,16.37073,119.93401,W3,,NB,Diatom,Rhizosolenia spp.,D-Rhizosolenia spp.,160
3827,2012,May,10,10/05/2012,,16.32003,119.93384,W8,,1,Diatom,Navicula spp.,D-Navicula  spp.,60
3828,2012,May,10,10/05/2012,,16.32003,119.93384,W8,,1,Diatom,Pleurosigma spp.,D-Pleurosigma spp.,20
3829,2012,May,10,10/05/2012,,16.32003,119.93384,W8,,1,Dinoflagellate,Protoperidinium spp.,DF-Protoperidinium spp.,100
3830,2012,May,10,10/05/2012,,16.32003,119.93384,W8,,1,Diatom,Rhizosolenia spp.,D-Rhizosolenia spp.,220
3831,2012,May,10,10/05/2012,,16.32003,119.93384,W8,,1,Dinoflagellate,Scrippsiella trochoidea,DF-Scrippsiella trochoidea,140
3832,2012,May,10,10/05/2012,,16.32003,119.93384,W8,,1,Diatom,Skeletonema costatum,D-Skeletonema costatum,80
3833,2012,May,10,10/05/2012,,16.32003,119.93384,W8,,1,Diatom,Thalassiosira spp.,D-Thalassiosira spp.,640
3834,2012,May,10,10/05/2012,,16.34775,119.93452,W9,,1,Dinoflagellate,Alexandrium spp.,DF-Alexandrium spp.,120
3835,2012,May,10,10/05/2012,,16.34775,119.93452,W9,,1,Dinoflagellate,Ceratium lineatum,DF-Ceratium lineatum,140
3836,2012,May,10,10/05/2012,,16.34775,119.93452,W9,,1,Dinoflagellate,Peridinium quinquecorne,DF-Peridinium quinquecorne,120
3837,2012,May,10,10/05/2012,,16.34775,119.93452,W9,,1,Dinoflagellate,Prorocentrum micans,DF-Prorocentrum micans,40
3838,2012,May,10,10/05/2012,,16.34775,119.93452,W9,,1,Dinoflagellate,Protoperidinium spp.,DF-Protoperidinium spp.,400
3839,2012,May,10,10/05/2012,,16.34775,119.93452,W9,,1,Diatom,Rhizosolenia spp.,D-Rhizosolenia spp.,580
3840,2012,May,10,10/05/2012,,16.34775,119.93452,W9,,1,Dinoflagellate,Scrippsiella trochoidea,DF-Scrippsiella trochoidea,440
3841,2012,May,10,10/05/2012,,16.34775,119.93452,W9,,1,Diatom,Skeletonema costatum,D-Skeletonema costatum,140
3842,2012,May,10,10/05/2012,,16.34775,119.93452,W9,,1,Diatom,Thalassionema spp.,D-Thalassionema spp.,20
3843,2012,May,10,10/05/2012,,16.34775,119.93452,W9,,1,Diatom,Thalassiosira spp.,D-Thalassiosira spp.,440
3844,2012,May,10,10/05/2012,,16.34775,119.93452,W9,,1,Cyanobacteria,Trichodesmium sp.,CYN-Trichodesmium sp.,20
3845,2012,May,10,10/05/2012,,16.37052,119.94857,W10,,1,Dinoflagellate,Alexandrium spp.,DF-Alexandrium spp.,60
3846,2012,May,10,10/05/2012,,16.37052,119.94857,W10,,1,Diatom,Cerataulina spp.,D-Cerataulina spp.,80
3847,2012,May,10,10/05/2012,,16.37052,119.94857,W10,,1,Dinoflagellate,Ceratium furca,DF-Ceratium furca,60
3848,2012,May,10,10/05/2012,,16.37052,119.94857,W10,,1,Diatom,Coscinodiscus spp.,D-Coscinodiscus spp.,80
3849,2012,May,10,10/05/2012,,16.37052,119.94857,W10,,1,Dinoflagellate,Diplopsalis spp.,DF-Diplopsalis spp.,260
3850,2012,May,10,10/05/2012,,16.37052,119.94857,W10,,1,Dinoflagellate,Gonyaulax spinifera,DF-Gonyaulax spinifera,660
3851,2012,May,10,10/05/2012,,16.37052,119.94857,W10,,1,Dinoflagellate,Gyrodinium spp.,DF-Gyrodinium spp.,500
3852,2012,May,10,10/05/2012,,16.37052,119.94857,W10,,1,Dinoflagellate,Oxytoxum spp.,DF-Oxytoxum spp.,100
3853,2012,May,10,10/05/2012,,16.37052,119.94857,W10,,1,Dinoflagellate,Peridinium quinquecorne,DF-Peridinium quinquecorne,280
3854,2012,May,10,10/05/2012,,16.37052,119.94857,W10,,1,Diatom,Pleurosigma spp.,D-Pleurosigma spp.,40
3855,2012,May,10,10/05/2012,,16.37052,119.94857,W10,,1,Dinoflagellate,Prorocentrum micans,DF-Prorocentrum micans,320
3856,2012,May,10,10/05/2012,,16.37052,119.94857,W10,,1,Dinoflagellate,Protoperidinium spp.,DF-Protoperidinium spp.,1340
3857,2012,May,10,10/05/2012,,16.37052,119.94857,W10,,1,Dinoflagellate,Scrippsiella trochoidea,DF-Scrippsiella trochoidea,400
3858,2012,May,10,10/05/2012,,16.37052,119.94857,W10,,1,Diatom,Thalassiosira spp.,D-Thalassiosira spp.,480
3859,2012,May,10,10/05/2012,,16.38326,119.92616,W11,,1,Dinoflagellate,Alexandrium spp.,DF-Alexandrium spp.,20
3860,2012,May,10,10/05/2012,,16.38326,119.92616,W11,,1,Diatom,Cerataulina spp.,D-Cerataulina spp.,9920
3861,2012,May,10,10/05/2012,,16.38326,119.92616,W11,,1,Diatom,Coscinodiscus spp.,D-Coscinodiscus spp.,40
3862,2012,May,10,10/05/2012,,16.38326,119.92616,W11,,1,Dinoflagellate,Diplopsalis spp.,DF-Diplopsalis spp.,240
3863,2012,May,10,10/05/2012,,16.38326,119.92616,W11,,1,Diatom,Eucampia spp.,D-Eucampia spp.,60
3864,2012,May,10,10/05/2012,,16.38326,119.92616,W11,,1,Dinoflagellate,Gonyaulax spinifera,DF-Gonyaulax spinifera,20
3865,2012,May,10,10/05/2012,,16.38326,119.92616,W11,,1,Dinoflagellate,Gyrodinium spp.,DF-Gyrodinium spp.,200
3866,2012,May,10,10/05/2012,,16.38326,119.92616,W11,,1,Dinoflagellate,Protoperidinium spp.,DF-Protoperidinium spp.,380
3867,2012,May,10,10/05/2012,,16.38326,119.92616,W11,,1,Diatom,Rhizosolenia spp.,D-Rhizosolenia spp.,680
3868,2012,May,10,10/05/2012,,16.38326,119.92616,W11,,1,Dinoflagellate,Scrippsiella trochoidea,DF-Scrippsiella trochoidea,300
3869,2012,May,10,10/05/2012,,16.38326,119.92616,W11,,1,Diatom,Skeletonema costatum,D-Skeletonema costatum,640
3870,2012,May,10,10/05/2012,,16.38326,119.92616,W11,,1,Diatom,Thalassiosira spp.,D-Thalassiosira spp.,60
3871,2012,May,10,10/05/2012,,16.38326,119.92616,W11,,NB,Dinoflagellate,Alexandrium spp.,DF-Alexandrium spp.,40
3872,2012,May,10,10/05/2012,,16.38326,119.92616,W11,,NB,Diatom,Cerataulina spp.,D-Cerataulina spp.,7060
3873,2012,May,10,10/05/2012,,16.38326,119.92616,W11,,NB,Diatom,Eucampia spp.,D-Eucampia spp.,340
3874,2012,May,10,10/05/2012,,16.38326,119.92616,W11,,NB,Dinoflagellate,Gyrodinium spp.,DF-Gyrodinium spp.,60
3875,2012,May,10,10/05/2012,,16.38326,119.92616,W11,,NB,Diatom,Leptocylindrus spp.,D-Leptocylindrus spp.,260
3876,2012,May,10,10/05/2012,,16.38326,119.92616,W11,,NB,Diatom,Navicula spp.,D-Navicula  spp.,100
3877,2012,May,10,10/05/2012,,16.38326,119.92616,W11,,NB,Dinoflagellate,Phalacroma  spp.,DF-Phalacroma  spp.,40
3878,2012,May,10,10/05/2012,,16.38326,119.92616,W11,,NB,Diatom,Pleurosigma spp.,D-Pleurosigma spp.,40
3879,2012,May,10,10/05/2012,,16.38326,119.92616,W11,,NB,Diatom,Rhizosolenia spp.,D-Rhizosolenia spp.,1020
3880,2012,May,10,10/05/2012,,16.38326,119.92616,W11,,NB,Diatom,Skeletonema costatum,D-Skeletonema costatum,1920
3881,2012,May,10,10/05/2012,,16.38326,119.92616,W11,,NB,Diatom,Thalassiosira spp.,D-Thalassiosira spp.,240
3882,2012,Jun,14,14/06/2012,,16.33668,119.94476,W2A,,1,Diatom,Nitzschia spp.,D-Nitzschia spp.,40
3883,2012,Jun,14,14/06/2012,,16.33668,119.94476,W2A,,1,Diatom,Rhizosolenia spp.,D-Rhizosolenia spp.,240
3884,2012,Jun,14,14/06/2012,,16.33668,119.94476,W2A,,1,Dinoflagellate,Prorocentrum micans,DF-Prorocentrum micans,20
3885,2012,Jun,14,14/06/2012,,16.33668,119.94476,W2A,,1,Dinoflagellate,Protoperidinium oblongum,DF-Protoperidinium oblongum,20
3886,2012,Jun,14,14/06/2012,,16.33668,119.94476,W2A,,1,Dinoflagellate,Protoperidinium pallidum,DF-Protoperidinium pallidum,20
3887,2012,Jun,14,14/06/2012,,16.33668,119.94476,W2A,,1,Dinoflagellate,Pyrophacus ,DF-Pyrophacus,20
3888,2012,Jun,14,14/06/2012,,16.33668,119.94476,W2A,,1,Silicoflagellate,Tintinopsis,SF-Tintinopsis,60
3889,2012,Jun,14,14/06/2012,,16.33668,119.94476,W2A,,NB,Diatom,Pseudonitzschia spp.,D-Pseudonitzschia spp.,20
3890,2012,Jun,14,14/06/2012,,16.33668,119.94476,W2A,,NB,Diatom,Rhizosolenia spp.,D-Rhizosolenia spp.,700
3891,2012,Jun,14,14/06/2012,,16.33668,119.94476,W2A,,NB,Dinoflagellate,Pyrophacus ,DF-Pyrophacus,20
3892,2012,Jun,14,14/06/2012,,16.33668,119.94476,W2A,,NB,Silicoflagellate,Tintinopsis,SF-Tintinopsis,60
3893,2012,Jun,14,14/06/2012,,16.34927,119.94606,W1,,1,Diatom,Fragilariopsis sp.,D-Fragilariopsis sp.,20
3894,2012,Jun,14,14/06/2012,,16.34927,119.94606,W1,,1,Diatom,Navicula spp.,D-Navicula  spp.,20
3895,2012,Jun,14,14/06/2012,,16.34927,119.94606,W1,,1,Diatom,Rhizosolenia spp.,D-Rhizosolenia spp.,200
3896,2012,Jun,14,14/06/2012,,16.34927,119.94606,W1,,1,Dinoflagellate,Protoperidinium conicum,DF-Protoperidinium conicum,20
3897,2012,Jun,14,14/06/2012,,16.34927,119.94606,W1,,1,Dinoflagellate,Protoperidinium oblongum,DF-Protoperidinium oblongum,20
3898,2012,Jun,14,14/06/2012,,16.34927,119.94606,W1,,1,Dinoflagellate,Protoperidinium pellucidum,DF-Protoperidinium pellucidum,20
3899,2012,Jun,14,14/06/2012,,16.34927,119.94606,W1,,1,Silicoflagellate,Tintinopsis,SF-Tintinopsis,60
3900,2012,Jun,14,14/06/2012,,16.37052,119.94857,W10,,1,Diatom,Pleurosigma spp.,D-Pleurosigma spp.,60
3901,2012,Jun,14,14/06/2012,,16.37052,119.94857,W10,,1,Diatom,Pseudonitzschia spp.,D-Pseudonitzschia spp.,20
3902,2012,Jun,14,14/06/2012,,16.37052,119.94857,W10,,1,Diatom,Rhizosolenia spp.,D-Rhizosolenia spp.,140
3903,2012,Jun,14,14/06/2012,,16.37052,119.94857,W10,,1,Dinoflagellate,Prorocentrum micans,DF-Prorocentrum micans,20
3904,2012,Jun,14,14/06/2012,,16.37052,119.94857,W10,,1,Dinoflagellate,Protoperidinium conicum,DF-Protoperidinium conicum,20
3905,2012,Jun,14,14/06/2012,,16.37052,119.94857,W10,,1,Silicoflagellate,Tintinopsis,SF-Tintinopsis,60
3906,2012,Jun,14,14/06/2012,,16.33366,119.93322,A2,,NB,Diatom,Fragilariopsis sp.,D-Fragilariopsis sp.,20
3907,2012,Jun,14,14/06/2012,,16.33366,119.93322,A2,,NB,Diatom,Navicula spp.,D-Navicula  spp.,60
3908,2012,Jun,14,14/06/2012,,16.33366,119.93322,A2,,NB,Diatom,Pleurosigma spp.,D-Pleurosigma spp.,20
3909,2012,Jun,14,14/06/2012,,16.33366,119.93322,A2,,NB,Diatom,Rhizosolenia spp.,D-Rhizosolenia spp.,220
3910,2012,Jun,14,14/06/2012,,16.33366,119.93322,A2,,NB,Dinoflagellate,Prorocentrum gracile,DF-Prorocentrum gracile,20
3911,2012,Jun,14,14/06/2012,,16.33366,119.93322,A2,,NB,Dinoflagellate,Prorocentrum micans,DF-Prorocentrum micans,20
3912,2012,Jun,14,14/06/2012,,16.33366,119.93322,A2,,NB,Dinoflagellate,Protoperidinium conicum,DF-Protoperidinium conicum,40
3913,2012,Jun,14,14/06/2012,,16.33366,119.93322,A2,,NB,Dinoflagellate,Pyrophacus ,DF-Pyrophacus,20
3914,2012,Jun,14,14/06/2012,,16.33366,119.93322,A2,,NB,Dinoflagellate,Scrippsiella trochoidea,DF-Scrippsiella trochoidea,40
3915,2012,Jun,14,14/06/2012,,16.33366,119.93322,A2,,NB,Silicoflagellate,Tintinopsis,SF-Tintinopsis,20
3916,2012,Jun,14,14/06/2012,,16.39578,119.90667,RVA3,,NB,Diatom,Cylindricotheca closterium,D-Cylindricotheca closterium,20
3917,2012,Jun,14,14/06/2012,,16.39578,119.90667,RVA3,,NB,Diatom,Guinardia,D-Guinardia,20
3918,2012,Jun,14,14/06/2012,,16.39578,119.90667,RVA3,,NB,Diatom,Navicula spp.,D-Navicula  spp.,220
3919,2012,Jun,14,14/06/2012,,16.39578,119.90667,RVA3,,NB,Diatom,Pleurosigma spp.,D-Pleurosigma spp.,60
3920,2012,Jun,14,14/06/2012,,16.39578,119.90667,RVA3,,NB,Diatom,Skeletonema costatum,D-Skeletonema costatum,20
3921,2012,Jun,14,14/06/2012,,16.39578,119.90667,RVA3,,NB,Diatom,Thalassionema spp.,D-Thalassionema spp.,180
3922,2012,Jun,14,14/06/2012,,16.33668,119.94476,W2A,,1,Diatom,Navicula spp.,D-Navicula  spp.,80
3923,2012,Jun,14,14/06/2012,,16.33668,119.94476,W2A,,1,Diatom,Rhizosolenia spp.,D-Rhizosolenia spp.,220
3924,2012,Jun,14,14/06/2012,,16.33668,119.94476,W2A,,1,Diatom,Thalassionema spp.,D-Thalassionema spp.,40
3925,2012,Jun,14,14/06/2012,,16.33668,119.94476,W2A,,1,Dinoflagellate,Protoperidinium pellucidum,DF-Protoperidinium pellucidum,20
3926,2012,Jun,14,14/06/2012,,16.33668,119.94476,W2A,,1,Silicoflagellate,Tintinopsis,SF-Tintinopsis,160
3927,2012,Jun,14,14/06/2012,,16.38339,119.91585,TS2,,1,Diatom,Navicula spp.,D-Navicula  spp.,20
3928,2012,Jun,14,14/06/2012,,16.38339,119.91585,TS2,,1,Diatom,Rhizosolenia spp.,D-Rhizosolenia spp.,1160
3929,2012,Jun,14,14/06/2012,,16.38339,119.91585,TS2,,1,Diatom,Thalassionema spp.,D-Thalassionema spp.,20
3930,2012,Jun,14,14/06/2012,,16.38339,119.91585,TS2,,1,Dinoflagellate,Ceratium furca,DF-Ceratium furca,20
3931,2012,Jun,14,14/06/2012,,16.38339,119.91585,TS2,,1,Dinoflagellate,Protoperidinium oblongum,DF-Protoperidinium oblongum,20
3932,2012,Jun,14,14/06/2012,,16.38339,119.91585,TS2,,1,Silicoflagellate,Tintinopsis,SF-Tintinopsis,100
3933,2012,Jun,14,14/06/2012,,16.38339,119.91585,W11,,1,Diatom,Navicula spp.,D-Navicula  spp.,40
3934,2012,Jun,14,14/06/2012,,16.38339,119.91585,W11,,1,Diatom,Rhizosolenia spp.,D-Rhizosolenia spp.,1254
3935,2012,Jun,14,14/06/2012,,16.38339,119.91585,W11,,1,Diatom,Thalassionema spp.,D-Thalassionema spp.,40
3936,2012,Jun,14,14/06/2012,,16.38339,119.91585,W11,,1,Dinoflagellate,Ceratium furca,DF-Ceratium furca,10
3937,2012,Jun,14,14/06/2012,,16.38339,119.91585,W11,,1,Dinoflagellate,Protoperidinium oblongum,DF-Protoperidinium oblongum,30
3938,2012,Jun,14,14/06/2012,,16.38339,119.91585,W11,,1,Silicoflagellate,Tintinopsis,SF-Tintinopsis,200
3939,2012,Jun,14,14/06/2012,,16.33431,119.95731,A3,,1,Diatom,Haslea sp.,D-Haslea sp.,20
3940,2012,Jun,14,14/06/2012,,16.33431,119.95731,A3,,1,Diatom,Navicula spp.,D-Navicula  spp.,20
3941,2012,Jun,14,14/06/2012,,16.33431,119.95731,A3,,1,Diatom,Nitzschia spp.,D-Nitzschia spp.,40
3942,2012,Jun,14,14/06/2012,,16.33431,119.95731,A3,,1,Diatom,Rhizosolenia spp.,D-Rhizosolenia spp.,520
3943,2012,Jun,14,14/06/2012,,16.33431,119.95731,A3,,1,Diatom,Thalassiosira spp.,D-Thalassiosira spp.,80
3944,2012,Jun,14,14/06/2012,,16.33431,119.95731,A3,,1,Diatom,Thalassiosira spp.,D-Thalassiosira spp.,20
3945,2012,Jun,14,14/06/2012,,16.33431,119.95731,A3,,1,Dinoflagellate,Prorocentrum micans,DF-Prorocentrum micans,20
3946,2012,Jun,14,14/06/2012,,16.33431,119.95731,A3,,1,Silicoflagellate,Tintinopsis,SF-Tintinopsis,80
3947,2012,Jun,14,14/06/2012,,16.37073,119.93401,W3,,1,Diatom,Nitzschia spp.,D-Nitzschia spp.,220
3948,2012,Jun,14,14/06/2012,,16.37073,119.93401,W3,,1,Diatom,Rhizosolenia spp.,D-Rhizosolenia spp.,1140
3949,2012,Jun,14,14/06/2012,,16.37073,119.93401,W3,,1,Diatom,Thalassiosira spp.,D-Thalassiosira spp.,80
3950,2012,Jun,14,14/06/2012,,16.37073,119.93401,W3,,1,Dinoflagellate,Ceratium furca,DF-Ceratium furca,20
3951,2012,Jun,14,14/06/2012,,16.37073,119.93401,W3,,1,Dinoflagellate,Prorocentrum lima,DF-Prorocentrum lima,20
3952,2012,Jun,14,14/06/2012,,16.37073,119.93401,W3,,1,Dinoflagellate,Prorocentrum micans,DF-Prorocentrum micans,20
3953,2012,Jun,14,14/06/2012,,16.37073,119.93401,W3,,1,Dinoflagellate,Protoperidinium conicum,DF-Protoperidinium conicum,60
3954,2012,Jun,14,14/06/2012,,16.37073,119.93401,W3,,1,Dinoflagellate,Protoperidinium divergens,DF-Protoperidinium divergens,20
3955,2012,Jun,14,14/06/2012,,16.37073,119.93401,W3,,1,Dinoflagellate,Protoperidinium pallidum,DF-Protoperidinium pallidum,40
3956,2012,Jun,14,14/06/2012,,16.37073,119.93401,W3,,1,Silicoflagellate,Tintinopsis,SF-Tintinopsis,180
3957,2012,Jun,14,14/06/2012,,16.28459,119.92285,A4,,1,Diatom,Navicula spp.,D-Navicula  spp.,20
3958,2012,Jun,14,14/06/2012,,16.28459,119.92285,A4,,1,Diatom,Rhizosolenia spp.,D-Rhizosolenia spp.,40
3959,2012,Jun,14,14/06/2012,,16.28459,119.92285,A4,,1,Diatom,Thalassiosira spp.,D-Thalassiosira spp.,40
3960,2012,Jun,14,14/06/2012,,16.28459,119.92285,A4,,1,Dinoflagellate,Gymnodinium sp,DF-Gymnodinium sp.,920
3961,2012,Jun,14,14/06/2012,,16.28459,119.92285,A4,,1,Dinoflagellate,Protoperidinium depressum,DF-Protoperidinium depressum,20
3962,2012,Jun,14,14/06/2012,,16.28459,119.92285,A4,,1,Dinoflagellate,Protoperidinium oblongum,DF-Protoperidinium oblongum,20
3963,2012,Jun,14,14/06/2012,,16.28459,119.92285,A4,,1,Dinoflagellate,Protoperidinium pellucidum,DF-Protoperidinium pellucidum,60
3964,2012,Jun,14,14/06/2012,,16.28459,119.92285,A4,,1,Silicoflagellate,Tintinopsis,SF-Tintinopsis,40
3965,2012,Jun,14,14/06/2012,,16.34775,119.93452,W9,,1,Diatom,Rhizosolenia spp.,D-Rhizosolenia spp.,260
3966,2012,Jun,14,14/06/2012,,16.34775,119.93452,W9,,1,Diatom,Skeletonema costatum,D-Skeletonema costatum,80
3967,2012,Jun,14,14/06/2012,,16.34775,119.93452,W9,,1,Dinoflagellate,Protoperidinium conicum,DF-Protoperidinium conicum,40
3968,2012,Jun,14,14/06/2012,,16.34775,119.93452,W9,,1,Silicoflagellate,Tintinopsis,SF-Tintinopsis,60
3969,2012,Jun,14,14/06/2012,,16.34775,119.93452,A1,,1,Diatom,Rhizosolenia spp.,D-Rhizosolenia spp.,340
3970,2012,Jun,14,14/06/2012,,16.34775,119.93452,A1,,1,Diatom,Skeletonema costatum,D-Skeletonema costatum,60
3971,2012,Jun,14,14/06/2012,,16.34775,119.93452,A1,,1,Dinoflagellate,Protoperidinium conicum,DF-Protoperidinium conicum,50
3972,2012,Jun,14,14/06/2012,,16.34775,119.93452,A1,,1,Silicoflagellate,Tintinopsis,SF-Tintinopsis,40
3973,2012,Jun,14,14/06/2012,,16.37073,119.93401,W3,,NB,Diatom,Coscinodiscus spp.,D-Coscinodiscus spp.,40
3974,2012,Jun,14,14/06/2012,,16.37073,119.93401,W3,,NB,Diatom,Rhizosolenia spp.,D-Rhizosolenia spp.,120
3975,2012,Jun,14,14/06/2012,,16.37073,119.93401,W3,,NB,Diatom,Skeletonema costatum,D-Skeletonema costatum,60
3976,2012,Jun,14,14/06/2012,,16.37073,119.93401,W3,,NB,Silicoflagellate,Tintinopsis,SF-Tintinopsis,60
3977,2012,Jun,14,14/06/2012,,16.32003,119.93384,W8,,1,Diatom,Navicula spp.,D-Navicula  spp.,60
3978,2012,Jun,14,14/06/2012,,16.32003,119.93384,W8,,1,Diatom,Rhizosolenia spp.,D-Rhizosolenia spp.,200
3979,2012,Jun,14,14/06/2012,,16.32003,119.93384,W8,,1,Diatom,Skeletonema costatum,D-Skeletonema costatum,40
3980,2012,Jun,14,14/06/2012,,16.32003,119.93384,W8,,1,Dinoflagellate,Protoperidinium conicum,DF-Protoperidinium conicum,20
3981,2012,Jun,14,14/06/2012,,16.30944,119.92063,TS1,,1,Diatom,Navicula spp.,D-Navicula  spp.,40
3982,2012,Jun,14,14/06/2012,,16.30944,119.92063,TS1,,1,Diatom,Pleurosigma spp.,D-Pleurosigma spp.,20
3983,2012,Jun,14,14/06/2012,,16.30944,119.92063,TS1,,1,Diatom,Rhizosolenia spp.,D-Rhizosolenia spp.,60
3984,2012,Jun,14,14/06/2012,,16.30944,119.92063,TS1,,1,Dinoflagellate,Gymnodinium sp,DF-Gymnodinium sp.,200
3985,2012,Jun,14,14/06/2012,,16.38339,119.91585,TS2,,NB,Diatom,Coscinodiscus spp.,D-Coscinodiscus spp.,80
3986,2012,Jun,14,14/06/2012,,16.38339,119.91585,TS2,,NB,Diatom,Navicula spp.,D-Navicula  spp.,60
3987,2012,Jun,14,14/06/2012,,16.38339,119.91585,TS2,,NB,Diatom,Pleurosigma spp.,D-Pleurosigma spp.,80
3988,2012,Jun,14,14/06/2012,,16.38339,119.91585,TS2,,NB,Diatom,Thalassiosira spp.,D-Thalassiosira spp.,40
3989,2012,Jun,14,14/06/2012,,16.38339,119.91585,TS2,,NB,Silicoflagellate,Tintinopsis,SF-Tintinopsis,100
3990,2012,Jun,14,14/06/2012,,16.27365,119.92599,A5,,1,Diatom,Cylindricotheca closterium,D-Cylindricotheca closterium,20
3991,2012,Jun,14,14/06/2012,,16.27365,119.92599,A5,,1,Diatom,Navicula spp.,D-Navicula  spp.,200
3992,2012,Jun,14,14/06/2012,,16.27365,119.92599,A5,,1,Diatom,Pleurosigma spp.,D-Pleurosigma spp.,20
3993,2012,Jun,14,14/06/2012,,16.27365,119.92599,A5,,1,Diatom,Rhizosolenia spp.,D-Rhizosolenia spp.,40
3994,2012,Jun,14,14/06/2012,,16.27365,119.92599,A5,,1,Diatom,Thalassiosira spp.,D-Thalassiosira spp.,80
3995,2012,Jun,14,14/06/2012,,16.27365,119.92599,A5,,1,Dinoflagellate,Prorocentrum lima,DF-Prorocentrum lima,20
3996,2012,Jun,14,14/06/2012,,16.27365,119.92599,A5,,1,Dinoflagellate,Prorocentrum micans,DF-Prorocentrum micans,20
3997,2012,Jun,14,14/06/2012,,16.27365,119.92599,A5,,1,Dinoflagellate,Protoperidinium depressum,DF-Protoperidinium depressum,20
3998,2012,Jun,14,14/06/2012,,16.27365,119.92599,A5,,1,Dinoflagellate,Protoperidinium oblongum,DF-Protoperidinium oblongum,20
3999,2012,Jun,14,14/06/2012,,16.27365,119.92599,A5,,1,Silicoflagellate,Tintinopsis,SF-Tintinopsis,40
4000,2012,Jun,14,14/06/2012,,16.39578,119.90667,RVA3,,1,Diatom,Cylindricotheca closterium,D-Cylindricotheca closterium,20
4001,2012,Jun,14,14/06/2012,,16.39578,119.90667,RVA3,,1,Diatom,Nitzschia spp.,D-Nitzschia spp.,140
4002,2012,Jun,14,14/06/2012,,16.39578,119.90667,RVA3,,1,Diatom,Rhizosolenia spp.,D-Rhizosolenia spp.,860
4003,2012,Jun,14,14/06/2012,,16.39578,119.90667,RVA3,,1,Diatom,Thalassionema spp.,D-Thalassionema spp.,80
4004,2012,Jun,14,14/06/2012,,16.39578,119.90667,RVA3,,1,Diatom,Thalassiosira spp.,D-Thalassiosira spp.,40
4005,2012,Jun,14,14/06/2012,,16.39578,119.90667,RVA3,,1,Dinoflagellate,Gymnodinium catenatum,DF-Gymnodinium catenatum,20
4006,2012,Jun,14,14/06/2012,,16.39578,119.90667,RVA3,,1,Silicoflagellate,Tintinopsis,SF-Tintinopsis,20
4007,2012,Jul ,18,18/07/2012,,16.38339,119.91585,TS2,,1,Diatom,Navicula spp.,D-Navicula  spp.,20
4008,2012,Jul,18,18/07/2012,,16.38339,119.91585,TS2,,1,Diatom,Thalassiosira spp.,D-Thalassiosira spp.,120
4009,2012,Jul,18,18/07/2012,,16.38339,119.91585,TS2,,1,Dinoflagellate,Gymnodinium catenatum,DF-Gymnodinium catenatum,60
4010,2012,Jul,18,18/07/2012,,16.38339,119.91585,TS2,,1,Dinoflagellate,Prorocentrum micans,DF-Prorocentrum micans,140
4011,2012,Jul,18,18/07/2012,,16.38339,119.91585,TS2,,NB,Diatom,Chaetoceros spp.,D-Chaetoceros spp.,40
4012,2012,Jul,18,18/07/2012,,16.38339,119.91585,TS2,,NB,Diatom,Coscinodiscus spp.,D-Coscinodiscus spp.,120
4013,2012,Jul,18,18/07/2012,,16.38339,119.91585,TS2,,NB,Diatom,Fragilariopsis sp.,D-Fragilariopsis sp.,20
4014,2012,Jul,18,18/07/2012,,16.38339,119.91585,TS2,,NB,Diatom,Haslea sp.,D-Haslea sp.,80
4015,2012,Jul,18,18/07/2012,,16.38339,119.91585,TS2,,NB,Diatom,Navicula spp.,D-Navicula  spp.,100
4016,2012,Jul,18,18/07/2012,,16.38339,119.91585,TS2,,NB,Diatom,Pleurosigma spp.,D-Pleurosigma spp.,80
4017,2012,Jul,18,18/07/2012,,16.38339,119.91585,TS2,,NB,Diatom,Skeletonema costatum,D-Skeletonema costatum,40
4018,2012,Jul,18,18/07/2012,,16.38339,119.91585,TS2,,NB,Diatom,Surirella,D-Surirella,40
4019,2012,Jul,18,18/07/2012,,16.38339,119.91585,TS2,,NB,Diatom,Thalassionema spp.,D-Thalassionema spp.,40
4020,2012,Jul,18,18/07/2012,,16.33668,119.94476,W2A,,1,Diatom,Chaetoceros spp.,D-Chaetoceros spp.,40
4021,2012,Jul,18,18/07/2012,,16.33668,119.94476,W2A,,1,Diatom,Coscinodiscus spp.,D-Coscinodiscus spp.,20
4022,2012,Jul,18,18/07/2012,,16.33668,119.94476,W2A,,1,Diatom,Skeletonema costatum,D-Skeletonema costatum,20
4023,2012,Jul,18,18/07/2012,,16.33668,119.94476,W2A,,1,Diatom,Thalassiosira spp.,D-Thalassiosira spp.,20
4024,2012,Jul,18,18/07/2012,,16.34775,119.93452,W9,,1,Diatom,Coscinodiscus spp.,D-Coscinodiscus spp.,20
4025,2012,Jul,18,18/07/2012,,16.34775,119.93452,W9,,1,Diatom,Skeletonema costatum,D-Skeletonema costatum,40
4026,2012,Jul,18,18/07/2012,,16.34775,119.93452,W9,,1,Silicoflagellate,Tintinopsis,SF-Tintinopsis,160
4027,2012,Jul,18,18/07/2012,,16.33431,119.95731,A3,,1,Diatom,Coscinodiscus spp.,D-Coscinodiscus spp.,20
4028,2012,Jul,18,18/07/2012,,16.33431,119.95731,A3,,1,Diatom,Thalassiosira spp.,D-Thalassiosira spp.,40
4029,2012,Jul,18,18/07/2012,,16.33431,119.95731,A3,,1,Cyanobacteria,Trichodesmium sp.,CYN-Trichodesmium sp.,40
4030,2012,Jul,18,18/07/2012,,16.36011,119.93375,A1,,1,Diatom,Pleurosigma spp.,D-Pleurosigma spp.,20
4031,2012,Jul,18,18/07/2012,,16.36011,119.93375,A1,,1,Silicoflagellate,Tintinopsis,SF-Tintinopsis,40
4032,2012,Jul,18,18/07/2012,,16.37052,119.94857,W10,,1,Diatom,Cylindricotheca closterium,D-Cylindricotheca closterium,20
4033,2012,Jul,18,18/07/2012,,16.37052,119.94857,W10,,1,Diatom,Navicula spp.,D-Navicula  spp.,20
4034,2012,Jul,18,18/07/2012,,16.37052,119.94857,W10,,1,Diatom,Thalassiosira spp.,D-Thalassiosira spp.,40
4035,2012,Jul,18,18/07/2012,,16.37052,119.94857,W10,,1,Silicoflagellate,Tintinopsis,SF-Tintinopsis,240
4036,2012,Jul,18,18/07/2012,,16.37073,119.93401,W3,,1,Diatom,Chaetoceros spp.,D-Chaetoceros spp.,20
4037,2012,Jul,18,18/07/2012,,16.37073,119.93401,W3,,1,Diatom,Cylindricotheca closterium,D-Cylindricotheca closterium,20
4038,2012,Jul,18,18/07/2012,,16.37073,119.93401,W3,,1,Diatom,Thalassiosira spp.,D-Thalassiosira spp.,40
4039,2012,Jul,18,18/07/2012,,16.37073,119.93401,W3,,1,Silicoflagellate,Dictyocha sp.,SF-Dictyocha sp.,20
4040,2012,Jul,18,18/07/2012,,16.37073,119.93401,W3,,NB,Diatom,Chaetoceros spp.,D-Chaetoceros spp.,20
4041,2012,Jul,18,18/07/2012,,16.37073,119.93401,W3,,NB,Diatom,Navicula spp.,D-Navicula  spp.,20
4042,2012,Jul,18,18/07/2012,,16.37073,119.93401,W3,,NB,Diatom,Pleurosigma spp.,D-Pleurosigma spp.,20
4043,2012,Jul,18,18/07/2012,,16.37073,119.93401,W3,,NB,Diatom,Thalassiosira spp.,D-Thalassiosira spp.,20
4044,2012,Jul,18,18/07/2012,,16.34927,119.94606,W1,,1,Diatom,Cylindricotheca closterium,D-Cylindricotheca closterium,20
4045,2012,Jul,18,18/07/2012,,16.34927,119.94606,W1,,1,Diatom,Thalassiosira spp.,D-Thalassiosira spp.,80
4046,2012,Jul,18,18/07/2012,,16.34927,119.94606,W1,,1,Dinoflagellate,Prorocentrum lima,DF-Prorocentrum lima,20
4047,2012,Jul,18,18/07/2012,,16.34927,119.94606,W1,,1,Dinoflagellate,Prorocentrum micans,DF-Prorocentrum micans,260
4048,2012,Jul,18,18/07/2012,,16.33366,119.93322,A2,,1,Diatom,Chaetoceros spp.,D-Chaetoceros spp.,20
4049,2012,Jul,18,18/07/2012,,16.33366,119.93322,A2,,1,Diatom,Thalassiosira spp.,D-Thalassiosira spp.,20
4050,2012,Jul,18,18/07/2012,,16.38326,119.92616,W11,,1,Diatom,Coscinodiscus spp.,D-Coscinodiscus spp.,60
4051,2012,Jul,18,18/07/2012,,16.38326,119.92616,W11,,1,Diatom,Thalassiosira spp.,D-Thalassiosira spp.,60
4052,2012,Jul,18,18/07/2012,,16.38326,119.92616,W11,,1,Dinoflagellate,Gymnodinium catenatum,DF-Gymnodinium catenatum,20
4053,2012,Jul,18,18/07/2012,,16.38326,119.92616,W11,,1,Dinoflagellate,Prorocentrum micans,DF-Prorocentrum micans,20
4054,2012,Jul,18,18/07/2012,,16.39578,119.90667,RVA3,,1,Diatom,Chaetoceros spp.,D-Chaetoceros spp.,20
4055,2012,Jul,18,18/07/2012,,16.39578,119.90667,RVA3,,1,Diatom,Navicula spp.,D-Navicula  spp.,20
4056,2012,Jul,18,18/07/2012,,16.39578,119.90667,RVA3,,1,Diatom,Pseudonitzschia spp.,D-Pseudonitzschia spp.,60
4057,2012,Jul,18,18/07/2012,,16.39578,119.90667,RVA3,,1,Dinoflagellate,Ceratium furca,DF-Ceratium furca,120
4058,2012,Jul,18,18/07/2012,,16.39578,119.90667,RVA3,,NB,Diatom,Nitzschia spp.,D-Nitzschia spp.,300
4059,2012,Jul,18,18/07/2012,,16.39578,119.90667,RVA3,,NB,Diatom,Pleurosigma spp.,D-Pleurosigma spp.,9780
4060,2012,Jul,18,18/07/2012,,16.39578,119.90667,RVA3,,NB,Diatom,Thalassionema spp.,D-Thalassionema spp.,80
4061,2012,Jul,18,18/07/2012,,16.39578,119.90667,RVA3,,NB,Diatom,Thalassiosira spp.,D-Thalassiosira spp.,40
4062,2012,Jul,18,18/07/2012,,16.39578,119.90667,RVA3,,NB,Dinoflagellate,Lingulodinium polyedra,DF-Lingulodinium polyedra,200
4063,2012,Jul,18,18/07/2012,,16.30944,119.92063,TS1,,1,Diatom,Coscinodiscus spp.,D-Coscinodiscus spp.,20
4064,2012,Jul,18,18/07/2012,,16.30944,119.92063,TS1,,1,Diatom,Rhizosolenia spp.,D-Rhizosolenia spp.,20
4065,2012,Jul,18,18/07/2012,,16.30944,119.92063,TS1,,NB,Diatom,Nitzschia spp.,D-Nitzschia spp.,40
4066,2012,Jul,18,18/07/2012,,16.30944,119.92063,TS1,,NB,Diatom,Thalassionema spp.,D-Thalassionema spp.,20
4067,2012,Jul,18,18/07/2012,,16.30944,119.92063,TS1,,NB,Diatom,Thalassiosira spp.,D-Thalassiosira spp.,40
4068,2012,Jul,18,18/07/2012,,16.28459,119.92285,A4,,1,Diatom,Guinardia,D-Guinardia,40
4069,2012,Jul,18,18/07/2012,,16.28459,119.92285,A4,,1,Diatom,Haslea sp.,D-Haslea sp.,20
4070,2012,Jul,18,18/07/2012,,16.28459,119.92285,A4,,1,Dinoflagellate,Gymnodinium catenatum,DF-Gymnodinium catenatum,20
4071,2012,Jul,18,18/07/2012,,16.38326,119.92616,W11,,NB,Diatom,Coscinodiscus spp.,D-Coscinodiscus spp.,40
4072,2012,Jul,18,18/07/2012,,16.38326,119.92616,W11,,NB,Diatom,Navicula spp.,D-Navicula  spp.,20
4073,2012,Jul,18,18/07/2012,,16.38326,119.92616,W11,,NB,Diatom,Pleurosigma spp.,D-Pleurosigma spp.,20
4074,2012,Jul,18,18/07/2012,,16.38326,119.92616,W11,,NB,Diatom,Thalassiosira spp.,D-Thalassiosira spp.,40
4075,2012,Jul,18,18/07/2012,,16.32003,119.93384,W8,,1,Diatom,Thalassiosira spp.,D-Thalassiosira spp.,40
4076,2012,Jul,18,18/07/2012,,16.32003,119.93384,W8,,1,Dinoflagellate,Gymnodinium sp,DF-Gymnodinium sp.,320
4077,2012,Jul,18,18/07/2012,,16.27365,119.92599,A5,,1,Diatom,Chaetoceros spp.,D-Chaetoceros spp.,20
4078,2012,Jul,18,18/07/2012,,16.27365,119.92599,A5,,1,Diatom,Helicotheca tamensis,D-Helicotheca tamensis,20
4079,2012,Jul,18,18/07/2012,,16.27365,119.92599,A5,,1,Diatom,Navicula spp.,D-Navicula  spp.,40
4080,2012,Jul,18,18/07/2012,,16.27365,119.92599,A5,,1,Diatom,Thalassiosira spp.,D-Thalassiosira spp.,20
4081,2012,Sep,19,19/09/2012,,16.37073,119.93401,W3,,NB,Diatom,Coscinodiscus spp.,D-Coscinodiscus spp.,20
4082,2012,Sep,19,19/09/2012,,16.37073,119.93401,W3,,NB,Diatom,Navicula spp.,D-Navicula  spp.,20
4083,2012,Sep,19,19/09/2012,,16.37073,119.93401,W3,,NB,Dinoflagellate,Peridinium quinquecorne,DF-Peridinium quinquecorne,60
4084,2012,Sep,19,19/09/2012,,16.37073,119.93401,W3,,NB,Dinoflagellate,Prorocentrum micans,DF-Prorocentrum micans,20
4085,2012,Sep,19,19/09/2012,,16.37073,119.93401,W3,,NB,Dinoflagellate,Protoperidinium oblongum,DF-Protoperidinium oblongum,20
4086,2012,Sep,19,19/09/2012,,16.37073,119.93401,W3,,NB,Dinoflagellate,Pyrophacus ,DF-Pyrophacus,20
4087,2012,Sep,19,19/09/2012,,16.38339,119.91585,TS2,,1,Diatom,Chaetoceros spp.,D-Chaetoceros spp.,60
4088,2012,Sep,19,19/09/2012,,16.38339,119.91585,TS2,,1,Diatom,Coscinodiscus spp.,D-Coscinodiscus spp.,40
4089,2012,Sep,19,19/09/2012,,16.38339,119.91585,TS2,,1,Diatom,Guinardia,D-Guinardia,20
4090,2012,Sep,19,19/09/2012,,16.38339,119.91585,TS2,,1,Diatom,Fragilariopsis sp.,D-Fragilariopsis sp.,20
4091,2012,Sep,19,19/09/2012,,16.38339,119.91585,TS2,,1,Diatom,Navicula spp.,D-Navicula  spp.,40
4092,2012,Sep,19,19/09/2012,,16.38339,119.91585,TS2,,1,Diatom,Nitzschia spp.,D-Nitzschia spp.,80
4093,2012,Sep,19,19/09/2012,,16.38339,119.91585,TS2,,1,Diatom,Pleurosigma spp.,D-Pleurosigma spp.,20
4094,2012,Sep,19,19/09/2012,,16.38339,119.91585,TS2,,1,Diatom,Thalassionema spp.,D-Thalassionema spp.,40
4095,2012,Sep,19,19/09/2012,,16.38339,119.91585,TS2,,1,Diatom,Thalassiosira spp.,D-Thalassiosira spp.,40
4096,2012,Sep,19,19/09/2012,,16.38326,119.92616,W11,,1,Diatom,Coscinodiscus spp.,D-Coscinodiscus spp.,100
4097,2012,Sep,19,19/09/2012,,16.38326,119.92616,W11,,1,Diatom,Cylindricotheca closterium,D-Cylindricotheca closterium,20
4098,2012,Sep,19,19/09/2012,,16.38326,119.92616,W11,,1,Silicoflagellate,Ditylum sp.,SF-Ditylum sp.,40
4099,2012,Sep,19,19/09/2012,,16.38326,119.92616,W11,,1,Diatom,Pleurosigma spp.,D-Pleurosigma spp.,20
4100,2012,Sep,19,19/09/2012,,16.38326,119.92616,W11,,1,Diatom,Rhizosolenia spp.,D-Rhizosolenia spp.,20
4101,2012,Sep,19,19/09/2012,,16.38326,119.92616,W11,,1,Diatom,Skeletonema costatum,D-Skeletonema costatum,60
4102,2012,Sep,19,19/09/2012,,16.38326,119.92616,W11,,1,Diatom,Thalassionema spp.,D-Thalassionema spp.,40
4103,2012,Sep,19,19/09/2012,,16.38326,119.92616,W11,,1,Dinoflagellate,Protoperidinium pallidum,DF-Protoperidinium pallidum,40
4104,2012,Sep,19,19/09/2012,,16.35572,119.93677,LJC9,,1,Diatom,Chaetoceros spp.,D-Chaetoceros spp.,100
4105,2012,Sep,19,19/09/2012,,16.35572,119.93677,LJC9,,1,Diatom,Coscinodiscus spp.,D-Coscinodiscus spp.,40
4106,2012,Sep,19,19/09/2012,,16.35572,119.93677,LJC9,,1,Diatom,Cylindricotheca closterium,D-Cylindricotheca closterium,20
4107,2012,Sep,19,19/09/2012,,16.35572,119.93677,LJC9,,1,Diatom,Navicula spp.,D-Navicula  spp.,160
4108,2012,Sep,19,19/09/2012,,16.35572,119.93677,LJC9,,1,Diatom,Pleurosigma spp.,D-Pleurosigma spp.,20
4109,2012,Sep,19,19/09/2012,,16.35572,119.93677,LJC9,,1,Diatom,Rhizosolenia spp.,D-Rhizosolenia spp.,100
4110,2012,Sep,19,19/09/2012,,16.35572,119.93677,LJC9,,1,Diatom,Skeletonema costatum,D-Skeletonema costatum,120
4111,2012,Sep,19,19/09/2012,,16.35572,119.93677,LJC9,,1,Diatom,Helicotheca tamensis,D-Helicotheca tamensis,20
4112,2012,Sep,19,19/09/2012,,16.35572,119.93677,LJC9,,1,Diatom,Thalassiosira spp.,D-Thalassiosira spp.,40
4113,2012,Sep,19,19/09/2012,,16.35572,119.93677,LJC9,,1,Diatom,Thalassiosira spp.,D-Thalassiosira spp.,20
4114,2012,Sep,19,19/09/2012,,16.35572,119.93677,LJC9,,1,Dinoflagellate,Prorocentrum lima,DF-Prorocentrum lima,20
4115,2012,Sep,19,19/09/2012,,16.37073,119.93401,W3,,1,Diatom,Chaetoceros spp.,D-Chaetoceros spp.,220
4116,2012,Sep,19,19/09/2012,,16.37073,119.93401,W3,,1,Diatom,Skeletonema costatum,D-Skeletonema costatum,40
4117,2012,Sep,19,19/09/2012,,16.37073,119.93401,W3,,1,Diatom,Helicotheca tamensis,D-Helicotheca tamensis,40
4118,2012,Sep,19,19/09/2012,,16.37073,119.93401,W3,,1,Diatom,Thalassiosira spp.,D-Thalassiosira spp.,20
4119,2012,Sep,19,19/09/2012,,16.39578,119.90667,RVA3,,NB,Diatom,Chaetoceros spp.,D-Chaetoceros spp.,220
4120,2012,Sep,19,19/09/2012,,16.39578,119.90667,RVA3,,NB,Diatom,Skeletonema costatum,D-Skeletonema costatum,40
4121,2012,Sep,19,19/09/2012,,16.39578,119.90667,RVA3,,NB,Diatom,Helicotheca tamensis,D-Helicotheca tamensis,40
4122,2012,Sep,19,19/09/2012,,16.39578,119.90667,RVA3,,NB,Diatom,Thalassiosira spp.,D-Thalassiosira spp.,20
4123,2012,Sep,19,19/09/2012,,16.39578,119.90667,RVA3,,NB,Dinoflagellate,Protoperidinium pallidum,DF-Protoperidinium pallidum,20
4124,2012,Sep,19,19/09/2012,,16.36011,119.93375,A1,,1,Silicoflagellate,Ditylum sp.,SF-Ditylum sp.,60
4125,2012,Sep,19,19/09/2012,,16.36011,119.93375,A1,,1,Diatom,Helicotheca tamensis,D-Helicotheca tamensis,20
4126,2012,Sep,19,19/09/2012,,16.36011,119.93375,A1,,1,Diatom,Navicula spp.,D-Navicula  spp.,80
4127,2012,Sep,19,19/09/2012,,16.36011,119.93375,A1,,1,Diatom,Nitzschia spp.,D-Nitzschia spp.,20
4128,2012,Sep,19,19/09/2012,,16.36011,119.93375,A1,,1,Diatom,Pleurosigma spp.,D-Pleurosigma spp.,180
4129,2012,Sep,19,19/09/2012,,16.36011,119.93375,A1,,1,Diatom,Rhizosolenia spp.,D-Rhizosolenia spp.,820
4130,2012,Sep,19,19/09/2012,,16.36011,119.93375,A1,,1,Diatom,Thalassionema spp.,D-Thalassionema spp.,60
4131,2012,Sep,19,19/09/2012,,16.36011,119.93375,A1,,1,Diatom,Thalassiosira spp.,D-Thalassiosira spp.,60
4132,2012,Sep,19,19/09/2012,,16.36011,119.93375,A1,,1,Dinoflagellate,Gymnodinium sp,DF-Gymnodinium sp.,20
4133,2012,Sep,19,19/09/2012,,16.36011,119.93375,A1,,1,Dinoflagellate,Protoperidinium conicum,DF-Protoperidinium conicum,680
4134,2012,Sep,19,19/09/2012,,16.37073,119.93401,W3,,1,Dinoflagellate,Protoperidinium pallidum,DF-Protoperidinium pallidum,20
4135,2012,Sep,19,19/09/2012,,16.33366,119.93322,A2,,1,Diatom,Cerataulina,D-Chaetoceros spp.,8
4136,2012,Sep,19,19/09/2012,,16.33366,119.93322,A2,,1,Diatom,Coscinodiscus spp.,D-Coscinodiscus spp.,4
4137,2012,Sep,19,19/09/2012,,16.33366,119.93322,A2,,1,Dinoflagellate,Diplopsalis spp.,DF-Diplopsalis spp.,22
4138,2012,Sep,19,19/09/2012,,16.33366,119.93322,A2,,1,Dinoflagellate,Gyrodinium spirale,DF-Gyrodinium spirale,14
4139,2012,Sep,19,19/09/2012,,16.33366,119.93322,A2,,1,Diatom,Leptocylindrus spp.,D-Leptocylindrus spp.,12
4140,2012,Sep,19,19/09/2012,,16.33366,119.93322,A2,,1,Diatom,Navicula spp.,D-Navicula  spp.,32
4141,2012,Sep,19,19/09/2012,,16.33366,119.93322,A2,,1,Diatom,Pleurosigma spp.,D-Pleurosigma spp.,4
4142,2012,Sep,19,19/09/2012,,16.33366,119.93322,A2,,1,Dinoflagellate,Protoperidinium pellucidum,DF-Protoperidinium pellucidum,6
4143,2012,Sep,19,19/09/2012,,16.33366,119.93322,A2,,1,Dinoflagellate,Protoperidinium spp.,DF-Protoperidinium spp.,4
4144,2012,Sep,19,19/09/2012,,16.33366,119.93322,A2,,1,Dinoflagellate,Protoperidnium pallidum,DF-Protoperidnium pallidum,2
4145,2012,Sep,19,19/09/2012,,16.33366,119.93322,A2,,1,Diatom,Pseudonitzschia spp.,D-Pseudonitzschia spp.,38
4146,2012,Sep,19,19/09/2012,,16.33366,119.93322,A2,,1,Diatom,Rhizosolenia spp.,D-Rhizosolenia spp.,14
4147,2012,Sep,19,19/09/2012,,16.33366,119.93322,A2,,1,Diatom,Skeletonema costatum,D-Skeletonema costatum,428
4148,2012,Sep,19,19/09/2012,,16.33366,119.93322,A2,,1,Diatom,Thalassiosira spp.,D-Thalassiosira spp.,16
4149,2012,Sep,19,19/09/2012,,16.33366,119.93322,A2,,1,Cyanobacteria,Trichodesmium sp.,CYN-Trichodesmium sp.,4
4150,2012,Sep,19,19/09/2012,,16.33431,119.95731,A3,,1,Dinoflagellate,Ceratium furca,DF-Ceratium furca,6
4151,2012,Sep,19,19/09/2012,,16.33431,119.95731,A3,,1,Diatom,Chaetoceros spp.,D-Chaetoceros spp.,2
4152,2012,Sep,19,19/09/2012,,16.33431,119.95731,A3,,1,Diatom,Coscinodiscus spp.,D-Coscinodiscus spp.,4
4153,2012,Sep,19,19/09/2012,,16.33431,119.95731,A3,,1,Diatom,Cymbella sp.,D-Cymbella sp.,16
4154,2012,Sep,19,19/09/2012,,16.33431,119.95731,A3,,1,Dinoflagellate,Gonyaulax sp1.,DF-Gonyaulax sp1.,4
4155,2012,Sep,19,19/09/2012,,16.33431,119.95731,A3,,1,Diatom,Helicotheca tamensis,D-Helicotheca tamensis,4
4156,2012,Sep,19,19/09/2012,,16.33431,119.95731,A3,,1,Diatom,Navicula spp.,D-Navicula  spp.,4
4157,2012,Sep,19,19/09/2012,,16.33431,119.95731,A3,,1,Diatom,Pleurosigma spp.,D-Pleurosigma spp.,20
4158,2012,Sep,19,19/09/2012,,16.33431,119.95731,A3,,1,Dinoflagellate,Protoperidnium pallidum,DF-Protoperidnium pallidum,6
4159,2012,Sep,19,19/09/2012,,16.33431,119.95731,A3,,1,Diatom,Pseudonitzschia spp.,D-Pseudonitzschia spp.,6
4160,2012,Sep,19,19/09/2012,,16.33431,119.95731,A3,,1,Diatom,Skeletonema costatum,D-Skeletonema costatum,22
4161,2012,Sep,19,19/09/2012,,16.33431,119.95731,A3,,1,Diatom,Thalassionema spp.,D-Thalassionema spp.,16
4162,2012,Sep,19,19/09/2012,,16.33431,119.95731,A3,,1,Diatom,Thalassiosira spp.,D-Thalassiosira spp.,26
4163,2012,Sep,19,19/09/2012,,16.33431,119.95731,A3,,1,Cyanobacteria,Trichodesmium sp.,CYN-Trichodesmium sp.,28
4164,2012,Sep,19,19/09/2012,,16.27365,119.92599,A5,,1,Dinoflagellate,Alexandrium spp.,DF-Alexandrium spp.,8
4165,2012,Sep,19,19/09/2012,,16.27365,119.92599,A5,,1,Dinoflagellate,Ceratium furca,DF-Ceratium furca,2
4166,2012,Sep,19,19/09/2012,,16.27365,119.92599,A5,,1,Diatom,Coscinodiscus spp.,D-Coscinodiscus spp.,4
4167,2012,Sep,19,19/09/2012,,16.27365,119.92599,A5,,1,Dinoflagellate,Diplopsalis spp.,DF-Diplopsalis spp.,6
4168,2012,Sep,19,19/09/2012,,16.27365,119.92599,A5,,1,Diatom,Leptocylindrus spp.,D-Leptocylindrus spp.,30
4169,2012,Sep,19,19/09/2012,,16.27365,119.92599,A5,,1,Dinoflagellate,Peridinium quinquecorne,DF-Peridinium quinquecorne,10
4170,2012,Sep,19,19/09/2012,,16.27365,119.92599,A5,,1,Diatom,Pleurosigma spp.,D-Pleurosigma spp.,4
4171,2012,Sep,19,19/09/2012,,16.27365,119.92599,A5,,1,Dinoflagellate,Prorocentrum micans,DF-Prorocentrum micans,4
4172,2012,Sep,19,19/09/2012,,16.27365,119.92599,A5,,1,Dinoflagellate,Prorocentrum minimum,DF-Prorocentrum minimum,4
4173,2012,Sep,19,19/09/2012,,16.27365,119.92599,A5,,1,Dinoflagellate,Protoperidinium spp.,DF-Protoperidinium spp.,4
4174,2012,Sep,19,19/09/2012,,16.27365,119.92599,A5,,1,Dinoflagellate,Protoperidnium pallidum,DF-Protoperidnium pallidum,6
4175,2012,Sep,19,19/09/2012,,16.27365,119.92599,A5,,1,Diatom,Pseudonitzschia spp.,D-Pseudonitzschia spp.,10
4176,2012,Sep,19,19/09/2012,,16.27365,119.92599,A5,,1,Diatom,Skeletonema costatum,D-Skeletonema costatum,320
4177,2012,Sep,19,19/09/2012,,16.27365,119.92599,A4,,1,Dinoflagellate,Alexandrium spp.,DF-Alexandrium spp.,16
4178,2012,Sep,19,19/09/2012,,16.27365,119.92599,A4,,1,Dinoflagellate,Ceratium furca,DF-Ceratium furca,4
4179,2012,Sep,19,19/09/2012,,16.27365,119.92599,A4,,1,Diatom,Coscinodiscus spp.,D-Coscinodiscus spp.,4
4180,2012,Sep,19,19/09/2012,,16.27365,119.92599,A4,,1,Dinoflagellate,Diplopsalis spp.,DF-Diplopsalis spp.,14
4181,2012,Sep,19,19/09/2012,,16.27365,119.92599,A4,,1,Diatom,Leptocylindrus spp.,D-Leptocylindrus spp.,36
4182,2012,Sep,19,19/09/2012,,16.27365,119.92599,A4,,1,Dinoflagellate,Peridinium quinquecorne,DF-Peridinium quinquecorne,20
4183,2012,Sep,19,19/09/2012,,16.27365,119.92599,A4,,1,Diatom,Pleurosigma spp.,D-Pleurosigma spp.,32
4184,2012,Sep,19,19/09/2012,,16.27365,119.92599,A4,,1,Dinoflagellate,Prorocentrum micans,DF-Prorocentrum micans,8
4185,2012,Sep,19,19/09/2012,,16.27365,119.92599,A4,,1,Dinoflagellate,Prorocentrum minimum,DF-Prorocentrum minimum,15
4186,2012,Sep,19,19/09/2012,,16.27365,119.92599,A4,,1,Dinoflagellate,Protoperidinium spp.,DF-Protoperidinium spp.,8
4187,2012,Sep,19,19/09/2012,,16.27365,119.92599,A4,,1,Dinoflagellate,Protoperidnium pallidum,DF-Protoperidnium pallidum,21
4188,2012,Sep,19,19/09/2012,,16.27365,119.92599,A4,,1,Diatom,Pseudonitzschia spp.,D-Pseudonitzschia spp.,20
4189,2012,Sep,19,19/09/2012,,16.27365,119.92599,A4,,1,Diatom,Skeletonema costatum,D-Skeletonema costatum,411
4190,2012,Sep,19,19/09/2012,,16.30944,119.92063,TS1,,1,Diatom,Cerataulina,D-Chaetoceros spp.,4
4191,2012,Sep,19,19/09/2012,,16.30944,119.92063,TS1,,1,Diatom,Coscinodiscus spp.,D-Coscinodiscus spp.,10
4192,2012,Sep,19,19/09/2012,,16.30944,119.92063,TS1,,1,Dinoflagellate,Diplopsalis spp.,DF-Diplopsalis spp.,2
4193,2012,Sep,19,19/09/2012,,16.30944,119.92063,TS1,,1,Dinoflagellate,Gonyaulax sp1.,DF-Gonyaulax sp1.,62
4194,2012,Sep,19,19/09/2012,,16.30944,119.92063,TS1,,1,Dinoflagellate,Gyrodinium spirale,DF-Gyrodinium spirale,38
4195,2012,Sep,19,19/09/2012,,16.30944,119.92063,TS1,,1,Dinoflagellate,Karenia  mikimotoi,DF-Karenia  mikimotoi,2
4196,2012,Sep,19,19/09/2012,,16.30944,119.92063,TS1,,1,Diatom,Leptocylindrus spp.,D-Leptocylindrus spp.,228
4197,2012,Sep,19,19/09/2012,,16.30944,119.92063,TS1,,1,Diatom,Navicula spp.,D-Navicula  spp.,52
4198,2012,Sep,19,19/09/2012,,16.30944,119.92063,TS1,,1,Raphidophyte,Olithodiscus,RD-Olithodiscus,108
4199,2012,Sep,19,19/09/2012,,16.30944,119.92063,TS1,,1,Diatom,Pleurosigma spp.,D-Pleurosigma spp.,30
4200,2012,Sep,19,19/09/2012,,16.30944,119.92063,TS1,,1,Dinoflagellate,Prorocentrum micans,DF-Prorocentrum micans,8
4201,2012,Sep,19,19/09/2012,,16.30944,119.92063,TS1,,1,Dinoflagellate,Protoperidinium pellucidum,DF-Protoperidinium pellucidum,22
4202,2012,Sep,19,19/09/2012,,16.30944,119.92063,TS1,,1,Dinoflagellate,Protoperidinium spp.,DF-Protoperidinium spp.,6
4203,2012,Sep,19,19/09/2012,,16.30944,119.92063,TS1,,1,Dinoflagellate,Protoperidnium pallidum,DF-Protoperidnium pallidum,8
4204,2012,Sep,19,19/09/2012,,16.30944,119.92063,TS1,,1,Diatom,Pseudonitzschia spp.,D-Pseudonitzschia spp.,38
4205,2012,Sep,19,19/09/2012,,16.30944,119.92063,TS1,,1,Diatom,Skeletonema costatum,D-Skeletonema costatum,790
4206,2012,Sep,19,19/09/2012,,16.30944,119.92063,TS1,,1,Silicoflagellate,Tintinopsis,SF-Tintinopsis,4
4207,2012,Sep,19,19/09/2012,,16.34927,119.94606,W1,,1,Dinoflagellate,Ceratium furca,DF-Ceratium furca,6
4208,2012,Sep,19,19/09/2012,,16.34927,119.94606,W1,,1,Diatom,Chaetoceros spp.,D-Chaetoceros spp.,6
4209,2012,Sep,19,19/09/2012,,16.34927,119.94606,W1,,1,Diatom,Coscinodiscus spp.,D-Coscinodiscus spp.,1284
4210,2012,Sep,19,19/09/2012,,16.34927,119.94606,W1,,1,Diatom,Cylindricotheca closterium,D-Cylindricotheca closterium,6
4211,2012,Sep,19,19/09/2012,,16.34927,119.94606,W1,,1,Diatom,Cymbella sp.,D-Cymbella sp.,8
4212,2012,Sep,19,19/09/2012,,16.34927,119.94606,W1,,1,Diatom,Navicula spp.,D-Navicula  spp.,30
4213,2012,Sep,19,19/09/2012,,16.34927,119.94606,W1,,1,Dinoflagellate,Peridinium quinquecorne,DF-Peridinium quinquecorne,10
4214,2012,Sep,19,19/09/2012,,16.34927,119.94606,W1,,1,Diatom,Pleurosigma spp.,D-Pleurosigma spp.,90
4215,2012,Sep,19,19/09/2012,,16.34927,119.94606,W1,,1,Dinoflagellate,Prorocentrum micans,DF-Prorocentrum micans,10
4216,2012,Sep,19,19/09/2012,,16.34927,119.94606,W1,,1,Dinoflagellate,Protoperidinium spp.,DF-Protoperidinium spp.,10
4217,2012,Sep,19,19/09/2012,,16.34927,119.94606,W1,,1,Dinoflagellate,Protoperidnium pallidum,DF-Protoperidnium pallidum,2
4218,2012,Sep,19,19/09/2012,,16.34927,119.94606,W1,,1,Diatom,Pseudonitzschia spp.,D-Pseudonitzschia spp.,8
4219,2012,Sep,19,19/09/2012,,16.34927,119.94606,W1,,1,Diatom,Thalassionema spp.,D-Thalassionema spp.,32
4220,2012,Sep,19,19/09/2012,,16.34927,119.94606,W1,,1,Diatom,Thalassiosira spp.,D-Thalassiosira spp.,8
4221,2012,Sep,19,19/09/2012,,16.34927,119.94606,W1,,1,Cyanobacteria,Trichodesmium sp.,CYN-Trichodesmium sp.,18
4222,2012,Sep,19,19/09/2012,,16.33668,119.94476,W2A,,1,Dinoflagellate,Alexandrium spp.,DF-Alexandrium spp.,2
4223,2012,Sep,19,19/09/2012,,16.33668,119.94476,W2A,,1,Diatom,Chaetoceros spp.,D-Chaetoceros spp.,18
4224,2012,Sep,19,19/09/2012,,16.33668,119.94476,W2A,,1,Diatom,Cylindricotheca closterium,D-Cylindricotheca closterium,2
4225,2012,Sep,19,19/09/2012,,16.33668,119.94476,W2A,,1,Diatom,Coscinodiscus spp.,D-Coscinodiscus spp.,6
4226,2012,Sep,19,19/09/2012,,16.33668,119.94476,W2A,,1,Diatom,Cymbella sp.,D-Cymbella sp.,14
4227,2012,Sep,19,19/09/2012,,16.33668,119.94476,W2A,,1,Diatom,Navicula spp.,D-Navicula  spp.,50
4228,2012,Sep,19,19/09/2012,,16.33668,119.94476,W2A,,1,Diatom,Pleurosigma spp.,D-Pleurosigma spp.,14
4229,2012,Sep,19,19/09/2012,,16.33668,119.94476,W2A,,1,Dinoflagellate,Protoperidinium pellucidum,DF-Protoperidinium pellucidum,2
4230,2012,Sep,19,19/09/2012,,16.33668,119.94476,W2A,,1,Dinoflagellate,Protoperidnium pallidum,DF-Protoperidnium pallidum,2
4231,2012,Sep,19,19/09/2012,,16.33668,119.94476,W2A,,1,Diatom,Rhizosolenia spp.,D-Rhizosolenia spp.,2
4232,2012,Sep,19,19/09/2012,,16.33668,119.94476,W2A,,1,Diatom,Thalassionema spp.,D-Thalassionema spp.,2
4233,2012,Sep,19,19/09/2012,,16.33668,119.94476,W2A,,1,Diatom,Thalassiosira spp.,D-Thalassiosira spp.,2
4234,2012,Sep,19,19/09/2012,,16.33668,119.94476,W2A,,1,Cyanobacteria,Trichodesmium sp.,CYN-Trichodesmium sp.,34
4235,2012,Sep,19,19/09/2012,,16.32003,119.93384,W8,,1,Diatom,Cerataulina,D-Chaetoceros spp.,4
4236,2012,Sep,19,19/09/2012,,16.32003,119.93384,W8,,1,Diatom,Chaetoceros spp.,D-Chaetoceros spp.,6
4237,2012,Sep,19,19/09/2012,,16.32003,119.93384,W8,,1,Diatom,Coscinodiscus spp.,D-Coscinodiscus spp.,6
4238,2012,Sep,19,19/09/2012,,16.32003,119.93384,W8,,1,Diatom,Cylindricotheca closterium,D-Cylindricotheca closterium,4
4239,2012,Sep,19,19/09/2012,,16.32003,119.93384,W8,,1,Diatom,Ditylum sp.,D-Ditylum sp.,4
4240,2012,Sep,19,19/09/2012,,16.32003,119.93384,W8,,1,Dinoflagellate,Gonyaulax sp1.,DF-Gonyaulax sp1.,16
4241,2012,Sep,19,19/09/2012,,16.32003,119.93384,W8,,1,Diatom,Leptocylindrus spp.,D-Leptocylindrus spp.,2410
4242,2012,Sep,19,19/09/2012,,16.32003,119.93384,W8,,1,Diatom,Navicula spp.,D-Navicula  spp.,32
4243,2012,Sep,19,19/09/2012,,16.32003,119.93384,W8,,1,Diatom,Pleurosigma spp.,D-Pleurosigma spp.,12
4244,2012,Sep,19,19/09/2012,,16.32003,119.93384,W8,,1,Dinoflagellate,Prorocentrum minimum,DF-Prorocentrum minimum,24
4245,2012,Sep,19,19/09/2012,,16.32003,119.93384,W8,,1,Dinoflagellate,Protoperidnium pallidum,DF-Protoperidnium pallidum,2
4246,2012,Sep,19,19/09/2012,,16.32003,119.93384,W8,,1,Diatom,Pseudonitzschia spp.,D-Pseudonitzschia spp.,44
4247,2012,Sep,19,19/09/2012,,16.32003,119.93384,W8,,1,Diatom,Rhizosolenia spp.,D-Rhizosolenia spp.,16
4248,2012,Sep,19,19/09/2012,,16.32003,119.93384,W8,,1,Diatom,Skeletonema costatum,D-Skeletonema costatum,214
4249,2012,Sep,19,19/09/2012,,16.32003,119.93384,W8,,1,Diatom,Thalassionema spp.,D-Thalassionema spp.,10
4250,2012,Sep,19,19/09/2012,,16.32003,119.93384,W8,,1,Cyanobacteria,Trichodesmium sp.,CYN-Trichodesmium sp.,10
4251,2012,Sep,19,19/09/2012,,16.34775,119.93452,W9,,1,Diatom,Coscinodiscus spp.,D-Coscinodiscus spp.,1470
4252,2012,Sep,19,19/09/2012,,16.34775,119.93452,W9,,1,Diatom,Leptocylindrus spp.,D-Leptocylindrus spp.,6
4253,2012,Sep,19,19/09/2012,,16.34775,119.93452,W9,,1,Diatom,Navicula spp.,D-Navicula  spp.,2
4254,2012,Sep,19,19/09/2012,,16.34775,119.93452,W9,,1,Dinoflagellate,Peridinium quinquecorne,DF-Peridinium quinquecorne,16
4255,2012,Sep,19,19/09/2012,,16.34775,119.93452,W9,,1,Dinoflagellate,Peridinium quinquecorne,DF-Peridinium quinquecorne,4
4256,2012,Sep,19,19/09/2012,,16.34775,119.93452,W9,,1,Cyanobacteria,Trichodesmium sp.,CYN-Trichodesmium sp.,14
4257,2012,Sep,19,19/09/2012,,16.37052,119.94857,W10,,1,Dinoflagellate,Ceratium furca,DF-Ceratium furca,4
4258,2012,Sep,19,19/09/2012,,16.37052,119.94857,W10,,1,Diatom,Cymbella sp.,D-Cymbella sp.,22
4259,2012,Sep,19,19/09/2012,,16.37052,119.94857,W10,,1,Dinoflagellate,Diplopsalis spp.,DF-Diplopsalis spp.,8
4260,2012,Sep,19,19/09/2012,,16.37052,119.94857,W10,,1,Dinoflagellate,Gonyaulax sp1.,DF-Gonyaulax sp1.,16
4261,2012,Sep,19,19/09/2012,,16.37052,119.94857,W10,,1,Dinoflagellate,Gyrodinium spirale,DF-Gyrodinium spirale,6
4262,2012,Sep,19,19/09/2012,,16.37052,119.94857,W10,,1,Diatom,Pleurosigma spp.,D-Pleurosigma spp.,2
4263,2012,Sep,19,19/09/2012,,16.37052,119.94857,W10,,1,Dinoflagellate,Protoperidinium pellucidum,DF-Protoperidinium pellucidum,14
4264,2012,Sep,19,19/09/2012,,16.37052,119.94857,W10,,1,Dinoflagellate,Protoperidnium pallidum,DF-Protoperidnium pallidum,8
4265,2012,Sep,19,19/09/2012,,16.37052,119.94857,W10,,1,Diatom,Thalassionema spp.,D-Thalassionema spp.,4
4266,2012,Sep,19,19/09/2012,,16.37052,119.94857,W10,,1,Diatom,Thalassiosira spp.,D-Thalassiosira spp.,28
4267,2012,Oct,24,24/10/2012,,16.27365,119.92599,A5,,1,Diatom,Coscinodiscus spp.,D-Coscinodiscus spp.,20
4268,2012,Oct,24,24/10/2012,,16.27365,119.92599,A5,,1,Diatom,Cylindricotheca closterium,D-Cylindricotheca closterium,20
4269,2012,Oct,24,24/10/2012,,16.27365,119.92599,A5,,1,Diatom,Navicula spp.,D-Navicula  spp.,180
4270,2012,Oct,24,24/10/2012,,16.27365,119.92599,A5,,1,Diatom,Nitzschia spp.,D-Nitzschia spp.,380
4271,2012,Oct,24,24/10/2012,,16.27365,119.92599,A5,,1,Diatom,Pleurosigma spp.,D-Pleurosigma spp.,100
4272,2012,Oct,24,24/10/2012,,16.27365,119.92599,A5,,1,Diatom,Rhizosolenia spp.,D-Rhizosolenia spp.,360
4273,2012,Oct,24,24/10/2012,,16.27365,119.92599,A5,,1,Diatom,Skeletonema costatum,D-Skeletonema costatum,1280
4274,2012,Oct,24,24/10/2012,,16.27365,119.92599,A5,,1,Diatom,Helicotheca tamensis,D-Helicotheca tamensis,140
4275,2012,Oct,24,24/10/2012,,16.27365,119.92599,A5,,1,Diatom,Thalassionema spp.,D-Thalassionema spp.,20
4276,2012,Oct,24,24/10/2012,,16.27365,119.92599,A5,,1,Diatom,Thalassiosira spp.,D-Thalassiosira spp.,20
4277,2012,Oct,24,24/10/2012,,16.27365,119.92599,A5,,1,Dinoflagellate,Peridinium quinquecorne,DF-Peridinium quinquecorne,20
4278,2012,Oct,24,24/10/2012,,16.27365,119.92599,A5,,1,Dinoflagellate,Protoperidinium depressum,DF-Protoperidinium depressum,20
4279,2012,Oct,24,24/10/2012,,16.27365,119.92599,A5,,1,Dinoflagellate,Protoperidinium divergens,DF-Protoperidinium divergens,20
4280,2012,Oct,24,24/10/2012,,16.27365,119.92599,A5,,1,Dinoflagellate,Protoperidinium oblongum,DF-Protoperidinium oblongum,40
4281,2012,Oct,24,24/10/2012,,16.27365,119.92599,A5,,1,Dinoflagellate,Protoperidinium pallidum,DF-Protoperidinium pallidum,40
4282,2012,Oct,24,24/10/2012,,16.27365,119.92599,A5,,1,Dinoflagellate,Protoperidinium pellucidum,DF-Protoperidinium pellucidum,40
4283,2012,Oct,24,24/10/2012,,16.32003,119.93384,W8,,1,Diatom,Navicula spp.,D-Navicula  spp.,20
4284,2012,Oct,24,24/10/2012,,16.32003,119.93384,W8,,1,Diatom,Nitzschia spp.,D-Nitzschia spp.,60
4285,2012,Oct,24,24/10/2012,,16.32003,119.93384,W8,,1,Diatom,Rhizosolenia spp.,D-Rhizosolenia spp.,1320
4286,2012,Oct,24,24/10/2012,,16.32003,119.93384,W8,,1,Diatom,Skeletonema costatum,D-Skeletonema costatum,680
4287,2012,Oct,24,24/10/2012,,16.32003,119.93384,W8,,1,Diatom,Helicotheca tamensis,D-Helicotheca tamensis,60
4288,2012,Oct,24,24/10/2012,,16.32003,119.93384,W8,,1,Diatom,Thalassionema spp.,D-Thalassionema spp.,40
4289,2012,Oct,24,24/10/2012,,16.32003,119.93384,W8,,1,Dinoflagellate,Protoperidinium conicum,DF-Protoperidinium conicum,20
4290,2012,Oct,24,24/10/2012,,16.33668,119.94476,W2A,,1,Diatom,Chaetoceros spp.,D-Chaetoceros spp.,20
4291,2012,Oct,24,24/10/2012,,16.33668,119.94476,W2A,,1,Diatom,Coscinodiscus spp.,D-Coscinodiscus spp.,80
4292,2012,Oct,24,24/10/2012,,16.33668,119.94476,W2A,,1,Silicoflagellate,Ditylum sp.,SF-Ditylum sp.,40
4293,2012,Oct,24,24/10/2012,,16.33668,119.94476,W2A,,1,Diatom,Guinardia,D-Guinardia,20
4294,2012,Oct,24,24/10/2012,,16.33668,119.94476,W2A,,1,Diatom,Navicula spp.,D-Navicula  spp.,200
4295,2012,Oct,24,24/10/2012,,16.33668,119.94476,W2A,,1,Diatom,Nitzschia spp.,D-Nitzschia spp.,200
4296,2012,Oct,24,24/10/2012,,16.33668,119.94476,W2A,,1,Diatom,Pleurosigma spp.,D-Pleurosigma spp.,220
4297,2012,Oct,24,24/10/2012,,16.33668,119.94476,W2A,,1,Diatom,Rhizosolenia spp.,D-Rhizosolenia spp.,840
4298,2012,Oct,24,24/10/2012,,16.33668,119.94476,W2A,,1,Diatom,Skeletonema costatum,D-Skeletonema costatum,620
4299,2012,Oct,24,24/10/2012,,16.33668,119.94476,W2A,,1,Diatom,Helicotheca tamensis,D-Helicotheca tamensis,280
4300,2012,Oct,24,24/10/2012,,16.33668,119.94476,W2A,,1,Diatom,Thalassiosira spp.,D-Thalassiosira spp.,120
4301,2012,Oct,24,24/10/2012,,16.33668,119.94476,W2A,,1,Dinoflagellate,Gonyaulax spinifera,DF-Gonyaulax spinifera,40
4302,2012,Oct,24,24/10/2012,,16.33668,119.94476,W2A,,1,Dinoflagellate,Gymnodinium sp,DF-Gymnodinium sp.,20
4303,2012,Oct,24,24/10/2012,,16.33668,119.94476,W2A,,1,Dinoflagellate,Prorocentrum micans,DF-Prorocentrum micans,80
4304,2012,Oct,24,24/10/2012,,16.33668,119.94476,W2A,,1,Dinoflagellate,Protoperidinium conicum,DF-Protoperidinium conicum,160
4305,2012,Oct,24,24/10/2012,,16.33668,119.94476,W2A,,1,Dinoflagellate,Protoperidinium oblongum,DF-Protoperidinium oblongum,20
4306,2012,Oct,24,24/10/2012,,16.33668,119.94476,W2A,,1,Dinoflagellate,Protoperidinium pallidum,DF-Protoperidinium pallidum,20
4307,2012,Oct,24,24/10/2012,,16.33668,119.94476,W2A,,1,Dinoflagellate,Protoperidinium pellucidum,DF-Protoperidinium pellucidum,20
4308,2012,Oct,24,24/10/2012,,16.37073,119.93401,W3,,1,Diatom,Rhizosolenia spp.,D-Rhizosolenia spp.,560
4309,2012,Oct,24,24/10/2012,,16.37073,119.93401,W3,,1,Dinoflagellate,Diplopsalis spp.,DF-Diplopsalis spp.,20
4310,2012,Oct,24,24/10/2012,,16.37073,119.93401,W3,,1,Dinoflagellate,Protoperidinium conicum,DF-Protoperidinium conicum,60
4311,2012,Oct,24,24/10/2012,,16.37073,119.93401,W3,,1,Dinoflagellate,Protoperidinium divergens,DF-Protoperidinium divergens,20
4312,2012,Oct,24,24/10/2012,,16.37073,119.93401,W3,,1,Dinoflagellate,Protoperidinium pallidum,DF-Protoperidinium pallidum,20
4313,2012,Oct,24,24/10/2012,,16.37052,119.94857,W10,,1,Dinoflagellate,Protoperidinium pallidum,DF-Protoperidinium pallidum,40
4314,2012,Oct,24,24/10/2012,,16.37052,119.94857,W10,,1,Dinoflagellate,Protoperidinium pellucidum,DF-Protoperidinium pellucidum,20
4315,2012,Oct,24,24/10/2012,,16.37073,119.93401,W3,,NB,Diatom,Chaetoceros spp.,D-Chaetoceros spp.,80
4316,2012,Oct,24,24/10/2012,,16.37073,119.93401,W3,,NB,Diatom,Navicula spp.,D-Navicula  spp.,20
4317,2012,Oct,24,24/10/2012,,16.37073,119.93401,W3,,NB,Diatom,Rhizosolenia spp.,D-Rhizosolenia spp.,1280
4318,2012,Oct,24,24/10/2012,,16.37073,119.93401,W3,,NB,Diatom,Skeletonema costatum,D-Skeletonema costatum,60
4319,2012,Oct,24,24/10/2012,,16.37073,119.93401,W3,,NB,Dinoflagellate,Protoperidinium grande,DF-Protoperidinium grande,60
4320,2012,Oct,24,24/10/2012,,16.37073,119.93401,W3,,NB,Dinoflagellate,Protoperidinium conicum,DF-Protoperidinium conicum,80
4321,2012,Oct,24,24/10/2012,,16.38326,119.92616,W11,,NB,Diatom,Chaetoceros spp.,D-Chaetoceros spp.,160
4322,2012,Oct,24,24/10/2012,,16.38326,119.92616,W11,,NB,Diatom,Guinardia,D-Guinardia,20
4323,2012,Oct,24,24/10/2012,,16.38326,119.92616,W11,,NB,Diatom,Navicula spp.,D-Navicula  spp.,20
4324,2012,Oct,24,24/10/2012,,16.38326,119.92616,W11,,NB,Diatom,Rhizosolenia spp.,D-Rhizosolenia spp.,220
4325,2012,Oct,24,24/10/2012,,16.38326,119.92616,W11,,NB,Diatom,Skeletonema costatum,D-Skeletonema costatum,180
4326,2012,Oct,24,24/10/2012,,16.38326,119.92616,W11,,NB,Diatom,Helicotheca tamensis,D-Helicotheca tamensis,20
4327,2012,Oct,24,24/10/2012,,16.38326,119.92616,W11,,NB,Dinoflagellate,Prorocentrum lima,DF-Prorocentrum lima,40
4328,2012,Oct,24,24/10/2012,,16.38326,119.92616,W11,,NB,Dinoflagellate,Protoperidinium grande,DF-Protoperidinium grande,20
4329,2012,Oct,24,24/10/2012,,16.38326,119.92616,W11,,NB,Dinoflagellate,Protoperidinium conicum,DF-Protoperidinium conicum,40
4330,2012,Oct,24,24/10/2012,,16.38326,119.92616,W11,,NB,Dinoflagellate,Protoperidinium pallidum,DF-Protoperidinium pallidum,40
4331,2012,Oct,24,24/10/2012,,16.38326,119.92616,W11,,NB,Dinoflagellate,Protoperidinium pellucidum,DF-Protoperidinium pellucidum,20
4332,2012,Oct,24,24/10/2012,,16.35572,119.93677,LJC9,,1,Diatom,Chaetoceros spp.,D-Chaetoceros spp.,60
4333,2012,Oct,24,24/10/2012,,16.37052,119.94857,W10,,1,Diatom,Cylindricotheca closterium,D-Cylindricotheca closterium,60
4334,2012,Oct,24,24/10/2012,,16.35572,119.93677,LJC9,,1,Silicoflagellate,Ditylum sp.,SF-Ditylum sp.,80
4335,2012,Oct,24,24/10/2012,,16.37052,119.94857,W10,,1,Diatom,Navicula spp.,D-Navicula  spp.,480
4336,2012,Oct,24,24/10/2012,,16.35572,119.93677,LJC9,,1,Diatom,Pleurosigma spp.,D-Pleurosigma spp.,20
4337,2012,Oct,24,24/10/2012,,16.37052,119.94857,W10,,1,Diatom,Pleurosigma spp.,D-Pleurosigma spp.,240
4338,2012,Oct,24,24/10/2012,,16.35572,119.93677,LJC9,,1,Diatom,Rhizosolenia spp.,D-Rhizosolenia spp.,740
4339,2012,Oct,24,24/10/2012,,16.37052,119.94857,W10,,1,Diatom,Rhizosolenia spp.,D-Rhizosolenia spp.,1020
4340,2012,Oct,24,24/10/2012,,16.35572,119.93677,LJC9,,1,Diatom,Skeletonema costatum,D-Skeletonema costatum,140
4341,2012,Oct,24,24/10/2012,,16.37052,119.94857,W10,,1,Dinoflagellate,Alexandrium spp.,DF-Alexandrium spp.,100
4342,2012,Oct,24,24/10/2012,,16.35572,119.93677,LJC9,,1,Diatom,Helicotheca tamensis,D-Helicotheca tamensis,20
4343,2012,Oct,24,24/10/2012,,16.37052,119.94857,W10,,1,Dinoflagellate,Dinophysis caudata,DF-Dinophysis caudata,40
4344,2012,Oct,24,24/10/2012,,16.35572,119.93677,LJC9,,1,Dinoflagellate,Alexandrium spp.,DF-Alexandrium spp.,60
4345,2012,Oct,24,24/10/2012,,16.37052,119.94857,W10,,1,Dinoflagellate,Diplopsalis spp.,DF-Diplopsalis spp.,80
4346,2012,Oct,24,24/10/2012,,16.35572,119.93677,LJC9,,1,Dinoflagellate,Protoperidinium conicum,DF-Protoperidinium conicum,60
4347,2012,Oct,24,24/10/2012,,16.37052,119.94857,W10,,1,Dinoflagellate,Gyrodinium spp.,DF-Gyrodinium spp.,140
4348,2012,Oct,24,24/10/2012,,16.33431,119.95731,A3,,1,Silicoflagellate,Ditylum sp.,SF-Ditylum sp.,20
4349,2012,Oct,24,24/10/2012,,16.37052,119.94857,W10,,1,Dinoflagellate,Prorocentrum micans,DF-Prorocentrum micans,60
4350,2012,Oct,24,24/10/2012,,16.33431,119.95731,A3,,1,Diatom,Rhizosolenia spp.,D-Rhizosolenia spp.,2120
4351,2012,Oct,24,24/10/2012,,16.37052,119.94857,W10,,1,Dinoflagellate,Protoperidinium spp.,DF-Protoperidinium spp.,80
4352,2012,Oct,24,24/10/2012,,16.33431,119.95731,A3,,1,Diatom,Skeletonema costatum,D-Skeletonema costatum,240
4353,2012,Oct,24,24/10/2012,,16.37052,119.94857,W10,,1,Dinoflagellate,Protoperidinium grande,DF-Protoperidinium grande,20
4354,2012,Oct,24,24/10/2012,,16.33431,119.95731,A3,,1,Diatom,Helicotheca tamensis,D-Helicotheca tamensis,160
4355,2012,Oct,24,24/10/2012,,16.37052,119.94857,W10,,1,Dinoflagellate,Protoperidinium conicum,DF-Protoperidinium conicum,480
4356,2012,Oct,24,24/10/2012,,16.33431,119.95731,A3,,1,Diatom,Thalassiosira spp.,D-Thalassiosira spp.,40
4357,2012,Oct,24,24/10/2012,,16.37052,119.94857,W10,,1,Dinoflagellate,Protoperidinium divergens,DF-Protoperidinium divergens,80
4358,2012,Oct,24,24/10/2012,,16.33431,119.95731,A3,,1,Dinoflagellate,Ceratium furca,DF-Ceratium furca,40
4359,2012,Oct,24,24/10/2012,,16.37052,119.94857,W10,,1,Dinoflagellate,Protoperidinium oblongum,DF-Protoperidinium oblongum,80
4360,2012,Oct,24,24/10/2012,,16.33431,119.95731,A3,,1,Dinoflagellate,Dinophysis caudata,DF-Dinophysis caudata,40
4361,2012,Oct,24,24/10/2012,,16.33431,119.95731,A3,,1,Dinoflagellate,Diplopsalis spp.,DF-Diplopsalis spp.,20
4362,2012,Oct,24,24/10/2012,,16.33431,119.95731,A3,,1,Dinoflagellate,Akashiwo sanguinea,DF-Akashiwo sanguinea,20
4363,2012,Oct,24,24/10/2012,,16.33431,119.95731,A3,,1,Dinoflagellate,Gyrodinium spp.,DF-Gyrodinium spp.,100
4364,2012,Oct,24,24/10/2012,,16.33431,119.95731,A3,,1,Dinoflagellate,Prorocentrum micans,DF-Prorocentrum micans,100
4365,2012,Oct,24,24/10/2012,,16.33431,119.95731,A3,,1,Dinoflagellate,Protoperidinium grande,DF-Protoperidinium grande,40
4366,2012,Oct,24,24/10/2012,,16.33431,119.95731,A3,,1,Dinoflagellate,Protoperidinium conicum,DF-Protoperidinium conicum,160
4367,2012,Oct,24,24/10/2012,,16.33431,119.95731,A3,,1,Dinoflagellate,Protoperidinium oblongum,DF-Protoperidinium oblongum,120
4368,2012,Oct,24,24/10/2012,,16.33431,119.95731,A3,,1,Dinoflagellate,Protoperidinium pallidum,DF-Protoperidinium pallidum,40
4369,2012,Oct,24,24/10/2012,,16.33431,119.95731,A3,,1,Dinoflagellate,Protoperidinium pellucidum,DF-Protoperidinium pellucidum,60
4370,2012,Oct,24,24/10/2012,,16.30944,119.92063,TS1,,1,Diatom,Coscinodiscus spp.,D-Coscinodiscus spp.,20
4371,2012,Oct,24,24/10/2012,,16.30944,119.92063,TS1,,1,Diatom,Navicula spp.,D-Navicula  spp.,20
4372,2012,Oct,24,24/10/2012,,16.30944,119.92063,TS1,,1,Diatom,Pleurosigma spp.,D-Pleurosigma spp.,20
4373,2012,Oct,24,24/10/2012,,16.30944,119.92063,TS1,,1,Diatom,Rhizosolenia spp.,D-Rhizosolenia spp.,1060
4374,2012,Oct,24,24/10/2012,,16.30944,119.92063,TS1,,1,Diatom,Skeletonema costatum,D-Skeletonema costatum,560
4375,2012,Oct,24,24/10/2012,,16.30944,119.92063,TS1,,1,Diatom,Helicotheca tamensis,D-Helicotheca tamensis,700
4376,2012,Oct,24,24/10/2012,,16.30944,119.92063,TS1,,1,Dinoflagellate,Prorocentrum lima,DF-Prorocentrum lima,20
4377,2012,Oct,24,24/10/2012,,16.30944,119.92063,TS1,,1,Dinoflagellate,Protoperidinium conicum,DF-Protoperidinium conicum,40
4378,2012,Oct,24,24/10/2012,,16.30944,119.92063,TS1,,NB,Diatom,Chaetoceros spp.,D-Chaetoceros spp.,20
4379,2012,Oct,24,24/10/2012,,16.30944,119.92063,TS1,,NB,Diatom,Nitzschia spp.,D-Nitzschia spp.,500
4380,2012,Oct,24,24/10/2012,,16.30944,119.92063,TS1,,NB,Diatom,Odontella spp.,D-Odontella spp.,40
4381,2012,Oct,24,24/10/2012,,16.30944,119.92063,TS1,,NB,Diatom,Pleurosigma spp.,D-Pleurosigma spp.,60
4382,2012,Oct,24,24/10/2012,,16.30944,119.92063,TS1,,NB,Diatom,Rhizosolenia spp.,D-Rhizosolenia spp.,620
4383,2012,Oct,24,24/10/2012,,16.30944,119.92063,TS1,,NB,Diatom,Skeletonema costatum,D-Skeletonema costatum,840
4384,2012,Oct,24,24/10/2012,,16.30944,119.92063,TS1,,NB,Diatom,Helicotheca tamensis,D-Helicotheca tamensis,1380
4385,2012,Oct,24,24/10/2012,,16.30944,119.92063,TS1,,NB,Diatom,Thalassiosira spp.,D-Thalassiosira spp.,20
4386,2012,Oct,24,24/10/2012,,16.30944,119.92063,TS1,,NB,Dinoflagellate,Dinophysis caudata,DF-Dinophysis caudata,20
4387,2012,Oct,24,24/10/2012,,16.30944,119.92063,TS1,,NB,Dinoflagellate,Prorocentrum micans,DF-Prorocentrum micans,20
4388,2012,Oct,24,24/10/2012,,16.30944,119.92063,TS1,,NB,Dinoflagellate,Protoperidinium spp.,DF-Protoperidinium spp.,20
4389,2012,Oct,24,24/10/2012,,16.30944,119.92063,TS1,,NB,Dinoflagellate,Protoperidinium conicum,DF-Protoperidinium conicum,40
4390,2012,Oct,24,24/10/2012,,16.30944,119.92063,TS1,,NB,Dinoflagellate,Protoperidinium pallidum,DF-Protoperidinium pallidum,20
4391,2012,Oct,24,24/10/2012,,16.30944,119.92063,TS1,,NB,Dinoflagellate,Protoperidinium pellucidum,DF-Protoperidinium pellucidum,40
4392,2012,Oct,24,24/10/2012,,16.34775,119.93452,W9,,1,Dinoflagellate,Alexandrium spp.,DF-Alexandrium spp.,6
4393,2012,Oct,24,24/10/2012,,16.34775,119.93452,W9,,1,Diatom,Cylindricotheca closterium,D-Cylindricotheca closterium,2
4394,2012,Oct,24,24/10/2012,,16.34775,119.93452,W9,,1,Dinoflagellate,Diplopsalis spp.,DF-Diplopsalis spp.,22
4395,2012,Oct,24,24/10/2012,,16.34775,119.93452,W9,,1,Dinoflagellate,Karenia  mikimotoi,DF-Karenia  mikimotoi,4
4396,2012,Oct,24,24/10/2012,,16.34775,119.93452,W9,,1,Diatom,Leptocylindrus spp.,D-Leptocylindrus spp.,16
4397,2012,Oct,24,24/10/2012,,16.34775,119.93452,W9,,1,Diatom,Navicula spp.,D-Navicula  spp.,20
4398,2012,Oct,24,24/10/2012,,16.34775,119.93452,W9,,1,Dinoflagellate,Peridinium quinquecorne,DF-Peridinium quinquecorne,4
4399,2012,Oct,24,24/10/2012,,16.34775,119.93452,W9,,1,Diatom,Pinnularia,D-Pinnularia,2
4400,2012,Oct,24,24/10/2012,,16.34775,119.93452,W9,,1,Diatom,Pleurosigma spp.,D-Pleurosigma spp.,30
4401,2012,Oct,24,24/10/2012,,16.34775,119.93452,W9,,1,Dinoflagellate,Prorocentrum minimum,DF-Prorocentrum minimum,8
4402,2012,Oct,24,24/10/2012,,16.34775,119.93452,W9,,1,Dinoflagellate,Prorocentrum micans,DF-Prorocentrum micans,12
4403,2012,Oct,24,24/10/2012,,16.34775,119.93452,W9,,1,Dinoflagellate,Prorocentrum minimum,DF-Prorocentrum minimum,16
4404,2012,Oct,24,24/10/2012,,16.34775,119.93452,W9,,1,Dinoflagellate,Protoperidinium ocenaicum,DF-Protoperidinium ocenaicum,6
4405,2012,Oct,24,24/10/2012,,16.34775,119.93452,W9,,1,Dinoflagellate,Protoperidinium spp.,DF-Protoperidinium spp.,22
4406,2012,Oct,24,24/10/2012,,16.34775,119.93452,W9,,1,Diatom,Rhizosolenia spp.,D-Rhizosolenia spp.,28
4407,2012,Oct,24,24/10/2012,,16.34775,119.93452,W9,,1,Diatom,Skeletonema costatum,D-Skeletonema costatum,13889
4408,2012,Oct,24,24/10/2012,,16.34775,119.93452,W9,,1,Diatom,Thalassionema spp.,D-Thalassionema spp.,2
4409,2012,Oct,24,24/10/2012,,16.34775,119.93452,W9,,1,Diatom,Thalassiosira spp.,D-Thalassiosira spp.,26
4410,2012,Oct,24,24/10/2012,,16.34775,119.93452,A2,,1,Dinoflagellate,Alexandrium spp.,DF-Alexandrium spp.,12
4411,2012,Oct,24,24/10/2012,,16.34775,119.93452,A2,,1,Diatom,Cylindricotheca closterium,D-Cylindricotheca closterium,4
4412,2012,Oct,24,24/10/2012,,16.34775,119.93452,A2,,1,Dinoflagellate,Diplopsalis spp.,DF-Diplopsalis spp.,36
4413,2012,Oct,24,24/10/2012,,16.34775,119.93452,A2,,1,Dinoflagellate,Karenia  mikimotoi,DF-Karenia  mikimotoi,2
4414,2012,Oct,24,24/10/2012,,16.34775,119.93452,A2,,1,Diatom,Leptocylindrus spp.,D-Leptocylindrus spp.,24
4415,2012,Oct,24,24/10/2012,,16.34775,119.93452,A2,,1,Diatom,Navicula spp.,D-Navicula  spp.,15
4416,2012,Oct,24,24/10/2012,,16.34775,119.93452,A2,,1,Dinoflagellate,Peridinium quinquecorne,DF-Peridinium quinquecorne,5
4417,2012,Oct,24,24/10/2012,,16.34775,119.93452,A2,,1,Diatom,Pinnularia,D-Pinnularia,5
4418,2012,Oct,24,24/10/2012,,16.34775,119.93452,A2,,1,Diatom,Pleurosigma spp.,D-Pleurosigma spp.,43
4419,2012,Oct,24,24/10/2012,,16.34775,119.93452,A2,,1,Dinoflagellate,Prorocentrum minimum,DF-Prorocentrum minimum,16
4420,2012,Oct,24,24/10/2012,,16.34775,119.93452,A2,,1,Dinoflagellate,Prorocentrum micans,DF-Prorocentrum micans,8
4421,2012,Oct,24,24/10/2012,,16.34775,119.93452,A2,,1,Dinoflagellate,Prorocentrum minimum,DF-Prorocentrum minimum,12
4422,2012,Oct,24,24/10/2012,,16.34775,119.93452,A2,,1,Dinoflagellate,Protoperidinium ocenaicum,DF-Protoperidinium ocenaicum,8
4423,2012,Oct,24,24/10/2012,,16.34775,119.93452,A2,,1,Dinoflagellate,Protoperidinium spp.,DF-Protoperidinium spp.,33
4424,2012,Oct,24,24/10/2012,,16.34775,119.93452,A2,,1,Diatom,Rhizosolenia spp.,D-Rhizosolenia spp.,54
4425,2012,Oct,24,24/10/2012,,16.34775,119.93452,A2,,1,Diatom,Skeletonema costatum,D-Skeletonema costatum,12345
4426,2012,Oct,24,24/10/2012,,16.34775,119.93452,A2,,1,Diatom,Thalassionema spp.,D-Thalassionema spp.,4
4427,2012,Oct,24,24/10/2012,,16.34775,119.93452,A2,,1,Diatom,Thalassiosira spp.,D-Thalassiosira spp.,34
4428,2012,Oct,24,24/10/2012,,16.33668,119.94476,W2A,,1,Dinoflagellate,Alexandrium spp.,DF-Alexandrium spp.,6
4429,2012,Oct,24,24/10/2012,,16.33668,119.94476,W2A,,1,Diatom,Coscinodiscus spp.,D-Coscinodiscus spp.,16
4430,2012,Oct,24,24/10/2012,,16.33668,119.94476,W2A,,1,Diatom,Cylindricotheca closterium,D-Cylindricotheca closterium,2
4431,2012,Oct,24,24/10/2012,,16.33668,119.94476,W2A,,1,Diatom,Cymbella sp.,D-Cymbella sp.,20
4432,2012,Oct,24,24/10/2012,,16.33668,119.94476,W2A,,1,Dinoflagellate,Diplopsalis spp.,DF-Diplopsalis spp.,10
4433,2012,Oct,24,24/10/2012,,16.33668,119.94476,W2A,,1,Diatom,Helicotheca tamensis,D-Helicotheca tamensis,34
4434,2012,Oct,24,24/10/2012,,16.33668,119.94476,W2A,,1,Diatom,Leptocylindrus spp.,D-Leptocylindrus spp.,4500
4435,2012,Oct,24,24/10/2012,,16.33668,119.94476,W2A,,1,Diatom,Melosira,D-Melosira,4
4436,2012,Oct,24,24/10/2012,,16.33668,119.94476,W2A,,1,Diatom,Navicula spp.,D-Navicula  spp.,20
4437,2012,Oct,24,24/10/2012,,16.33668,119.94476,W2A,,1,Diatom,Pleurosigma spp.,D-Pleurosigma spp.,28
4438,2012,Oct,24,24/10/2012,,16.33668,119.94476,W2A,,1,Dinoflagellate,Protoperidinium ocenaicum,DF-Protoperidinium ocenaicum,2
4439,2012,Oct,24,24/10/2012,,16.33668,119.94476,W2A,,1,Dinoflagellate,Protoperidinium spp.,DF-Protoperidinium spp.,6
4440,2012,Oct,24,24/10/2012,,16.33668,119.94476,W2A,,1,Diatom,Rhizosolenia spp.,D-Rhizosolenia spp.,32
4441,2012,Oct,24,24/10/2012,,16.33668,119.94476,W2A,,1,Diatom,Skeletonema costatum,D-Skeletonema costatum,12292
4442,2012,Oct,24,24/10/2012,,16.33668,119.94476,W2A,,1,Diatom,Thalassiosira spp.,D-Thalassiosira spp.,18
4443,2012,Oct,24,24/10/2012,,16.33668,119.94476,W2A,,1,Cyanobacteria,Trichodesmium sp.,CYN-Trichodesmium sp.,12
4444,2012,Oct,24,24/10/2012,,16.34927,119.94606,W1,,1,Dinoflagellate,Ceratium furca,DF-Ceratium furca,4
4445,2012,Oct,24,24/10/2012,,16.34927,119.94606,W1,,1,Diatom,Ditylum sp.,D-Ditylum sp.,4
4446,2012,Oct,24,24/10/2012,,16.34927,119.94606,W1,,1,Diatom,Navicula spp.,D-Navicula  spp.,18
4447,2012,Oct,24,24/10/2012,,16.34927,119.94606,W1,,1,Dinoflagellate,Protoperidnium depressum,DF-Protoperidnium depressum,2
4448,2012,Oct,24,24/10/2012,,16.34927,119.94606,W1,,1,Diatom,Pleurosigma spp.,D-Pleurosigma spp.,10
4449,2012,Oct,24,24/10/2012,,16.34927,119.94606,W1,,1,Dinoflagellate,Prorocentrum micans,DF-Prorocentrum micans,2
4450,2012,Oct,24,24/10/2012,,16.34927,119.94606,W1,,1,Dinoflagellate,Protoperidinium spp.,DF-Protoperidinium spp.,12
4451,2012,Oct,24,24/10/2012,,16.34927,119.94606,W1,,1,Diatom,Rhizosolenia spp.,D-Rhizosolenia spp.,8
4452,2012,Oct,24,24/10/2012,,16.34927,119.94606,W1,,1,Diatom,Skeletonema costatum,D-Skeletonema costatum,556
4453,2012,Oct,24,24/10/2012,,16.34927,119.94606,W1,,1,Diatom,Thalassionema spp.,D-Thalassionema spp.,4
4454,2012,Oct,24,24/10/2012,,16.34927,119.94606,W1,,1,Diatom,Thalassiosira spp.,D-Thalassiosira spp.,12
4455,2012,Oct,24,24/10/2012,,16.38339,119.91585,TS2,,NB,Dinoflagellate,Alexandrium spp.,DF-Alexandrium spp.,4
4456,2012,Oct,24,24/10/2012,,16.38339,119.91585,TS2,,NB,Diatom,Chaetoceros spp.,D-Chaetoceros spp.,20
4457,2012,Oct,24,24/10/2012,,16.38339,119.91585,TS2,,NB,Diatom,Cymbella sp.,D-Cymbella sp.,8
4458,2012,Oct,24,24/10/2012,,16.38339,119.91585,TS2,,NB,Diatom,Helicotheca tamensis,D-Helicotheca tamensis,6
4459,2012,Oct,24,24/10/2012,,16.38339,119.91585,TS2,,NB,Diatom,Melosira,D-Melosira,4
4460,2012,Oct,24,24/10/2012,,16.38339,119.91585,TS2,,NB,Diatom,Navicula spp.,D-Navicula  spp.,8
4461,2012,Oct,24,24/10/2012,,16.38339,119.91585,TS2,,NB,Diatom,Pleurosigma spp.,D-Pleurosigma spp.,4
4462,2012,Oct,24,24/10/2012,,16.38339,119.91585,TS2,,NB,Dinoflagellate,Prorocentrum minimum,DF-Prorocentrum minimum,4
4463,2012,Oct,24,24/10/2012,,16.38339,119.91585,TS2,,NB,Dinoflagellate,Prorocentrum lima,DF-Prorocentrum lima,4
4464,2012,Oct,24,24/10/2012,,16.38339,119.91585,TS2,,NB,Dinoflagellate,Prorocentrum micans,DF-Prorocentrum micans,6
4465,2012,Oct,24,24/10/2012,,16.38339,119.91585,TS2,,NB,Dinoflagellate,Prorocentrum minimum,DF-Prorocentrum minimum,12
4466,2012,Oct,24,24/10/2012,,16.38339,119.91585,TS2,,NB,Dinoflagellate,Protoperidinium pellucidum,DF-Protoperidinium pellucidum,2
4467,2012,Oct,24,24/10/2012,,16.38339,119.91585,TS2,,NB,Dinoflagellate,Protoperidinium spp.,DF-Protoperidinium spp.,12
4468,2012,Oct,24,24/10/2012,,16.38339,119.91585,TS2,,NB,Diatom,Skeletonema costatum,D-Skeletonema costatum,110
4469,2012,Oct,24,24/10/2012,,16.38339,119.91585,TS2,,NB,Diatom,Thalassiosira spp.,D-Thalassiosira spp.,10
4470,2012,Oct,24,24/10/2012,,16.39578,119.90667,RVA3,,1,Dinoflagellate,Alexandrium spp.,DF-Alexandrium spp.,2
4471,2012,Oct,24,24/10/2012,,16.39578,119.90667,RVA3,,1,Dinoflagellate,Prorocentrum micans,DF-Prorocentrum micans,2
4472,2012,Oct,24,24/10/2012,,16.39578,119.90667,RVA3,,1,Dinoflagellate,Prorocentrum minimum,DF-Prorocentrum minimum,2
4473,2012,Oct,24,24/10/2012,,16.39578,119.90667,RVA3,,1,Dinoflagellate,Protoperidinium latispinum,DF-Protoperidinium latispinum,4
4474,2012,Oct,24,24/10/2012,,16.39578,119.90667,RVA3,,1,Dinoflagellate,Protoperidinium spp.,DF-Protoperidinium spp.,14
4475,2012,Oct,24,24/10/2012,,16.39578,119.90667,RVA3,,1,Diatom,Skeletonema costatum,D-Skeletonema costatum,786
4476,2012,Oct,24,24/10/2012,,16.39578,119.90667,RVA3,,1,Diatom,Thalassiosira spp.,D-Thalassiosira spp.,2
4477,2012,Oct,24,24/10/2012,,16.39578,119.90667,RVA3,,1,Cyanobacteria,Trichodesmium sp.,CYN-Trichodesmium sp.,14
4478,2012,Oct,24,24/10/2012,,16.28459,119.92285,A4,,1,Diatom,Chaetoceros spp.,D-Chaetoceros spp.,10
4479,2012,Oct,24,24/10/2012,,16.28459,119.92285,A4,,1,Diatom,Cylindricotheca closterium,D-Cylindricotheca closterium,2
4480,2012,Oct,24,24/10/2012,,16.28459,119.92285,A4,,1,Diatom,Cylindricotheca closterium,D-Cylindricotheca closterium,52
4481,2012,Oct,24,24/10/2012,,16.28459,119.92285,A4,,1,Dinoflagellate,Diplopsalis spp.,DF-Diplopsalis spp.,8
4482,2012,Oct,24,24/10/2012,,16.28459,119.92285,A4,,1,Diatom,Ditylum sp.,D-Ditylum sp.,20
4483,2012,Oct,24,24/10/2012,,16.28459,119.92285,A4,,1,Diatom,Helicotheca tamensis,D-Helicotheca tamensis,14
4484,2012,Oct,24,24/10/2012,,16.28459,119.92285,A4,,1,Diatom,Leptocylindrus spp.,D-Leptocylindrus spp.,30
4485,2012,Oct,24,24/10/2012,,16.28459,119.92285,A4,,1,Diatom,Navicula spp.,D-Navicula  spp.,8
4486,2012,Oct,24,24/10/2012,,16.28459,119.92285,A4,,1,Dinoflagellate,Prorocentrum micans,DF-Prorocentrum micans,6
4487,2012,Oct,24,24/10/2012,,16.28459,119.92285,A4,,1,Dinoflagellate,Prorocentrum minimum,DF-Prorocentrum minimum,6
4488,2012,Oct,24,24/10/2012,,16.28459,119.92285,A4,,1,Diatom,Pseudonitzschia spp.,D-Pseudonitzschia spp.,74
4489,2012,Oct,24,24/10/2012,,16.28459,119.92285,A4,,1,Diatom,Rhizosolenia spp.,D-Rhizosolenia spp.,38
4490,2012,Oct,24,24/10/2012,,16.28459,119.92285,A4,,1,Diatom,Skeletonema costatum,D-Skeletonema costatum,14429
4491,2012,Oct,24,24/10/2012,,16.28459,119.92285,A4,,1,Diatom,Thalassionema spp.,D-Thalassionema spp.,28
4492,2012,Oct,24,24/10/2012,,16.28459,119.92285,A4,,1,Diatom,Thalassiosira spp.,D-Thalassiosira spp.,16
4493,2012,Oct,24,24/10/2012,,16.28459,119.92285,A4,,1,Cyanobacteria,Trichodesmium sp.,CYN-Trichodesmium sp.,10
4494,2012,Oct,24,24/10/2012,,16.36011,119.93375,A1,,1,Dinoflagellate,Alexandrium spp.,DF-Alexandrium spp.,2
4495,2012,Oct,24,24/10/2012,,16.36011,119.93375,A1,,1,Diatom,Lauderia sp.,D-Lauderia sp.,10000
4496,2012,Oct,24,24/10/2012,,16.36011,119.93375,A1,,1,Diatom,Navicula spp.,D-Navicula  spp.,12
4497,2012,Oct,24,24/10/2012,,16.36011,119.93375,A1,,1,Diatom,Pleurosigma spp.,D-Pleurosigma spp.,38
4498,2012,Oct,24,24/10/2012,,16.36011,119.93375,A1,,1,Dinoflagellate,Prorocentrum minimum,DF-Prorocentrum minimum,12
4499,2012,Oct,24,24/10/2012,,16.36011,119.93375,A1,,1,Dinoflagellate,Protoperidinium pellucidum,DF-Protoperidinium pellucidum,6
4500,2012,Oct,24,24/10/2012,,16.36011,119.93375,A1,,1,Dinoflagellate,Protoperidinium spp.,DF-Protoperidinium spp.,24
4501,2012,Oct,24,24/10/2012,,16.36011,119.93375,A1,,1,Diatom,Skeletonema costatum,D-Skeletonema costatum,26
4502,2012,Oct,24,24/10/2012,,16.36011,119.93375,A1,,1,Diatom,Thalassiosira spp.,D-Thalassiosira spp.,18
4503,2012,Nov,23,23/11/2012,,16.39578,119.90667,RVA3,,NB,Diatom,Coscinodiscus spp.,D-Coscinodiscus spp.,60
4504,2012,Nov,23,23/11/2012,,16.39578,119.90667,RVA3,,NB,Diatom,Thalassiosira spp.,D-Thalassiosira spp.,40
4505,2012,Nov,23,23/11/2012,,16.39578,119.90667,RVA3,,NB,Dinoflagellate,Dinophysis caudata,DF-Dinophysis caudata,100
4506,2012,Nov,23,23/11/2012,,16.39578,119.90667,RVA3,,NB,Dinoflagellate,Prorocentrum lima,DF-Prorocentrum lima,40
4507,2012,Nov,23,23/11/2012,,16.39578,119.90667,RVA3,,NB,Dinoflagellate,Prorocentrum micans,DF-Prorocentrum micans,20
4508,2012,Nov,23,23/11/2012,,16.39578,119.90667,RVA3,,NB,Dinoflagellate,Protoperidinium conicum,DF-Protoperidinium conicum,60
4509,2012,Nov,23,23/11/2012,,16.39578,119.90667,RVA3,,NB,Dinoflagellate,Protoperidinium oblongum,DF-Protoperidinium oblongum,20
4510,2012,Nov,23,23/11/2012,,16.39578,119.90667,RVA3,,1,Diatom,Coscinodiscus spp.,D-Coscinodiscus spp.,80
4511,2012,Nov,23,23/11/2012,,16.39578,119.90667,RVA3,,1,Diatom,Leptocylindrus spp.,D-Leptocylindrus spp.,20
4512,2012,Nov,23,23/11/2012,,16.39578,119.90667,RVA3,,1,Diatom,Pleurosigma spp.,D-Pleurosigma spp.,60
4513,2012,Nov,23,23/11/2012,,16.39578,119.90667,RVA3,,1,Diatom,Pseudonitzschia spp.,D-Pseudonitzschia spp.,20
4514,2012,Nov,23,23/11/2012,,16.39578,119.90667,RVA3,,1,Diatom,Thalassiosira spp.,D-Thalassiosira spp.,400
4515,2012,Nov,23,23/11/2012,,16.39578,119.90667,RVA3,,1,Dinoflagellate,Alexandrium spp.,DF-Alexandrium spp.,180
4516,2012,Nov,23,23/11/2012,,16.39578,119.90667,RVA3,,1,Dinoflagellate,Dinophysis fortii,DF-Dinophysis fortii,20
4517,2012,Nov,23,23/11/2012,,16.39578,119.90667,RVA3,,1,Dinoflagellate,Dinophysis norvegica,DF-Dinophysis norvegica,160
4518,2012,Nov,23,23/11/2012,,16.39578,119.90667,RVA3,,1,Dinoflagellate,Diplopsalis spp.,DF-Diplopsalis spp.,60
4519,2012,Nov,23,23/11/2012,,16.39578,119.90667,RVA3,,1,Dinoflagellate,Diplopsalis orbicularis,DF-Diplopsalis orbicularis,80
4520,2012,Nov,23,23/11/2012,,16.39578,119.90667,RVA3,,1,Dinoflagellate,Gymnodinium catenatum,DF-Gymnodinium catenatum,220
4521,2012,Nov,23,23/11/2012,,16.39578,119.90667,RVA3,,1,Dinoflagellate,Prorocentrum lima,DF-Prorocentrum lima,40
4522,2012,Nov,23,23/11/2012,,16.39578,119.90667,RVA3,,1,Dinoflagellate,Prorocentrum micans,DF-Prorocentrum micans,20
4523,2012,Nov,23,23/11/2012,,16.39578,119.90667,RVA3,,1,Dinoflagellate,Prorocentrum minimum,DF-Prorocentrum minimum,60
4524,2012,Nov,23,23/11/2012,,16.39578,119.90667,RVA3,,1,Dinoflagellate,Prorocentrum gracile,DF-Prorocentrum gracile,80
4525,2012,Nov,23,23/11/2012,,16.39578,119.90667,RVA3,,1,Dinoflagellate,Protoperidinium conicum,DF-Protoperidinium conicum,20
4526,2012,Nov,23,23/11/2012,,16.39578,119.90667,RVA3,,1,Dinoflagellate,Protoperidinium pellucidum,DF-Protoperidinium pellucidum,20
4527,2012,Nov,23,23/11/2012,,16.27365,119.92599,A5,,1,Diatom,Chaetoceros spp.,D-Chaetoceros spp.,20
4528,2012,Nov,23,23/11/2012,,16.27365,119.92599,A5,,1,Diatom,Coscinodiscus spp.,D-Coscinodiscus spp.,20
4529,2012,Nov,23,23/11/2012,,16.27365,119.92599,A5,,1,Diatom,Guinardia,D-Guinardia,840
4530,2012,Nov,23,23/11/2012,,16.27365,119.92599,A5,,1,Diatom,Nitzschia spp.,D-Nitzschia spp.,160
4531,2012,Nov,23,23/11/2012,,16.27365,119.92599,A5,,1,Diatom,Pleurosigma spp.,D-Pleurosigma spp.,40
4532,2012,Nov,23,23/11/2012,,16.27365,119.92599,A5,,1,Diatom,Rhizosolenia spp.,D-Rhizosolenia spp.,220
4533,2012,Nov,23,23/11/2012,,16.27365,119.92599,A5,,1,Diatom,Skeletonema costatum,D-Skeletonema costatum,520
4534,2012,Nov,23,23/11/2012,,16.27365,119.92599,A5,,1,Diatom,Thalassionema spp.,D-Thalassionema spp.,40
4535,2012,Nov,23,23/11/2012,,16.27365,119.92599,A5,,1,Diatom,Thalassiosira spp.,D-Thalassiosira spp.,20
4536,2012,Nov,23,23/11/2012,,16.27365,119.92599,A5,,1,Dinoflagellate,Ceratium furca,DF-Ceratium furca,20
4537,2012,Nov,23,23/11/2012,,16.27365,119.92599,A5,,1,Dinoflagellate,Gymnodinium catenatum,DF-Gymnodinium catenatum,20
4538,2012,Nov,23,23/11/2012,,16.27365,119.92599,A5,,1,Dinoflagellate,Peridinium quinquecorne,DF-Peridinium quinquecorne,60
4539,2012,Nov,23,23/11/2012,,16.27365,119.92599,A5,,1,Dinoflagellate,Protoperidinium conicum,DF-Protoperidinium conicum,20
4540,2012,Nov,23,23/11/2012,,16.27365,119.92599,A5,,1,Dinoflagellate,Protoperidinium pallidum,DF-Protoperidinium pallidum,20
4541,2012,Nov,23,23/11/2012,,16.27365,119.92599,A5,,NB,Diatom,Coscinodiscus spp.,D-Coscinodiscus spp.,160
4542,2012,Nov,23,23/11/2012,,16.27365,119.92599,A5,,NB,Diatom,Navicula spp.,D-Navicula  spp.,540
4543,2012,Nov,23,23/11/2012,,16.27365,119.92599,A5,,NB,Diatom,Pleurosigma spp.,D-Pleurosigma spp.,760
4544,2012,Nov,23,23/11/2012,,16.27365,119.92599,A5,,NB,Diatom,Pseudonitzschia spp.,D-Pseudonitzschia spp.,20
4545,2012,Nov,23,23/11/2012,,16.27365,119.92599,A5,,NB,Diatom,Skeletonema costatum,D-Skeletonema costatum,80
4546,2012,Nov,23,23/11/2012,,16.27365,119.92599,A5,,NB,Diatom,Thalassiosira spp.,D-Thalassiosira spp.,100
4547,2012,Nov,23,23/11/2012,,16.27365,119.92599,A5,,NB,Dinoflagellate,Alexandrium spp.,DF-Alexandrium spp.,80
4548,2012,Nov,23,23/11/2012,,16.27365,119.92599,A5,,NB,Dinoflagellate,Gymnodinium sp,DF-Gymnodinium sp.,400
4549,2012,Nov,23,23/11/2012,,16.27365,119.92599,A5,,NB,Dinoflagellate,Gymnodinium catenatum,DF-Gymnodinium catenatum,60
4550,2012,Nov,23,23/11/2012,,16.27365,119.92599,A5,,NB,Dinoflagellate,Prorocentrum micans,DF-Prorocentrum micans,20
4551,2012,Nov,23,23/11/2012,,16.27365,119.92599,A5,,NB,Dinoflagellate,Protoperidinium conicum,DF-Protoperidinium conicum,20
4552,2012,Nov,23,23/11/2012,,16.27365,119.92599,A5,,NB,Dinoflagellate,Protoperidinium oblongum,DF-Protoperidinium oblongum,20
4553,2012,Nov,23,23/11/2012,,16.27365,119.92599,A5,,NB,Dinoflagellate,Protoperidinium pallidum,DF-Protoperidinium pallidum,20
4554,2012,Nov,23,23/11/2012,,16.33431,119.95731,A3,,NB,Diatom,Coscinodiscus spp.,D-Coscinodiscus spp.,80
4555,2012,Nov,23,23/11/2012,,16.33431,119.95731,A3,,NB,Diatom,Cylindricotheca closterium,D-Cylindricotheca closterium,20
4556,2012,Nov,23,23/11/2012,,16.33431,119.95731,A3,,NB,Diatom,Navicula spp.,D-Navicula  spp.,60
4557,2012,Nov,23,23/11/2012,,16.33431,119.95731,A3,,NB,Diatom,Pleurosigma spp.,D-Pleurosigma spp.,200
4558,2012,Nov,23,23/11/2012,,16.33431,119.95731,A3,,NB,Diatom,Thalassiosira spp.,D-Thalassiosira spp.,160
4559,2012,Nov,23,23/11/2012,,16.33431,119.95731,A3,,NB,Dinoflagellate,Alexandrium spp.,DF-Alexandrium spp.,1620
4560,2012,Nov,23,23/11/2012,,16.33431,119.95731,A3,,NB,Dinoflagellate,Ceratium furca,DF-Ceratium furca,20
4561,2012,Nov,23,23/11/2012,,16.33431,119.95731,A3,,NB,Dinoflagellate,Dinophysis acuminata,DF-Dinophysis acuminata,40
4562,2012,Nov,23,23/11/2012,,16.33431,119.95731,A3,,NB,Dinoflagellate,Diplopsalis spp.,DF-Diplopsalis spp.,20
4563,2012,Nov,23,23/11/2012,,16.33431,119.95731,A3,,NB,Dinoflagellate,Gymnodinium sp,DF-Gymnodinium sp.,1120
4564,2012,Nov,23,23/11/2012,,16.33431,119.95731,A3,,NB,Dinoflagellate,Gymnodinium catenatum,DF-Gymnodinium catenatum,1460
4565,2012,Nov,23,23/11/2012,,16.33431,119.95731,A3,,NB,Dinoflagellate,Gyrodinium spp.,DF-Gyrodinium spp.,600
4566,2012,Nov,23,23/11/2012,,16.33431,119.95731,A3,,NB,Dinoflagellate,Prorocentrum micans,DF-Prorocentrum micans,280
4567,2012,Nov,23,23/11/2012,,16.33431,119.95731,A3,,NB,Dinoflagellate,Protoperidinium grande,DF-Protoperidinium grande,20
4568,2012,Nov,23,23/11/2012,,16.33431,119.95731,A3,,NB,Dinoflagellate,Protoperidinium conicum,DF-Protoperidinium conicum,80
4569,2012,Nov,23,23/11/2012,,16.33431,119.95731,A3,,NB,Dinoflagellate,Protoperidinium oblongum,DF-Protoperidinium oblongum,160
4570,2012,Nov,23,23/11/2012,,16.33431,119.95731,A3,,NB,Dinoflagellate,Protoperidinium pallidum,DF-Protoperidinium pallidum,100
4571,2012,Nov,23,23/11/2012,,16.33431,119.95731,A3,,NB,Dinoflagellate,Protoperidinium pellucidum,DF-Protoperidinium pellucidum,40
4572,2012,Nov,23,23/11/2012,,16.28459,119.92285,A4,,NB,Diatom,Biddulphia,D-Biddulphia,20
4573,2012,Nov,23,23/11/2012,,16.28459,119.92285,A4,,NB,Diatom,Coscinodiscus spp.,D-Coscinodiscus spp.,320
4574,2012,Nov,23,23/11/2012,,16.28459,119.92285,A4,,NB,Diatom,Navicula spp.,D-Navicula  spp.,500
4575,2012,Nov,23,23/11/2012,,16.28459,119.92285,A4,,NB,Diatom,Pleurosigma spp.,D-Pleurosigma spp.,1900
4576,2012,Nov,23,23/11/2012,,16.28459,119.92285,A4,,NB,Diatom,Rhizosolenia spp.,D-Rhizosolenia spp.,160
4577,2012,Nov,23,23/11/2012,,16.28459,119.92285,A4,,NB,Diatom,Skeletonema costatum,D-Skeletonema costatum,60
4578,2012,Nov,23,23/11/2012,,16.28459,119.92285,A4,,NB,Diatom,Surirella,D-Surirella,20
4579,2012,Nov,23,23/11/2012,,16.28459,119.92285,A4,,NB,Diatom,Thalassiosira spp.,D-Thalassiosira spp.,160
4580,2012,Nov,23,23/11/2012,,16.28459,119.92285,A4,,NB,Dinoflagellate,Alexandrium spp.,DF-Alexandrium spp.,60
4581,2012,Nov,23,23/11/2012,,16.28459,119.92285,A4,,NB,Dinoflagellate,Dinophysis fortii,DF-Dinophysis fortii,20
4582,2012,Nov,23,23/11/2012,,16.28459,119.92285,A4,,NB,Dinoflagellate,Dinophysis norvegica,DF-Dinophysis norvegica,740
4583,2012,Nov,23,23/11/2012,,16.28459,119.92285,A4,,NB,Dinoflagellate,Gymnodinium sp,DF-Gymnodinium sp.,160
4584,2012,Nov,23,23/11/2012,,16.28459,119.92285,A4,,NB,Dinoflagellate,Gymnodinium catenatum,DF-Gymnodinium catenatum,120
4585,2012,Nov,23,23/11/2012,,16.28459,119.92285,A4,,NB,Dinoflagellate,Gyrodinium spp.,DF-Gyrodinium spp.,20
4586,2012,Nov,23,23/11/2012,,16.28459,119.92285,A4,,NB,Dinoflagellate,Protoperidinium conicum,DF-Protoperidinium conicum,20
4587,2012,Nov,23,23/11/2012,,16.28459,119.92285,A4,,NB,Dinoflagellate,Protoperidinium pallidum,DF-Protoperidinium pallidum,40
4588,2012,Nov,23,23/11/2012,,16.38326,119.92616,W11,,1,Diatom,Bacteriastrum spp.,D-Bacteriastrum spp.,40
4589,2012,Nov,23,23/11/2012,,16.38326,119.92616,W11,,1,Diatom,Guinardia,D-Guinardia,100
4590,2012,Nov,23,23/11/2012,,16.38326,119.92616,W11,,1,Diatom,Rhizosolenia spp.,D-Rhizosolenia spp.,260
4591,2012,Nov,23,23/11/2012,,16.38326,119.92616,W11,,1,Dinoflagellate,Protoperidinium conicum,DF-Protoperidinium conicum,40
4592,2012,Nov,23,23/11/2012,,16.38326,119.92616,W11,,1,Dinoflagellate,Protoperidinium oblongum,DF-Protoperidinium oblongum,20
4593,2012,Nov,23,23/11/2012,,16.34775,119.93452,W9,,1,Diatom,Chaetoceros spp.,D-Chaetoceros spp.,60
4594,2012,Nov,23,23/11/2012,,16.34775,119.93452,W9,,1,Diatom,Coscinodiscus spp.,D-Coscinodiscus spp.,5680
4595,2012,Nov,23,23/11/2012,,16.34775,119.93452,W9,,1,Diatom,Guinardia,D-Guinardia,240
4596,2012,Nov,23,23/11/2012,,16.34775,119.93452,W9,,1,Diatom,Navicula spp.,D-Navicula  spp.,80
4597,2012,Nov,23,23/11/2012,,16.34775,119.93452,W9,,1,Diatom,Pleurosigma spp.,D-Pleurosigma spp.,60
4598,2012,Nov,23,23/11/2012,,16.34775,119.93452,W9,,1,Diatom,Thalassiosira spp.,D-Thalassiosira spp.,140
4599,2012,Nov,23,23/11/2012,,16.34775,119.93452,W9,,1,Dinoflagellate,Peridinium quinquecorne,DF-Peridinium quinquecorne,60
4600,2012,Nov,23,23/11/2012,,16.34775,119.93452,W9,,1,Dinoflagellate,Protoperidinium latispinum,DF-Protoperidinium latispinum,60
4601,2012,Nov,23,23/11/2012,,16.34775,119.93452,W9,,1,Dinoflagellate,Protoperidinium oblongum,DF-Protoperidinium oblongum,60
4602,2012,Nov,23,23/11/2012,,16.34775,119.93452,W9,,1,Dinoflagellate,Protoperidinium pallidum,DF-Protoperidinium pallidum,120
4603,2012,Nov,23,23/11/2012,,16.34775,119.93452,A1,,1,Diatom,Chaetoceros spp.,D-Chaetoceros spp.,80
4604,2012,Nov,23,23/11/2012,,16.34775,119.93452,A1,,1,Diatom,Coscinodiscus spp.,D-Coscinodiscus spp.,3456
4605,2012,Nov,23,23/11/2012,,16.34775,119.93452,A1,,1,Diatom,Guinardia,D-Guinardia,326
4606,2012,Nov,23,23/11/2012,,16.34775,119.93452,A1,,1,Diatom,Navicula spp.,D-Navicula  spp.,160
4607,2012,Nov,23,23/11/2012,,16.34775,119.93452,A1,,1,Diatom,Pleurosigma spp.,D-Pleurosigma spp.,70
4608,2012,Nov,23,23/11/2012,,16.34775,119.93452,A1,,1,Diatom,Thalassiosira spp.,D-Thalassiosira spp.,234
4609,2012,Nov,23,23/11/2012,,16.34775,119.93452,A1,,1,Dinoflagellate,Peridinium quinquecorne,DF-Peridinium quinquecorne,80
4610,2012,Nov,23,23/11/2012,,16.34775,119.93452,A1,,1,Dinoflagellate,Protoperidinium latispinum,DF-Protoperidinium latispinum,40
4611,2012,Nov,23,23/11/2012,,16.34775,119.93452,A1,,1,Dinoflagellate,Protoperidinium oblongum,DF-Protoperidinium oblongum,20
4612,2012,Nov,23,23/11/2012,,16.34775,119.93452,A1,,1,Dinoflagellate,Protoperidinium pallidum,DF-Protoperidinium pallidum,220
4613,2012,Nov,23,23/11/2012,,16.34775,119.93452,A2,,1,Dinoflagellate,Alexandrium spp.,DF-Alexandrium spp.,80
4614,2012,Nov,23,23/11/2012,,16.38339,119.91585,TS2,,NB,Diatom,Chaetoceros spp.,D-Chaetoceros spp.,60
4615,2012,Nov,23,23/11/2012,,16.38339,119.91585,TS2,,NB,Diatom,Eucampia spp.,D-Eucampia spp.,20
4616,2012,Nov,23,23/11/2012,,16.38339,119.91585,TS2,,NB,Diatom,Guinardia,D-Guinardia,140
4617,2012,Nov,23,23/11/2012,,16.38339,119.91585,TS2,,NB,Diatom,Pleurosigma spp.,D-Pleurosigma spp.,40
4618,2012,Nov,23,23/11/2012,,16.38339,119.91585,TS2,,NB,Diatom,Pseudonitzschia spp.,D-Pseudonitzschia spp.,20
4619,2012,Nov,23,23/11/2012,,16.38339,119.91585,TS2,,NB,Diatom,Rhizosolenia spp.,D-Rhizosolenia spp.,760
4620,2012,Nov,23,23/11/2012,,16.38339,119.91585,TS2,,NB,Dinoflagellate,Protoperidinium conicum,DF-Protoperidinium conicum,80
4621,2012,Nov,23,23/11/2012,,16.38339,119.91585,TS2,,NB,Dinoflagellate,Protoperidinium pellucidum,DF-Protoperidinium pellucidum,20
4622,2012,Nov,23,23/11/2012,,16.39578,119.90667,RVA3,,1,Diatom,Coscinodiscus spp.,D-Coscinodiscus spp.,40
4623,2012,Nov,23,23/11/2012,,16.39578,119.90667,RVA3,,1,Diatom,Pleurosigma spp.,D-Pleurosigma spp.,20
4624,2012,Nov,23,23/11/2012,,16.39578,119.90667,RVA3,,1,Diatom,Rhizosolenia spp.,D-Rhizosolenia spp.,20
4625,2012,Nov,23,23/11/2012,,16.39578,119.90667,RVA3,,1,Diatom,Skeletonema costatum,D-Skeletonema costatum,20
4626,2012,Nov,23,23/11/2012,,16.39578,119.90667,RVA3,,1,Dinoflagellate,Prorocentrum lima,DF-Prorocentrum lima,20
4627,2012,Nov,23,23/11/2012,,16.39578,119.90667,RVA3,,1,Dinoflagellate,Protoperidinium conicum,DF-Protoperidinium conicum,80
4628,2012,Nov,23,23/11/2012,,16.39578,119.90667,RVA3,,1,Dinoflagellate,Protoperidinium pellucidum,DF-Protoperidinium pellucidum,100
4629,2012,Nov,23,23/11/2012,,16.34927,119.94606,W1,,1,Diatom,Chaetoceros spp.,D-Chaetoceros spp.,20
4630,2012,Nov,23,23/11/2012,,16.34927,119.94606,W1,,1,Diatom,Guinardia,D-Guinardia,140
4631,2012,Nov,23,23/11/2012,,16.34927,119.94606,W1,,1,Diatom,Navicula spp.,D-Navicula  spp.,20
4632,2012,Nov,23,23/11/2012,,16.34927,119.94606,W1,,1,Diatom,Pleurosigma spp.,D-Pleurosigma spp.,20
4633,2012,Nov,23,23/11/2012,,16.34927,119.94606,W1,,1,Diatom,Rhizosolenia spp.,D-Rhizosolenia spp.,180
4634,2012,Nov,23,23/11/2012,,16.34927,119.94606,W1,,1,Diatom,Skeletonema costatum,D-Skeletonema costatum,40
4635,2012,Nov,23,23/11/2012,,16.34927,119.94606,W1,,1,Diatom,Thalassiosira spp.,D-Thalassiosira spp.,20
4636,2012,Nov,23,23/11/2012,,16.34927,119.94606,W1,,1,Dinoflagellate,Diplopsalis spp.,DF-Diplopsalis spp.,80
4637,2012,Nov,23,23/11/2012,,16.34927,119.94606,W1,,1,Dinoflagellate,Protoperidinium conicum,DF-Protoperidinium conicum,120
4638,2012,Nov,23,23/11/2012,,16.34927,119.94606,W1,,1,Dinoflagellate,Protoperidinium pallidum,DF-Protoperidinium pallidum,20
4639,2012,Nov,23,23/11/2012,,16.34927,119.94606,W1,,1,Dinoflagellate,Protoperidinium pellucidum,DF-Protoperidinium pellucidum,100
4640,2012,Nov,23,23/11/2012,,16.34927,119.94606,W1,,1,Dinoflagellate,Pyrophacus ,DF-Pyrophacus,20
4641,2012,Nov,23,23/11/2012,,16.37052,119.94857,W10,,1,Dinoflagellate,Akashiwo sanguinea,DF-Akashiwo sanguinea,6
4642,2012,Nov,23,23/11/2012,,16.37052,119.94857,W10,,1,Diatom,Coscinodiscus spp.,D-Coscinodiscus spp.,6
4643,2012,Nov,23,23/11/2012,,16.37052,119.94857,W10,,1,Dinoflagellate,Gonyaulax scrippsae,DF-Gonyaulax scrippsae,6
4644,2012,Nov,23,23/11/2012,,16.37052,119.94857,W10,,1,Dinoflagellate,Gonyaulax spinifera,DF-Gonyaulax spinifera,3
4645,2012,Nov,23,23/11/2012,,16.37052,119.94857,W10,,1,Dinoflagellate,Protoperidinium pellucidum,DF-Protoperidinium pellucidum,6
4646,2012,Nov,23,23/11/2012,,16.37052,119.94857,W10,,1,Dinoflagellate,Protoperidinium  pallidum,DF-Protoperidinium  pallidum,20
4647,2012,Nov,23,23/11/2012,,16.37052,119.94857,W10,,1,Diatom,Pleurosigma spp.,D-Pleurosigma spp.,17
4648,2012,Nov,23,23/11/2012,,16.37052,119.94857,W10,,1,Dinoflagellate,Prorocentrum micans,DF-Prorocentrum micans,17
4649,2012,Nov,23,23/11/2012,,16.32003,119.93384,W8,,1,Dinoflagellate,Alexandrium spp.,DF-Alexandrium spp.,11
4650,2012,Nov,23,23/11/2012,,16.32003,119.93384,W8,,1,Diatom,Coscinodiscus spp.,D-Coscinodiscus spp.,53
4651,2012,Nov,23,23/11/2012,,16.32003,119.93384,W8,,1,Dinoflagellate,Dinophysis caudata,DF-Dinophysis caudata,11
4652,2012,Nov,23,23/11/2012,,16.32003,119.93384,W8,,1,Dinoflagellate,Protoperidinium pellucidum,DF-Protoperidinium pellucidum,11
4653,2012,Nov,23,23/11/2012,,16.32003,119.93384,W8,,1,Dinoflagellate,Protoperidinium  pallidum,DF-Protoperidinium  pallidum,7
4654,2012,Nov,23,23/11/2012,,16.32003,119.93384,W8,,1,Dinoflagellate,Peridinium quinquecorne,DF-Peridinium quinquecorne,7
4655,2012,Nov,23,23/11/2012,,16.32003,119.93384,W8,,1,Dinoflagellate,Phalacroma rotundata,DF-Phalacroma rotundata,4
4656,2012,Nov,23,23/11/2012,,16.32003,119.93384,W8,,1,Dinoflagellate,Prorocentrum micans,DF-Prorocentrum micans,7
4657,2012,Nov,23,23/11/2012,,16.32003,119.93384,W8,,1,Dinoflagellate,Protoperidinium latispinum,DF-Protoperidinium latispinum,14
4658,2012,Nov,23,23/11/2012,,16.32003,119.93384,W8,,1,Dinoflagellate,Scrippsiella trochoidea,DF-Scrippsiella trochoidea,7
4659,2012,Nov,23,23/11/2012,,16.32003,119.93384,W8,,1,Diatom,Thalassiosira spp.,D-Thalassiosira spp.,7
4660,2012,Nov,23,23/11/2012,,16.37073,119.93401,W3,,1,Dinoflagellate,Alexandrium spp.,DF-Alexandrium spp.,34
4661,2012,Nov,23,23/11/2012,,16.37073,119.93401,W3,,1,Raphidophyte,Chattonnella subsalsa,RD-Chattonnella subsalsa,5
4662,2012,Nov,23,23/11/2012,,16.37073,119.93401,W3,,1,Diatom,Coscinodiscus spp.,D-Coscinodiscus spp.,5
4663,2012,Nov,23,23/11/2012,,16.37073,119.93401,W3,,1,Dinoflagellate,Dinophysis caudata,DF-Dinophysis caudata,8
4664,2012,Nov,23,23/11/2012,,16.37073,119.93401,W3,,1,Dinoflagellate,Gonyaulax scrippsae,DF-Gonyaulax scrippsae,3
4665,2012,Nov,23,23/11/2012,,16.37073,119.93401,W3,,1,Dinoflagellate,Gonyaulax spinifera,DF-Gonyaulax spinifera,3
4666,2012,Nov,23,23/11/2012,,16.37073,119.93401,W3,,1,Dinoflagellate,Protoperidinium  pallidum,DF-Protoperidinium  pallidum,2
4667,2012,Nov,23,23/11/2012,,16.37073,119.93401,W3,,1,Dinoflagellate,Phalacroma rotundata,DF-Phalacroma rotundata,2
4668,2012,Nov,23,23/11/2012,,16.37073,119.93401,W3,,1,Dinoflagellate,Prorocentrum micans,DF-Prorocentrum micans,82
4669,2012,Nov,23,23/11/2012,,16.37073,119.93401,W3,,1,Dinoflagellate,Protoperidinium latispinum,DF-Protoperidinium latispinum,7
4670,2012,Nov,23,23/11/2012,,16.37073,119.93401,W3,,1,Dinoflagellate,Scrippsiella trochoidea,DF-Scrippsiella trochoidea,19
4671,2012,Nov,23,23/11/2012,,16.37073,119.93401,W3,,1,Diatom,Thalassiosira spp.,D-Thalassiosira spp.,8
4672,2012,Nov,23,23/11/2012,,16.33668,119.94476,W2A,,1,Diatom,Coscinodiscus spp.,D-Coscinodiscus spp.,2
4673,2012,Nov,23,23/11/2012,,16.33668,119.94476,W2A,,1,Dinoflagellate,Diplopsalis spp.,DF-Diplopsalis spp.,4
4674,2012,Nov,23,23/11/2012,,16.33668,119.94476,W2A,,1,Dinoflagellate,Protoperidinium pellucidum,DF-Protoperidinium pellucidum,6
4675,2012,Nov,23,23/11/2012,,16.33668,119.94476,W2A,,1,Diatom,Pleurosigma spp.,D-Pleurosigma spp.,2
4676,2012,Nov,23,23/11/2012,,16.33668,119.94476,W2A,,1,Dinoflagellate,Alexandrium spp.,DF-Alexandrium spp.,800
4677,2012,Nov,23,23/11/2012,,16.30944,119.92063,TS1,,1,Dinoflagellate,Alexandrium spp.,DF-Alexandrium spp.,14
4678,2012,Nov,23,23/11/2012,,16.30944,119.92063,TS1,,1,Diatom,Coscinodiscus spp.,D-Coscinodiscus spp.,125
4679,2012,Nov,23,23/11/2012,,16.30944,119.92063,TS1,,1,Dinoflagellate,Protoperidinium  pallidum,DF-Protoperidinium  pallidum,10
4680,2012,Nov,23,23/11/2012,,16.30944,119.92063,TS1,,1,Dinoflagellate,Phalacroma rotundata,DF-Phalacroma rotundata,10
4681,2012,Nov,23,23/11/2012,,16.30944,119.92063,TS1,,1,Diatom,Pleurosigma spp.,D-Pleurosigma spp.,67
4682,2012,Nov,23,23/11/2012,,16.30944,119.92063,TS1,,1,Dinoflagellate,Scrippsiella trochoidea,DF-Scrippsiella trochoidea,14
4683,2012,Nov,23,23/11/2012,,16.30944,119.92063,TS1,,1,Diatom,Surirella,D-Surirella,10
4684,2012,Nov,23,23/11/2012,,16.30944,119.92063,TS1,,1,Diatom,Thalassiosira spp.,D-Thalassiosira spp.,58
4685,2012,Nov,23,23/11/2012,,,,BML9,,1,Dinoflagellate,Alexandrium spp.,DF-Alexandrium spp.,10
4686,2012,Nov,23,23/11/2012,,,,BML9,,1,Diatom,Coscinodiscus spp.,D-Coscinodiscus spp.,14
4687,2012,Nov,23,23/11/2012,,,,BML9,,1,Diatom,Pleurosigma spp.,D-Pleurosigma spp.,5
4688,2012,Nov,23,23/11/2012,,,,BML9,,1,Dinoflagellate,Scrippsiella trochoidea,DF-Scrippsiella trochoidea,10
4689,2012,Nov,23,23/11/2012,,,,BML9,,1,Diatom,Thalassiosira spp.,D-Thalassiosira spp.,5
4690,2012,Nov,23,23/11/2012,,16.34775,119.93452,A2,,1,Dinoflagellate,Alexandrium spp.,DF-Alexandrium spp.,35
4691,2012,Nov,23,23/11/2012,,16.34775,119.93452,A2,,1,Raphidophyte,Chattonnella subsalsa,RD-Chattonnella subsalsa,14
4692,2012,Nov,23,23/11/2012,,16.34775,119.93452,A2,,1,Diatom,Coscinodiscus spp.,D-Coscinodiscus spp.,57
4693,2012,Nov,23,23/11/2012,,16.34775,119.93452,A2,,1,Dinoflagellate,Dinophysis caudata,DF-Dinophysis caudata,7
4694,2012,Nov,23,23/11/2012,,16.34775,119.93452,A2,,1,Dinoflagellate,Protoperidinium pellucidum,DF-Protoperidinium pellucidum,28
4695,2012,Nov,23,23/11/2012,,16.34775,119.93452,A2,,1,Dinoflagellate,Phalacroma rotundata,DF-Phalacroma rotundata,21
4696,2012,Nov,23,23/11/2012,,16.34775,119.93452,A2,,1,Dinoflagellate,Prorocentrum micans,DF-Prorocentrum micans,42
4697,2012,Nov,23,23/11/2012,,16.34775,119.93452,A2,,1,Dinoflagellate,Protoperidinium latispinum,DF-Protoperidinium latispinum,35
4698,2012,Nov,23,23/11/2012,,16.34775,119.93452,A2,,1,Dinoflagellate,Scrippsiella trochoidea,DF-Scrippsiella trochoidea,14
4699,2013,Jan,15,15/01/2013,,16.38326,119.92616,W11,,NB,Dinoflagellate,Akashiwo sanguinea,DF-Akashiwo sanguinea,200
4700,2013,Jan,15,15/01/2013,,16.38326,119.92616,W11,,NB,Dinoflagellate,Ceratium furca,DF-Ceratium furca,480
4701,2013,Jan,15,15/01/2013,,16.38326,119.92616,W11,,NB,Raphidophyte,Chattonnella subsalsa,RD-Chattonnella subsalsa,520
4702,2013,Jan,15,15/01/2013,,16.38326,119.92616,W11,,NB,Diatom,Coscinodiscus spp.,D-Coscinodiscus spp.,80
4703,2013,Jan,15,15/01/2013,,16.38326,119.92616,W11,,NB,Diatom,Cylindricotheca closterium,D-Cylindricotheca closterium,80
4704,2013,Jan,15,15/01/2013,,16.38326,119.92616,W11,,NB,Diatom,Helicotheca tamensis,D-Helicotheca tamensis,80
4705,2013,Jan,15,15/01/2013,,16.38326,119.92616,W11,,NB,Dinoflagellate,Karenia  mikimotoi,DF-Karenia  mikimotoi,1800
4706,2013,Jan,15,15/01/2013,,16.38326,119.92616,W11,,NB,Diatom,Nitzschia spp.,D-Nitzschia spp.,160
4707,2013,Jan,15,15/01/2013,,16.38326,119.92616,W11,,NB,Diatom,Odontella spp.,D-Odontella spp.,160
4708,2013,Jan,15,15/01/2013,,16.38326,119.92616,W11,,NB,Raphidophyte,Olithodiscus,RD-Olithodiscus,80
4709,2013,Jan,15,15/01/2013,,16.38326,119.92616,W11,,NB,Dinoflagellate,Prorocentrum micans,DF-Prorocentrum micans,80
4710,2013,Jan,15,15/01/2013,,16.38326,119.92616,W11,,NB,Dinoflagellate,Prorocentrum minimum,DF-Prorocentrum minimum,1400
4711,2013,Jan,15,15/01/2013,,16.38326,119.92616,W11,,NB,Dinoflagellate,Protoperidnium latispinum,DF-Protoperidnium latispinum,120
4712,2013,Jan,15,15/01/2013,,16.38326,119.92616,W11,,NB,Dinoflagellate,Protoperidnium pallidum,DF-Protoperidnium pallidum,80
4713,2013,Jan,15,15/01/2013,,16.38326,119.92616,W11,,NB,Dinoflagellate,Protoperidinium spp.,DF-Protoperidinium spp.,240
4714,2013,Jan,15,15/01/2013,,16.38326,119.92616,W11,,NB,Diatom,Pseudonitzschia spp.,D-Pseudonitzschia spp.,720
4715,2013,Jan,15,15/01/2013,,16.38326,119.92616,W11,,NB,Diatom,Rhizosolenia spp.,D-Rhizosolenia spp.,6280
4716,2013,Jan,15,15/01/2013,,16.38326,119.92616,W11,,NB,Dinoflagellate,Scrippsiella trochoidea,DF-Scrippsiella trochoidea,160
4717,2013,Jan,15,15/01/2013,,16.38326,119.92616,W11,,NB,Diatom,Skeletonema costatum,D-Skeletonema costatum,40
4718,2013,Jan,15,15/01/2013,,16.38326,119.92616,W11,,NB,Diatom,Thalassionema spp.,D-Thalassionema spp.,40
4719,2013,Jan,15,15/01/2013,,16.38326,119.92616,W11,,NB,Diatom,Thalassiosira spp.,D-Thalassiosira spp.,8160
4720,2013,Jan,15,15/01/2013,,16.38326,119.92616,W11,,NB,Cyanobacteria,Trichodesmium sp.,CYN-Trichodesmium sp.,80
4721,2013,Jan,15,15/01/2013,,16.38326,119.92616,W11,,1,Dinoflagellate,Akashiwo sanguinea,DF-Akashiwo sanguinea,7760
4722,2013,Jan,15,15/01/2013,,16.38326,119.92616,W11,,1,Dinoflagellate,Ceratium furca,DF-Ceratium furca,10200
4723,2013,Jan,15,15/01/2013,,16.38326,119.92616,W11,,1,Diatom,Pleurosigma spp.,D-Pleurosigma spp.,240
4724,2013,Jan,15,15/01/2013,,16.38326,119.92616,W11,,1,Dinoflagellate,Prorocentrum micans,DF-Prorocentrum micans,320
4725,2013,Jan,15,15/01/2013,,16.38326,119.92616,W11,,1,Dinoflagellate,Protoperidinium conicum,DF-Protoperidinium conicum,280
4726,2013,Jan,15,15/01/2013,,16.38326,119.92616,W11,,1,Dinoflagellate,Protoperidinium latispinum,DF-Protoperidinium latispinum,160
4727,2013,Jan,15,15/01/2013,,16.38326,119.92616,W11,,1,Dinoflagellate,Protoperidinium pellucidum,DF-Protoperidinium pellucidum,280
4728,2013,Jan,15,15/01/2013,,16.38326,119.92616,W11,,1,Dinoflagellate,Protoperidinium pentagonum,DF-Protoperidinium pentagonum,120
4729,2013,Jan,15,15/01/2013,,16.38326,119.92616,W11,,1,Dinoflagellate,Protoperidinium spp.,DF-Protoperidinium spp.,11600
4730,2013,Jan,15,15/01/2013,,16.38326,119.92616,W11,,1,Diatom,Rhizosolenia sp2.,D-Rhizosolenia sp. 2,360
4731,2013,Jan,15,15/01/2013,,16.38326,119.92616,W11,,1,Dinoflagellate,Scrippsiella spinifera,DF-Scrippsiella spinifera,40
4732,2013,Jan,15,15/01/2013,,16.38326,119.92616,W11,,1,Diatom,Thalassiosira spp.,D-Thalassiosira spp.,68760
4733,2013,Jan,15,15/01/2013,,16.37052,119.94857,W10,,1,Dinoflagellate,Akashiwo sanguinea,DF-Akashiwo sanguinea,1800
4734,2013,Jan,15,15/01/2013,,16.37052,119.94857,W10,,1,Dinoflagellate,Ceratium furca,DF-Ceratium furca,9680
4735,2013,Jan,15,15/01/2013,,16.37052,119.94857,W10,,1,Dinoflagellate,Dinophysis caudata,DF-Dinophysis caudata,240
4736,2013,Jan,15,15/01/2013,,16.37052,119.94857,W10,,1,Dinoflagellate,Gonyaulax spinifera,DF-Gonyaulax spinifera,360
4737,2013,Jan,15,15/01/2013,,16.37052,119.94857,W10,,1,Dinoflagellate,Karenia  mikimotoi,DF-Karenia  mikimotoi,13640
4738,2013,Jan,15,15/01/2013,,16.37052,119.94857,W10,,1,Diatom,Navicula spp.,D-Navicula  spp.,680
4739,2013,Jan,15,15/01/2013,,16.37052,119.94857,W10,,1,Silicoflagellate,Favella sp.,SF-Favella sp.,40
4740,2013,Jan,15,15/01/2013,,16.37052,119.94857,W10,,1,Diatom,Pleurosigma spp.,D-Pleurosigma spp.,80
4741,2013,Jan,15,15/01/2013,,16.37052,119.94857,W10,,1,Dinoflagellate,Prorocentrum micans,DF-Prorocentrum micans,160
4742,2013,Jan,15,15/01/2013,,16.37052,119.94857,W10,,1,Dinoflagellate,Protoperidinium conicum,DF-Protoperidinium conicum,680
4743,2013,Jan,15,15/01/2013,,16.37052,119.94857,W10,,1,Dinoflagellate,Protoperidinium pellucidum,DF-Protoperidinium pellucidum,640
4744,2013,Jan,15,15/01/2013,,16.37052,119.94857,W10,,1,Dinoflagellate,Protoperidium steinni,DF-Protoperidium steinni,280
4745,2013,Jan,15,15/01/2013,,16.37052,119.94857,W10,,1,Diatom,Rhizosolenia sp2.,D-Rhizosolenia sp. 2,5120
4746,2013,Jan,15,15/01/2013,,16.37052,119.94857,W10,,1,Diatom,Rhizosolenia sp2.,D-Rhizosolenia sp. 2,240
4747,2013,Jan,15,15/01/2013,,16.37052,119.94857,W10,,1,Dinoflagellate,Scrippsiella spinifera,DF-Scrippsiella spinifera,40
4748,2013,Jan,15,15/01/2013,,16.37052,119.94857,W10,,1,Diatom,Skeletonema costatum,D-Skeletonema costatum,800
4749,2013,Jan,15,15/01/2013,,16.37052,119.94857,W10,,1,Diatom,Thalassiosira spp.,D-Thalassiosira spp.,3560
4750,2013,Jan,15,15/01/2013,,16.32003,119.93384,W8,,1,Dinoflagellate,Akashiwo sanguinea,DF-Akashiwo sanguinea,200
4751,2013,Jan,15,15/01/2013,,16.32003,119.93384,W8,,1,Dinoflagellate,Ceratium furca,DF-Ceratium furca,240
4752,2013,Jan,15,15/01/2013,,16.32003,119.93384,W8,,1,Dinoflagellate,Karenia  mikimotoi,DF-Karenia  mikimotoi,840
4753,2013,Jan,15,15/01/2013,,16.32003,119.93384,W8,,1,Diatom,Navicula spp.,D-Navicula  spp.,80
4754,2013,Jan,15,15/01/2013,,16.32003,119.93384,W8,,1,Diatom,Pleurosigma spp.,D-Pleurosigma spp.,1360
4755,2013,Jan,15,15/01/2013,,16.32003,119.93384,W8,,1,Dinoflagellate,Prorocentrum minimum,DF-Prorocentrum minimum,320
4756,2013,Jan,15,15/01/2013,,16.32003,119.93384,W8,,1,Dinoflagellate,Protoperidinium spp.,DF-Protoperidinium spp.,520
4757,2013,Jan,15,15/01/2013,,16.32003,119.93384,W8,,1,Diatom,Rhizosolenia spp.,D-Rhizosolenia spp.,4560
4758,2013,Jan,15,15/01/2013,,16.32003,119.93384,W8,,1,Diatom,Skeletonema costatum,D-Skeletonema costatum,11320
4759,2013,Jan,15,15/01/2013,,16.32003,119.93384,W8,,1,Diatom,Surirella,D-Surirella,160
4760,2013,Jan,15,15/01/2013,,16.32003,119.93384,W8,,1,Diatom,Surrirella spp,D-Surrirella spp,80
4761,2013,Jan,15,15/01/2013,,16.32003,119.93384,W8,,1,Diatom,Thalassionema spp.,D-Thalassionema spp.,160
4762,2013,Jan,15,15/01/2013,,16.32003,119.93384,W8,,1,Diatom,Thalassiosira spp.,D-Thalassiosira spp.,280
4763,2013,Jan,15,15/01/2013,,16.32003,119.93384,W8,,1,Diatom,Thalassiosira spp.,D-Thalassiosira spp.,21920
4764,2013,Jan,15,15/01/2013,,16.32003,119.93384,W8,,1,Dinoflagellate,Dinophysis caudata,DF-Dinophysis caudata,80
4765,2013,Jan,15,15/01/2013,,16.37073,119.93401,W3,,1,Dinoflagellate,Akashiwo sanguinea,DF-Akashiwo sanguinea,200
4766,2013,Jan,15,15/01/2013,,16.37073,119.93401,W3,,1,Dinoflagellate,Alexandrium spp.,DF-Alexandrium spp.,40
4767,2013,Jan,15,15/01/2013,,16.37073,119.93401,W3,,1,Dinoflagellate,Ceratium furca,DF-Ceratium furca,840
4768,2013,Jan,15,15/01/2013,,16.37073,119.93401,W3,,1,Dinoflagellate,Gonyaulax spinifera,DF-Gonyaulax spinifera,80
4769,2013,Jan,15,15/01/2013,,16.37073,119.93401,W3,,1,Dinoflagellate,Gymnodinium sp,DF-Gymnodinium sp.,120
4770,2013,Jan,15,15/01/2013,,16.37073,119.93401,W3,,1,Dinoflagellate,Gyrodinium spp.,DF-Gyrodinium spp.,40
4771,2013,Jan,15,15/01/2013,,16.37073,119.93401,W3,,1,Dinoflagellate,Karenia  mikimotoi,DF-Karenia  mikimotoi,840
4772,2013,Jan,15,15/01/2013,,16.37073,119.93401,W3,,1,Dinoflagellate,Prorocentrum minimum,DF-Prorocentrum minimum,840
4773,2013,Jan,15,15/01/2013,,16.37073,119.93401,W3,,1,Dinoflagellate,Protoperidinium spp.,DF-Protoperidinium spp.,160
4774,2013,Jan,15,15/01/2013,,16.37073,119.93401,W3,,1,Diatom,Rhizosolenia spp.,D-Rhizosolenia spp.,2200
4775,2013,Jan,15,15/01/2013,,16.37073,119.93401,W3,,1,Dinoflagellate,Scrippsiella trochoidea,DF-Scrippsiella trochoidea,120
4776,2013,Jan,15,15/01/2013,,16.37073,119.93401,W3,,1,Diatom,Skeletonema costatum,D-Skeletonema costatum,440
4777,2013,Jan,15,15/01/2013,,16.37073,119.93401,W3,,1,Diatom,Surirella,D-Surirella,80
4778,2013,Jan,15,15/01/2013,,16.37073,119.93401,W3,,1,Diatom,Thalassiosira spp.,D-Thalassiosira spp.,160
4779,2013,Jan,15,15/01/2013,,16.37073,119.93401,W3,,1,Diatom,Thalassiosira spp.,D-Thalassiosira spp.,3960
4780,2013,Jan,15,15/01/2013,,16.37073,119.93401,W3,,NB,Diatom,Coscinodiscus spp.,D-Coscinodiscus spp.,240
4781,2013,Jan,15,15/01/2013,,16.37073,119.93401,W3,,NB,Dinoflagellate,Karenia  mikimotoi,DF-Karenia  mikimotoi,80
4782,2013,Jan,15,15/01/2013,,16.37073,119.93401,W3,,NB,Diatom,Navicula spp.,D-Navicula  spp.,120
4783,2013,Jan,15,15/01/2013,,16.37073,119.93401,W3,,NB,Diatom,Pleurosigma spp.,D-Pleurosigma spp.,320
4784,2013,Jan,15,15/01/2013,,16.37073,119.93401,W3,,NB,Dinoflagellate,Prorocentrum minimum,DF-Prorocentrum minimum,80
4785,2013,Jan,15,15/01/2013,,16.37073,119.93401,W3,,NB,Diatom,Rhizosolenia spp.,D-Rhizosolenia spp.,360
4786,2013,Jan,15,15/01/2013,,16.37073,119.93401,W3,,NB,Diatom,Surirella,D-Surirella,80
4787,2013,Jan,15,15/01/2013,,16.37073,119.93401,W3,,NB,Diatom,Thalassiosira spp.,D-Thalassiosira spp.,200
4788,2013,Jan,15,15/01/2013,,16.37073,119.93401,W3,,NB,Diatom,Thalassiosira spp.,D-Thalassiosira spp.,2520
4789,2013,Jan,15,15/01/2013,,16.37073,119.93401,W3,,NB,Cyanobacteria,Trichodesmium sp.,CYN-Trichodesmium sp.,160
4790,2013,Jan,15,15/01/2013,,16.33668,119.94476,W2A,,1,Dinoflagellate,Ceratium furca,DF-Ceratium furca,960
4791,2013,Jan,15,15/01/2013,,16.33668,119.94476,W2A,,1,Raphidophyte,Chattonnella subsalsa,RD-Chattonnella subsalsa,120
4792,2013,Jan,15,15/01/2013,,16.33668,119.94476,W2A,,1,Dinoflagellate,Diplopsalis spp.,DF-Diplopsalis spp.,160
4793,2013,Jan,15,15/01/2013,,16.33668,119.94476,W2A,,1,Dinoflagellate,Karenia  mikimotoi,DF-Karenia  mikimotoi,1440
4794,2013,Jan,15,15/01/2013,,16.33668,119.94476,W2A,,1,Diatom,Pleurosigma spp.,D-Pleurosigma spp.,400
4795,2013,Jan,15,15/01/2013,,16.33668,119.94476,W2A,,1,Dinoflagellate,Prorocentrum micans,DF-Prorocentrum micans,160
4796,2013,Jan,15,15/01/2013,,16.33668,119.94476,W2A,,1,Dinoflagellate,Prorocentrum minimum,DF-Prorocentrum minimum,120
4797,2013,Jan,15,15/01/2013,,16.33668,119.94476,W2A,,1,Dinoflagellate,Protoperidinium spp.,DF-Protoperidinium spp.,240
4798,2013,Jan,15,15/01/2013,,16.33668,119.94476,W2A,,1,Diatom,Rhizosolenia spp.,D-Rhizosolenia spp.,440
4799,2013,Jan,15,15/01/2013,,16.33668,119.94476,W2A,,1,Dinoflagellate,Scrippsiella trochoidea,DF-Scrippsiella trochoidea,200
4800,2013,Jan,15,15/01/2013,,16.33668,119.94476,W2A,,1,Diatom,Skeletonema costatum,D-Skeletonema costatum,120
4801,2013,Jan,15,15/01/2013,,16.33668,119.94476,W2A,,1,Diatom,Thalassionema spp.,D-Thalassionema spp.,120
4802,2013,Jan,15,15/01/2013,,16.33668,119.94476,W2A,,1,Diatom,Thalassiosira spp.,D-Thalassiosira spp.,3450
4803,2013,Jan,15,15/01/2013,,16.33431,119.95731,A3,,1,Dinoflagellate,Ceratium furca,DF-Ceratium furca,780
4804,2013,Jan,15,15/01/2013,,16.33431,119.95731,A3,,1,Raphidophyte,Chattonnella subsalsa,RD-Chattonnella subsalsa,220
4805,2013,Jan,15,15/01/2013,,16.33431,119.95731,A3,,1,Dinoflagellate,Diplopsalis spp.,DF-Diplopsalis spp.,80
4806,2013,Jan,15,15/01/2013,,16.33431,119.95731,A3,,1,Dinoflagellate,Karenia  mikimotoi,DF-Karenia  mikimotoi,2290
4807,2013,Jan,15,15/01/2013,,16.33431,119.95731,A3,,1,Diatom,Pleurosigma spp.,D-Pleurosigma spp.,360
4808,2013,Jan,15,15/01/2013,,16.33431,119.95731,A3,,1,Dinoflagellate,Prorocentrum micans,DF-Prorocentrum micans,80
4809,2013,Jan,15,15/01/2013,,16.33431,119.95731,A3,,1,Dinoflagellate,Prorocentrum minimum,DF-Prorocentrum minimum,80
4810,2013,Jan,15,15/01/2013,,16.33431,119.95731,A3,,1,Dinoflagellate,Protoperidinium spp.,DF-Protoperidinium spp.,120
4811,2013,Jan,15,15/01/2013,,16.33431,119.95731,A3,,1,Diatom,Rhizosolenia spp.,D-Rhizosolenia spp.,360
4812,2013,Jan,15,15/01/2013,,16.33431,119.95731,A3,,1,Dinoflagellate,Scrippsiella trochoidea,DF-Scrippsiella trochoidea,120
4813,2013,Jan,15,15/01/2013,,16.33431,119.95731,A3,,1,Diatom,Skeletonema costatum,D-Skeletonema costatum,80
4814,2013,Jan,15,15/01/2013,,16.33431,119.95731,A3,,1,Diatom,Thalassionema spp.,D-Thalassionema spp.,230
4815,2013,Jan,15,15/01/2013,,16.33431,119.95731,A3,,1,Diatom,Thalassiosira spp.,D-Thalassiosira spp.,2890
4816,2013,Jan,15,15/01/2013,,16.34927,119.94606,W1,,1,Dinoflagellate,Akashiwo sanguinea,DF-Akashiwo sanguinea,240
4817,2013,Jan,15,15/01/2013,,16.34927,119.94606,W1,,1,Dinoflagellate,Alexandrium spp.,DF-Alexandrium spp.,160
4818,2013,Jan,15,15/01/2013,,16.34927,119.94606,W1,,1,Dinoflagellate,Ceratium furca,DF-Ceratium furca,600
4819,2013,Jan,15,15/01/2013,,16.34927,119.94606,W1,,1,Diatom,Cylindricotheca closterium,D-Cylindricotheca closterium,80
4820,2013,Jan,15,15/01/2013,,16.34927,119.94606,W1,,1,Dinoflagellate,Gonyaulax sp1.,DF-Gonyaulax sp1.,80
4821,2013,Jan,15,15/01/2013,,16.34927,119.94606,W1,,1,Dinoflagellate,Karenia  mikimotoi,DF-Karenia  mikimotoi,3760
4822,2013,Jan,15,15/01/2013,,16.34927,119.94606,W1,,1,Diatom,Navicula spp.,D-Navicula  spp.,480
4823,2013,Jan,15,15/01/2013,,16.34927,119.94606,W1,,1,Diatom,Odontella spp.,D-Odontella spp.,80
4824,2013,Jan,15,15/01/2013,,16.34927,119.94606,W1,,1,Dinoflagellate,Oxytoxum spp.,DF-Oxytoxum spp.,80
4825,2013,Jan,15,15/01/2013,,16.34927,119.94606,W1,,1,Diatom,Pleurosigma spp.,D-Pleurosigma spp.,160
4826,2013,Jan,15,15/01/2013,,16.34927,119.94606,W1,,1,Dinoflagellate,Prorocentrum minimum,DF-Prorocentrum minimum,560
4827,2013,Jan,15,15/01/2013,,16.34927,119.94606,W1,,1,Dinoflagellate,Protoperidnium pallidum,DF-Protoperidnium pallidum,120
4828,2013,Jan,15,15/01/2013,,16.34927,119.94606,W1,,1,Dinoflagellate,Protoperidinium spp.,DF-Protoperidinium spp.,600
4829,2013,Jan,15,15/01/2013,,16.34927,119.94606,W1,,1,Diatom,Rhizosolenia spp.,D-Rhizosolenia spp.,920
4830,2013,Jan,15,15/01/2013,,16.34927,119.94606,W1,,1,Diatom,Thalassionema spp.,D-Thalassionema spp.,120
4831,2013,Jan,15,15/01/2013,,16.34927,119.94606,W1,,1,Diatom,Thalassiosira spp.,D-Thalassiosira spp.,80
4832,2013,Jan,15,15/01/2013,,16.34927,119.94606,W1,,1,Diatom,Thalassiosira spp.,D-Thalassiosira spp.,3480
4833,2013,Jan,15,15/01/2013,,16.38339,119.91585,TS2,,1,Dinoflagellate,Akashiwo sanguinea,DF-Akashiwo sanguinea,440
4834,2013,Jan,15,15/01/2013,,16.38339,119.91585,TS2,,1,Dinoflagellate,Alexandrium spp.,DF-Alexandrium spp.,80
4835,2013,Jan,15,15/01/2013,,16.38339,119.91585,TS2,,1,Dinoflagellate,Ceratium furca,DF-Ceratium furca,4400
4836,2013,Jan,15,15/01/2013,,16.38339,119.91585,TS2,,1,Raphidophyte,Chattonnella subsalsa,RD-Chattonnella subsalsa,120
4837,2013,Jan,15,15/01/2013,,16.38339,119.91585,TS2,,1,Diatom,Coscinodiscus spp.,D-Coscinodiscus spp.,80
4838,2013,Jan,15,15/01/2013,,16.38339,119.91585,TS2,,1,Dinoflagellate,Gonyaulax sp1.,DF-Gonyaulax sp1.,80
4839,2013,Jan,15,15/01/2013,,16.38339,119.91585,TS2,,1,Dinoflagellate,Gyrodinium spp.,DF-Gyrodinium spp.,80
4840,2013,Jan,15,15/01/2013,,16.38339,119.91585,TS2,,1,Dinoflagellate,Karenia  mikimotoi,DF-Karenia  mikimotoi,2560
4841,2013,Jan,15,15/01/2013,,16.38339,119.91585,TS2,,1,Dinoflagellate,Prorocentrum minimum,DF-Prorocentrum minimum,640
4842,2013,Jan,15,15/01/2013,,16.38339,119.91585,TS2,,1,Dinoflagellate,Protoperidinium spp.,DF-Protoperidinium spp.,320
4843,2013,Jan,15,15/01/2013,,16.38339,119.91585,TS2,,1,Diatom,Rhizosolenia spp.,D-Rhizosolenia spp.,2880
4844,2013,Jan,15,15/01/2013,,16.38339,119.91585,TS2,,1,Diatom,Thalassiosira spp.,D-Thalassiosira spp.,5520
4845,2013,Jan,15,15/01/2013,,16.38339,119.91585,TS2,,NB,Raphidophyte,Chattonnella subsalsa,RD-Chattonnella subsalsa,200
4846,2013,Jan,15,15/01/2013,,16.38339,119.91585,TS2,,NB,Dinoflagellate,Karenia  mikimotoi,DF-Karenia  mikimotoi,920
4847,2013,Jan,15,15/01/2013,,16.38339,119.91585,TS2,,NB,Diatom,Navicula spp.,D-Navicula  spp.,80
4848,2013,Jan,15,15/01/2013,,16.38339,119.91585,TS2,,NB,Diatom,Pleurosigma spp.,D-Pleurosigma spp.,240
4849,2013,Jan,15,15/01/2013,,16.38339,119.91585,TS2,,NB,Dinoflagellate,Prorocentrum minimum,DF-Prorocentrum minimum,360
4850,2013,Jan,15,15/01/2013,,16.38339,119.91585,TS2,,NB,Dinoflagellate,Protoperidnium latispinum,DF-Protoperidnium latispinum,240
4851,2013,Jan,15,15/01/2013,,16.38339,119.91585,TS2,,NB,Diatom,Rhizosolenia spp.,D-Rhizosolenia spp.,520
4852,2013,Jan,15,15/01/2013,,16.38339,119.91585,TS2,,NB,Diatom,Thalassionema spp.,D-Thalassionema spp.,320
4853,2013,Jan,15,15/01/2013,,16.38339,119.91585,TS2,,NB,Diatom,Thalassiosira spp.,D-Thalassiosira spp.,24280
4854,2013,Jan,15,15/01/2013,,16.38339,119.91585,TS2,,NB,Dinoflagellate,Dinophysis caudata,DF-Dinophysis caudata,80
4855,2013,Jan,15,15/01/2013,,16.30944,119.92063,TS1,,NB,Dinoflagellate,Alexandrium spp.,DF-Alexandrium spp.,160
4856,2013,Jan,15,15/01/2013,,16.30944,119.92063,TS1,,NB,Dinoflagellate,Ceratium furca,DF-Ceratium furca,200
4857,2013,Jan,15,15/01/2013,,16.30944,119.92063,TS1,,NB,Raphidophyte,Chattonnella subsalsa,RD-Chattonnella subsalsa,600
4858,2013,Jan,15,15/01/2013,,16.30944,119.92063,TS1,,NB,Diatom,Nitzschia spp.,D-Nitzschia spp.,80
4859,2013,Jan,15,15/01/2013,,16.30944,119.92063,TS1,,NB,Diatom,Pleurosigma spp.,D-Pleurosigma spp.,1200
4860,2013,Jan,15,15/01/2013,,16.30944,119.92063,TS1,,NB,Dinoflagellate,Prorocentrum minimum,DF-Prorocentrum minimum,240
4861,2013,Jan,15,15/01/2013,,16.30944,119.92063,TS1,,NB,Dinoflagellate,Protoperidnium latispinum,DF-Protoperidnium latispinum,200
4862,2013,Jan,15,15/01/2013,,16.30944,119.92063,TS1,,NB,Dinoflagellate,Protoperidnium pallidum,DF-Protoperidnium pallidum,160
4863,2013,Jan,15,15/01/2013,,16.30944,119.92063,TS1,,NB,Diatom,Pseudonitzschia spp.,D-Pseudonitzschia spp.,120
4864,2013,Jan,15,15/01/2013,,16.30944,119.92063,TS1,,NB,Diatom,Rhizosolenia spp.,D-Rhizosolenia spp.,920
4865,2013,Jan,15,15/01/2013,,16.30944,119.92063,TS1,,NB,Diatom,Skeletonema costatum,D-Skeletonema costatum,2520
4866,2013,Jan,15,15/01/2013,,16.30944,119.92063,TS1,,NB,Diatom,Surirella,D-Surirella,480
4867,2013,Jan,15,15/01/2013,,16.30944,119.92063,TS1,,NB,Diatom,Thalassiosira spp.,D-Thalassiosira spp.,9040
4868,2013,Jan,15,15/01/2013,,16.30944,119.92063,TS1,,NB,Cyanobacteria,Trichodesmium sp.,CYN-Trichodesmium sp.,80
4869,2013,Jan,15,15/01/2013,,16.39578,119.90667,RVA3,,NB,Dinoflagellate,Akashiwo sanguinea,DF-Akashiwo sanguinea,200
4870,2013,Jan,15,15/01/2013,,16.39578,119.90667,RVA3,,NB,Dinoflagellate,Ceratium furca,DF-Ceratium furca,80
4871,2013,Jan,15,15/01/2013,,16.39578,119.90667,RVA3,,NB,Dinoflagellate,Karenia  mikimotoi,DF-Karenia  mikimotoi,240
4872,2013,Jan,15,15/01/2013,,16.39578,119.90667,RVA3,,NB,Diatom,Pleurosigma spp.,D-Pleurosigma spp.,240
4873,2013,Jan,15,15/01/2013,,16.39578,119.90667,RVA3,,NB,Dinoflagellate,Prorocentrum minimum,DF-Prorocentrum minimum,280
4874,2013,Jan,15,15/01/2013,,16.39578,119.90667,RVA3,,NB,Dinoflagellate,Protoperidinium spp.,DF-Protoperidinium spp.,520
4875,2013,Jan,15,15/01/2013,,16.39578,119.90667,RVA3,,NB,Diatom,Rhizosolenia spp.,D-Rhizosolenia spp.,120
4876,2013,Jan,15,15/01/2013,,16.39578,119.90667,RVA3,,NB,Diatom,Thalassionema spp.,D-Thalassionema spp.,160
4877,2013,Jan,15,15/01/2013,,16.39578,119.90667,RVA3,,NB,Diatom,Thalassiosira spp.,D-Thalassiosira spp.,2760
4878,2013,Jan,15,15/01/2013,,16.39578,119.90667,RVA3,,1,Dinoflagellate,Akashiwo sanguinea,DF-Akashiwo sanguinea,80
4879,2013,Jan,15,15/01/2013,,16.39578,119.90667,RVA3,,1,Dinoflagellate,Ceratium furca,DF-Ceratium furca,1260
4880,2013,Jan,15,15/01/2013,,16.39578,119.90667,RVA3,,1,Dinoflagellate,Dinophysis caudata,DF-Dinophysis caudata,80
4881,2013,Jan,15,15/01/2013,,16.39578,119.90667,RVA3,,1,Dinoflagellate,Diplopsalis spp.,DF-Diplopsalis spp.,80
4882,2013,Jan,15,15/01/2013,,16.39578,119.90667,RVA3,,1,Dinoflagellate,Gonyaulax polygramma,DF-Gonyaulax polygramma,2040
4883,2013,Jan,15,15/01/2013,,16.39578,119.90667,RVA3,,1,Dinoflagellate,Gyrodinium spp.,DF-Gyrodinium spp.,120
4884,2013,Jan,15,15/01/2013,,16.39578,119.90667,RVA3,,1,Diatom,Helicotheca tamensis,D-Helicotheca tamensis,40
4885,2013,Jan,15,15/01/2013,,16.39578,119.90667,RVA3,,1,Dinoflagellate,Karenia  mikimotoi,DF-Karenia  mikimotoi,9029
4886,2013,Jan,15,15/01/2013,,16.39578,119.90667,RVA3,,1,Diatom,Odontella spp.,D-Odontella spp.,120
4887,2013,Jan,15,15/01/2013,,16.39578,119.90667,RVA3,,1,Diatom,Pleurosigma spp.,D-Pleurosigma spp.,200
4888,2013,Jan,15,15/01/2013,,16.39578,119.90667,RVA3,,1,Dinoflagellate,Prorocentrum micans,DF-Prorocentrum micans,480
4889,2013,Jan,15,15/01/2013,,16.39578,119.90667,RVA3,,1,Dinoflagellate,Prorocentrum minimum,DF-Prorocentrum minimum,1280
4890,2013,Jan,15,15/01/2013,,16.39578,119.90667,RVA3,,1,Dinoflagellate,Protoperidnium latispinum,DF-Protoperidnium latispinum,160
4891,2013,Jan,15,15/01/2013,,16.39578,119.90667,RVA3,,1,Dinoflagellate,Protoperidinium spp.,DF-Protoperidinium spp.,2120
4892,2013,Jan,15,15/01/2013,,16.39578,119.90667,RVA3,,1,Diatom,Rhizosolenia spp.,D-Rhizosolenia spp.,3200
4893,2013,Jan,15,15/01/2013,,16.39578,119.90667,RVA3,,1,Dinoflagellate,Scrippsiella trochoidea,DF-Scrippsiella trochoidea,440
4894,2013,Jan,15,15/01/2013,,16.39578,119.90667,RVA3,,1,Diatom,Thalassionema spp.,D-Thalassionema spp.,400
4895,2013,Jan,15,15/01/2013,,16.39578,119.90667,RVA3,,1,Diatom,Thalassiosira spp.,D-Thalassiosira spp.,18160
4896,2013,Jan,15,15/01/2013,,16.39578,119.90667,RVA3,,1,Dinoflagellate,Dinophysis caudata,DF-Dinophysis caudata,160
4897,2013,Jan,15,15/01/2013,,,,BML9,,1,Dinoflagellate,Akashiwo sanguinea,DF-Akashiwo sanguinea,960
4898,2013,Jan,15,15/01/2013,,,,BML9,,1,Dinoflagellate,Alexandrium spp.,DF-Alexandrium spp.,640
4899,2013,Jan,15,15/01/2013,,,,BML9,,1,Dinoflagellate,Ceratium furca,DF-Ceratium furca,4080
4900,2013,Jan,15,15/01/2013,,,,BML9,,1,Raphidophyte,Chattonnella subsalsa,RD-Chattonnella subsalsa,120
4901,2013,Jan,15,15/01/2013,,,,BML9,,1,Diatom,Cylindricotheca closterium,D-Cylindricotheca closterium,240
4902,2013,Jan,15,15/01/2013,,,,BML9,,1,Dinoflagellate,Gonyaulax sp1.,DF-Gonyaulax sp1.,200
4903,2013,Jan,15,15/01/2013,,,,BML9,,1,Dinoflagellate,Karenia  mikimotoi,DF-Karenia  mikimotoi,4400
4904,2013,Jan,15,15/01/2013,,,,BML9,,1,Diatom,Navicula spp.,D-Navicula  spp.,280
4905,2013,Jan,15,15/01/2013,,,,BML9,,1,Diatom,Odontella spp.,D-Odontella spp.,760
4906,2013,Jan,15,15/01/2013,,,,BML9,,1,Dinoflagellate,Oxytoxum spp.,DF-Oxytoxum spp.,120
4907,2013,Jan,15,15/01/2013,,,,BML9,,1,Diatom,Pleurosigma spp.,D-Pleurosigma spp.,600
4908,2013,Jan,15,15/01/2013,,,,BML9,,1,Dinoflagellate,Prorocentrum micans,DF-Prorocentrum micans,120
4909,2013,Jan,15,15/01/2013,,,,BML9,,1,Dinoflagellate,Prorocentrum minimum,DF-Prorocentrum minimum,320
4910,2013,Jan,15,15/01/2013,,,,BML9,,1,Dinoflagellate,Protoperidnium pallidum,DF-Protoperidnium pallidum,200
4911,2013,Jan,15,15/01/2013,,,,BML9,,1,Dinoflagellate,Protoperidinium spp.,DF-Protoperidinium spp.,560
4912,2013,Jan,15,15/01/2013,,,,BML9,,1,Diatom,Rhizosolenia spp.,D-Rhizosolenia spp.,3880
4913,2013,Jan,15,15/01/2013,,,,BML9,,1,Diatom,Skeletonema costatum,D-Skeletonema costatum,600
4914,2013,Jan,15,15/01/2013,,,,BML9,,1,Diatom,Thalassionema spp.,D-Thalassionema spp.,480
4915,2013,Jan,15,15/01/2013,,,,BML9,,1,Diatom,Thalassiosira spp.,D-Thalassiosira spp.,480
4916,2013,Jan,15,15/01/2013,,,,BML9,,1,Diatom,Thalassiosira spp.,D-Thalassiosira spp.,6070
4917,2013,Jan,15,15/01/2013,,,,BML9,,1,Cyanobacteria,Trichodesmium sp.,CYN-Trichodesmium sp.,80
4918,2013,Jan,15,15/01/2013,,16.27365,119.92599,A5,,1,Dinoflagellate,Alexandrium spp.,DF-Alexandrium spp.,160
4919,2013,Jan,15,15/01/2013,,16.27365,119.92599,A5,,1,Diatom,Coscinodiscus spp.,D-Coscinodiscus spp.,80
4920,2013,Jan,15,15/01/2013,,16.27365,119.92599,A5,,1,Dinoflagellate,Karenia  mikimotoi,DF-Karenia  mikimotoi,40
4921,2013,Jan,15,15/01/2013,,16.27365,119.92599,A5,,1,Diatom,Navicula spp.,D-Navicula  spp.,160
4922,2013,Jan,15,15/01/2013,,16.27365,119.92599,A5,,1,Diatom,Odontella spp.,D-Odontella spp.,440
4923,2013,Jan,15,15/01/2013,,16.27365,119.92599,A5,,1,Diatom,Pleurosigma spp.,D-Pleurosigma spp.,7120
4924,2013,Jan,15,15/01/2013,,16.27365,119.92599,A5,,1,Dinoflagellate,Prorocentrum micans,DF-Prorocentrum micans,160
4925,2013,Jan,15,15/01/2013,,16.27365,119.92599,A5,,1,Dinoflagellate,Prorocentrum minimum,DF-Prorocentrum minimum,240
4926,2013,Jan,15,15/01/2013,,16.27365,119.92599,A5,,1,Dinoflagellate,Protoperidinium spp.,DF-Protoperidinium spp.,80
4927,2013,Jan,15,15/01/2013,,16.27365,119.92599,A5,,1,Diatom,Rhizosolenia spp.,D-Rhizosolenia spp.,120
4928,2013,Jan,15,15/01/2013,,16.27365,119.92599,A5,,1,Diatom,Skeletonema costatum,D-Skeletonema costatum,1320
4929,2013,Jan,15,15/01/2013,,16.27365,119.92599,A5,,1,Diatom,Surirella,D-Surirella,2000
4930,2013,Jan,15,15/01/2013,,16.27365,119.92599,A5,,1,Diatom,Thalassionema spp.,D-Thalassionema spp.,280
4931,2013,Jan,15,15/01/2013,,16.27365,119.92599,A5,,1,Diatom,Thalassiosira spp.,D-Thalassiosira spp.,2880
4932,2013,Jan,15,15/01/2013,,16.28459,119.92285,A4,,1,Diatom,Cylindricotheca closterium,D-Cylindricotheca closterium,680
4933,2013,Jan,15,15/01/2013,,16.28459,119.92285,A4,,1,Diatom,Navicula spp.,D-Navicula  spp.,560
4934,2013,Jan,15,15/01/2013,,16.28459,119.92285,A4,,1,Diatom,Pleurosigma spp.,D-Pleurosigma spp.,12720
4935,2013,Jan,15,15/01/2013,,16.28459,119.92285,A4,,1,Diatom,Rhizosolenia sp2.,D-Rhizosolenia sp. 2,240
4936,2013,Jan,15,15/01/2013,,16.28459,119.92285,A4,,1,Diatom,Skeletonema costatum,D-Skeletonema costatum,647200
4937,2013,Jan,15,15/01/2013,,16.28459,119.92285,A4,,1,Diatom,Thalassionema spp.,D-Thalassionema spp.,160
4938,2013,Jan,15,15/01/2013,,16.28459,119.92285,A4,,1,Diatom,Thalassiosira spp.,D-Thalassiosira spp.,113840
4939,2013,Jan,15,15/01/2013,,16.34775,119.93452,A2,,1,Dinoflagellate,Akashiwo sanguinea,DF-Akashiwo sanguinea,120
4940,2013,Jan,15,15/01/2013,,16.34775,119.93452,A2,,1,Dinoflagellate,Alexandrium spp.,DF-Alexandrium spp.,520
4941,2013,Jan,15,15/01/2013,,16.34775,119.93452,A2,,1,Dinoflagellate,Ceratium furca,DF-Ceratium furca,1040
4942,2013,Jan,15,15/01/2013,,16.34775,119.93452,A2,,1,Dinoflagellate,Dinophysis caudata,DF-Dinophysis caudata,40
4943,2013,Jan,15,15/01/2013,,16.34775,119.93452,A2,,1,Dinoflagellate,Diplopsalis spp.,DF-Diplopsalis spp.,40
4944,2013,Jan,15,15/01/2013,,16.34775,119.93452,A2,,1,Dinoflagellate,Gonyaulax sp1.,DF-Gonyaulax sp1.,80
4945,2013,Jan,15,15/01/2013,,16.34775,119.93452,A2,,1,Dinoflagellate,Karenia  mikimotoi,DF-Karenia  mikimotoi,3480
4946,2013,Jan,15,15/01/2013,,16.34775,119.93452,A2,,1,Diatom,Navicula spp.,D-Navicula  spp.,200
4947,2013,Jan,15,15/01/2013,,16.34775,119.93452,A2,,1,Diatom,Pleurosigma spp.,D-Pleurosigma spp.,480
4948,2013,Jan,15,15/01/2013,,16.34775,119.93452,A2,,1,Dinoflagellate,Prorocentrum micans,DF-Prorocentrum micans,80
4949,2013,Jan,15,15/01/2013,,16.34775,119.93452,A2,,1,Dinoflagellate,Protoperidinium spp.,DF-Protoperidinium spp.,760
4950,2013,Jan,15,15/01/2013,,16.34775,119.93452,A2,,1,Diatom,Rhizosolenia spp.,D-Rhizosolenia spp.,760
4951,2013,Jan,15,15/01/2013,,16.34775,119.93452,A2,,1,Diatom,Surirella,D-Surirella,240
4952,2013,Jan,15,15/01/2013,,16.34775,119.93452,A2,,1,Diatom,Thalassionema spp.,D-Thalassionema spp.,40
4953,2013,Jan,15,15/01/2013,,16.34775,119.93452,A2,,1,Diatom,Thalassiosira spp.,D-Thalassiosira spp.,8840
4954,2013,Jan,15,15/01/2013,,16.34775,119.93452,A2,,1,Dinoflagellate,Dinophysis caudata,DF-Dinophysis caudata,80
4955,2013,Jan,15,15/01/2013,,16.34775,119.93452,W9,,1,Dinoflagellate,Akashiwo sanguinea,DF-Akashiwo sanguinea,220
4956,2013,Jan,15,15/01/2013,,16.34775,119.93452,W9,,1,Dinoflagellate,Alexandrium spp.,DF-Alexandrium spp.,480
4957,2013,Jan,15,15/01/2013,,16.34775,119.93452,W9,,1,Dinoflagellate,Ceratium furca,DF-Ceratium furca,1020
4958,2013,Jan,15,15/01/2013,,16.34775,119.93452,W9,,1,Dinoflagellate,Dinophysis caudata,DF-Dinophysis caudata,80
4959,2013,Jan,15,15/01/2013,,16.34775,119.93452,W9,,1,Dinoflagellate,Diplopsalis spp.,DF-Diplopsalis spp.,20
4960,2013,Jan,15,15/01/2013,,16.34775,119.93452,W9,,1,Dinoflagellate,Gonyaulax sp1.,DF-Gonyaulax sp1.,60
4961,2013,Jan,15,15/01/2013,,16.34775,119.93452,W9,,1,Dinoflagellate,Karenia  mikimotoi,DF-Karenia  mikimotoi,2347
4962,2013,Jan,15,15/01/2013,,16.34775,119.93452,W9,,1,Diatom,Navicula spp.,D-Navicula  spp.,400
4963,2013,Jan,15,15/01/2013,,16.34775,119.93452,W9,,1,Diatom,Pleurosigma spp.,D-Pleurosigma spp.,340
4964,2013,Jan,15,15/01/2013,,16.34775,119.93452,W9,,1,Dinoflagellate,Prorocentrum micans,DF-Prorocentrum micans,60
4965,2013,Jan,15,15/01/2013,,16.34775,119.93452,W9,,1,Dinoflagellate,Protoperidinium spp.,DF-Protoperidinium spp.,680
4966,2013,Jan,15,15/01/2013,,16.34775,119.93452,W9,,1,Diatom,Rhizosolenia spp.,D-Rhizosolenia spp.,720
4967,2013,Jan,15,15/01/2013,,16.34775,119.93452,W9,,1,Diatom,Surirella,D-Surirella,120
4968,2013,Jan,15,15/01/2013,,16.34775,119.93452,W9,,1,Diatom,Thalassionema spp.,D-Thalassionema spp.,36
4969,2013,Jan,15,15/01/2013,,16.34775,119.93452,W9,,1,Diatom,Thalassiosira spp.,D-Thalassiosira spp.,7634
4970,2013,Jan,15,15/01/2013,,16.34775,119.93452,W9,,1,Dinoflagellate,Dinophysis caudata,DF-Dinophysis caudata,60
4971,2013,Feb,20,20/02/2013,,16.37073,119.93401,W3,,1,Dinoflagellate,Ceratium furca,DF-Ceratium furca,880
4972,2013,Feb,20,20/02/2013,,16.37073,119.93401,W3,,1,Diatom,Cylindricotheca closterium,D-Cylindricotheca closterium,1960
4973,2013,Feb,20,20/02/2013,,16.37073,119.93401,W3,,1,Dinoflagellate,Karenia  mikimotoi,DF-Karenia  mikimotoi,204040
4974,2013,Feb,20,20/02/2013,,16.37073,119.93401,W3,,1,Diatom,Pleurosigma spp.,D-Pleurosigma spp.,140
4975,2013,Feb,20,20/02/2013,,16.37073,119.93401,W3,,1,Dinoflagellate,Prorocentrum micans,DF-Prorocentrum micans,940
4976,2013,Feb,20,20/02/2013,,16.37073,119.93401,W3,,1,Dinoflagellate,Prorocentrum minimum,DF-Prorocentrum minimum,1560
4977,2013,Feb,20,20/02/2013,,16.37073,119.93401,W3,,1,Diatom,Rhizosolenia spp.,D-Rhizosolenia spp.,4040
4978,2013,Feb,20,20/02/2013,,16.37073,119.93401,W3,,1,Diatom,Thalassiosira spp.,D-Thalassiosira spp.,20720
4979,2013,Feb,20,20/02/2013,,16.28459,119.92285,A4,,1,Diatom,Pleurosigma spp.,D-Pleurosigma spp.,260
4980,2013,Feb,20,20/02/2013,,16.28459,119.92285,A4,,1,Dinoflagellate,Karenia  mikimotoi,DF-Karenia  mikimotoi,40
4981,2013,Feb,20,20/02/2013,,16.28459,119.92285,A4,,1,Diatom,Navicula spp.,D-Navicula  spp.,20
4982,2013,Feb,20,20/02/2013,,16.28459,119.92285,A4,,1,Diatom,Navicula spp.,D-Navicula  spp.,20
4983,2013,Feb,20,20/02/2013,,16.28459,119.92285,A4,,1,Dinoflagellate,Prorocentrum micans,DF-Prorocentrum micans,20
4984,2013,Feb,20,20/02/2013,,16.28459,119.92285,A4,,1,Dinoflagellate,Protoperidinium spp.,DF-Protoperidinium spp.,20
4985,2013,Feb,20,20/02/2013,,16.28459,119.92285,A4,,1,Diatom,Rhizosolenia spp.,D-Rhizosolenia spp.,40
4986,2013,Feb,20,20/02/2013,,16.28459,119.92285,A4,,1,Dinoflagellate,Scrippsiella trochoidea,DF-Scrippsiella trochoidea,20
4987,2013,Feb,20,20/02/2013,,16.28459,119.92285,A4,,1,Diatom,Skeletonema costatum,D-Skeletonema costatum,320
4988,2013,Feb,20,20/02/2013,,16.28459,119.92285,A4,,1,Diatom,Thalassiosira spp.,D-Thalassiosira spp.,320
4989,2013,Feb,20,20/02/2013,,16.28459,119.92285,A4,,1,Dinoflagellate,Prorocentrum minimum,DF-Prorocentrum minimum,20
4990,2013,Feb,20,20/02/2013,,16.27365,119.92599,A5,,1,Dinoflagellate,Alexandrium spp.,DF-Alexandrium spp.,1060
4991,2013,Feb,20,20/02/2013,,16.27365,119.92599,A5,,1,Dinoflagellate,Ceratium furca,DF-Ceratium furca,100
4992,2013,Feb,20,20/02/2013,,16.27365,119.92599,A5,,1,Dinoflagellate,Karenia  mikimotoi,DF-Karenia  mikimotoi,2260
4993,2013,Feb,20,20/02/2013,,16.27365,119.92599,A5,,1,Dinoflagellate,Prorocentrum gracile,DF-Prorocentrum gracile,260
4994,2013,Feb,20,20/02/2013,,16.27365,119.92599,A5,,1,Dinoflagellate,Protoperidinium mica1,DF-Protoperidinium mica1,400
4995,2013,Feb,20,20/02/2013,,16.27365,119.92599,A5,,1,Dinoflagellate,Protoperidinium mica1,DF-Protoperidinium mica1,740
4996,2013,Feb,20,20/02/2013,,16.27365,119.92599,A5,,1,Dinoflagellate,Scrippsiella trochoidea,DF-Scrippsiella trochoidea,460
4997,2013,Feb,20,20/02/2013,,16.27365,119.92599,A5,,1,Diatom,Skeletonema costatum,D-Skeletonema costatum,400
4998,2013,Feb,20,20/02/2013,,16.27365,119.92599,A5,,1,Diatom,Thalassiosira spp.,D-Thalassiosira spp.,1820
4999,2013,Feb,20,20/02/2013,,16.27365,119.92599,A5,,1,Dinoflagellate,Prorocentrum minimum,DF-Prorocentrum minimum,3640
5000,2013,Feb,20,20/02/2013,,16.38339,119.91585,TS2,,NB,Dinoflagellate,Ceratium tripos,DF-Ceratium tripos,20
5001,2013,Feb,20,20/02/2013,,16.38339,119.91585,TS2,,NB,Dinoflagellate,Ceratium furca,DF-Ceratium furca,100
5002,2013,Feb,20,20/02/2013,,16.38339,119.91585,TS2,,NB,Diatom,Thalassiosira spp.,D-Thalassiosira spp.,700
5003,2013,Feb,20,20/02/2013,,16.38339,119.91585,TS2,,NB,Dinoflagellate,Karenia  mikimotoi,DF-Karenia  mikimotoi,20440
5004,2013,Feb,20,20/02/2013,,16.38339,119.91585,TS2,,NB,Diatom,Rhizosolenia spp.,D-Rhizosolenia spp.,160
5005,2013,Feb,20,20/02/2013,,16.38339,119.91585,TS2,,NB,Diatom,Navicula spp.,D-Navicula  spp.,60
5006,2013,Feb,20,20/02/2013,,16.38339,119.91585,TS2,,NB,Dinoflagellate,Prorocentrum micans,DF-Prorocentrum micans,60
5007,2013,Feb,20,20/02/2013,,16.38339,119.91585,TS2,,NB,Dinoflagellate,Protoperidinium bipes,DF-Protoperidinium bipes,80
5008,2013,Feb,20,20/02/2013,,16.38339,119.91585,TS2,,NB,Dinoflagellate,Scrippsiella trochoidea,DF-Scrippsiella trochoidea,20
5009,2013,Feb,20,20/02/2013,,16.38339,119.91585,TS2,,NB,Silicoflagellate,Favella sp.,SF-Favella sp.,80
5010,2013,Feb,20,20/02/2013,,16.32003,119.93384,W8,,1,Dinoflagellate,Alexandrium spp.,DF-Alexandrium spp.,340
5011,2013,Feb,20,20/02/2013,,16.32003,119.93384,W8,,1,Dinoflagellate,Ceratium furca,DF-Ceratium furca,60
5012,2013,Feb,20,20/02/2013,,16.32003,119.93384,W8,,1,Diatom,Thalassiosira spp.,D-Thalassiosira spp.,420
5013,2013,Feb,20,20/02/2013,,16.32003,119.93384,W8,,1,Dinoflagellate,Dinophysis caudata,DF-Dinophysis caudata,40
5014,2013,Feb,20,20/02/2013,,16.32003,119.93384,W8,,1,Diatom,Pleurosigma spp.,D-Pleurosigma spp.,580
5015,2013,Feb,20,20/02/2013,,16.32003,119.93384,W8,,1,Dinoflagellate,Karenia  mikimotoi,DF-Karenia  mikimotoi,12000
5016,2013,Feb,20,20/02/2013,,16.32003,119.93384,W8,,1,Diatom,Rhizosolenia spp.,D-Rhizosolenia spp.,160
5017,2013,Feb,20,20/02/2013,,16.32003,119.93384,W8,,1,Diatom,Cylindricotheca closterium,D-Cylindricotheca closterium,420
5018,2013,Feb,20,20/02/2013,,16.32003,119.93384,W8,,1,Diatom,Skeletonema costatum,D-Skeletonema costatum,380
5019,2013,Feb,20,20/02/2013,,16.32003,119.93384,W8,,1,Dinoflagellate,Prorocentrum micans,DF-Prorocentrum micans,200
5020,2013,Feb,20,20/02/2013,,16.32003,119.93384,W8,,1,Dinoflagellate,Protoperidinium pellucidum,DF-Protoperidinium pellucidum,220
5021,2013,Feb,20,20/02/2013,,16.32003,119.93384,W8,,1,Dinoflagellate,Protoperidinium bipes,DF-Protoperidinium bipes,20
5022,2013,Feb,20,20/02/2013,,16.34775,119.93452,W9,,1,Dinoflagellate,Alexandrium spp.,DF-Alexandrium spp.,460
5023,2013,Feb,20,20/02/2013,,16.34775,119.93452,W9,,1,Dinoflagellate,Ceratium furca,DF-Ceratium furca,60
5024,2013,Feb,20,20/02/2013,,16.34775,119.93452,W9,,1,Diatom,Thalassiosira spp.,D-Thalassiosira spp.,1360
5025,2013,Feb,20,20/02/2013,,16.34775,119.93452,W9,,1,Diatom,Thalassiosira spp.,D-Thalassiosira spp.,220
5026,2013,Feb,20,20/02/2013,,16.34775,119.93452,W9,,1,Dinoflagellate,Dinophysis caudata,DF-Dinophysis caudata,60
5027,2013,Feb,20,20/02/2013,,16.34775,119.93452,W9,,1,Diatom,Pleurosigma spp.,D-Pleurosigma spp.,120
5028,2013,Feb,20,20/02/2013,,16.34775,119.93452,W9,,1,Dinoflagellate,Gonyaulax polygramma,DF-Gonyaulax polygramma,20
5029,2013,Feb,20,20/02/2013,,16.34775,119.93452,W9,,1,Dinoflagellate,Karenia  mikimotoi,DF-Karenia  mikimotoi,7660
5030,2013,Feb,20,20/02/2013,,16.34775,119.93452,W9,,1,Diatom,Rhizosolenia spp.,D-Rhizosolenia spp.,300
5031,2013,Feb,20,20/02/2013,,16.34775,119.93452,W9,,1,Diatom,Cylindricotheca closterium,D-Cylindricotheca closterium,60
5032,2013,Feb,20,20/02/2013,,16.34775,119.93452,W9,,1,Diatom,Skeletonema costatum,D-Skeletonema costatum,40
5033,2013,Feb,20,20/02/2013,,16.34775,119.93452,W9,,1,Dinoflagellate,Prorocentrum micans,DF-Prorocentrum micans,240
5034,2013,Feb,20,20/02/2013,,16.34775,119.93452,W9,,1,Dinoflagellate,Protoperidinium spp.,DF-Protoperidinium spp.,200
5035,2013,Feb,20,20/02/2013,,16.34775,119.93452,W9,,1,Dinoflagellate,Protoperidinium spp.,DF-Protoperidinium spp.,20
5036,2013,Feb,20,20/02/2013,,16.34775,119.93452,W9,,1,Dinoflagellate,Protoperidinium bipes,DF-Protoperidinium bipes,180
5037,2013,Feb,20,20/02/2013,,16.34775,119.93452,W9,,1,Dinoflagellate,Scrippsiella trochoidea,DF-Scrippsiella trochoidea,180
5038,2013,Feb,20,20/02/2013,,16.34775,119.93452,W9,,1,Silicoflagellate,Favella sp.,SF-Favella sp.,20
5039,2013,Feb,20,20/02/2013,,16.34775,119.93375,A1,,1,Dinoflagellate,Alexandrium spp.,DF-Alexandrium spp.,820
5040,2013,Feb,20,20/02/2013,,16.34775,119.93375,A1,,1,Dinoflagellate,Alexandrium spp.,DF-Alexandrium spp.,20
5041,2013,Feb,20,20/02/2013,,16.34775,119.93375,A1,,1,Dinoflagellate,Ceratium furca,DF-Ceratium furca,300
5042,2013,Feb,20,20/02/2013,,16.34775,119.93375,A1,,1,Diatom,Coscinodiscus spp.,D-Coscinodiscus spp.,20
5043,2013,Feb,20,20/02/2013,,16.34775,119.93375,A1,,1,Dinoflagellate,Dinophysis caudata,DF-Dinophysis caudata,60
5044,2013,Feb,20,20/02/2013,,16.34775,119.93375,A1,,1,Dinoflagellate,Gonyaulax spinifera,DF-Gonyaulax spinifera,80
5045,2013,Feb,20,20/02/2013,,16.34775,119.93375,A1,,1,Dinoflagellate,Karenia  mikimotoi,DF-Karenia  mikimotoi,85340
5046,2013,Feb,20,20/02/2013,,16.34775,119.93375,A1,,1,Diatom,Pennate Diatom1,D-Pennate Diatom1,280
5047,2013,Feb,20,20/02/2013,,16.34775,119.93375,A1,,1,Diatom,Pleurosigma spp.,D-Pleurosigma spp.,20
5048,2013,Feb,20,20/02/2013,,16.34775,119.93375,A1,,1,Dinoflagellate,Prorocentrum gracile,DF-Prorocentrum gracile,40
5049,2013,Feb,20,20/02/2013,,16.34775,119.93375,A1,,1,Dinoflagellate,Prorocentrum micans,DF-Prorocentrum micans,3780
5050,2013,Feb,20,20/02/2013,,16.34775,119.93375,A1,,1,Dinoflagellate,Prorocentrum minimum,DF-Prorocentrum minimum,920
5051,2013,Feb,20,20/02/2013,,16.34775,119.93375,A1,,1,Dinoflagellate,Protoperidinium conicum,DF-Protoperidinium conicum,20
5052,2013,Feb,20,20/02/2013,,16.34775,119.93375,A1,,1,Dinoflagellate,Protoperidinium pellucidum,DF-Protoperidinium pellucidum,340
5053,2013,Feb,20,20/02/2013,,16.34775,119.93375,A1,,1,Dinoflagellate,Protoperidium latispinum,DF-Protoperidium latispinum,60
5054,2013,Feb,20,20/02/2013,,16.34775,119.93375,A1,,1,Diatom,Rhizosolenia spp.,D-Rhizosolenia spp.,140
5055,2013,Feb,20,20/02/2013,,16.34775,119.93375,A1,,1,Diatom,Rhizosolenia spp.,D-Rhizosolenia spp.,260
5056,2013,Feb,20,20/02/2013,,16.34775,119.93375,A1,,1,Dinoflagellate,Scrippsiella trochoidea,DF-Scrippsiella trochoidea,20
5057,2013,Feb,20,20/02/2013,,16.34775,119.93375,A1,,1,Diatom,Skeletonema costatum,D-Skeletonema costatum,80
5058,2013,Feb,20,20/02/2013,,16.34775,119.93375,A1,,1,Diatom,Thalassiosira spp.,D-Thalassiosira spp.,13960
5059,2013,Feb,20,20/02/2013,,16.34775,119.93452,A2,,1,Dinoflagellate,Ceratium furca,DF-Ceratium furca,1340
5060,2013,Feb,20,20/02/2013,,16.34775,119.93452,A2,,1,Diatom,Cylindricotheca closterium,D-Cylindricotheca closterium,17020
5061,2013,Feb,20,20/02/2013,,16.34775,119.93452,A2,,1,Diatom,Coscinodiscus spp.,D-Coscinodiscus spp.,40
5062,2013,Feb,20,20/02/2013,,16.34775,119.93452,A2,,1,Dinoflagellate,Dinophysis caudata,DF-Dinophysis caudata,40
5063,2013,Feb,20,20/02/2013,,16.34775,119.93452,A2,,1,Dinoflagellate,Karenia  mikimotoi,DF-Karenia  mikimotoi,450880
5064,2013,Feb,20,20/02/2013,,16.34775,119.93452,A2,,1,Silicoflagellate,Favella sp.,SF-Favella sp.,760
5065,2013,Feb,20,20/02/2013,,16.34775,119.93452,A2,,1,Diatom,Pennate Diatom1,D-Pennate Diatom1,380
5066,2013,Feb,20,20/02/2013,,16.34775,119.93452,A2,,1,Diatom,Pleurosigma spp.,D-Pleurosigma spp.,1080
5067,2013,Feb,20,20/02/2013,,16.34775,119.93452,A2,,1,Dinoflagellate,Prorocentrum micans,DF-Prorocentrum micans,7820
5068,2013,Feb,20,20/02/2013,,16.34775,119.93452,A2,,1,Dinoflagellate,Prorocentrum minimum,DF-Prorocentrum minimum,104220
5069,2013,Feb,20,20/02/2013,,16.34775,119.93452,A2,,1,Dinoflagellate,Protoperidinium pallidum,DF-Protoperidinium pallidum,320
5070,2013,Feb,20,20/02/2013,,16.34775,119.93452,A2,,1,Dinoflagellate,Protoperidinium pellucidum,DF-Protoperidinium pellucidum,100
5071,2013,Feb,20,20/02/2013,,16.34775,119.93452,A2,,1,Dinoflagellate,Protoperidinium pentagonum,DF-Protoperidinium pentagonum,20
5072,2013,Feb,20,20/02/2013,,16.34775,119.93452,A2,,1,Dinoflagellate,Protoperidium steinni,DF-Protoperidium steinni,420
5073,2013,Feb,20,20/02/2013,,16.34775,119.93452,A2,,1,Diatom,Rhizosolenia spp.,D-Rhizosolenia spp.,500
5074,2013,Feb,20,20/02/2013,,16.34775,119.93452,A2,,1,Dinoflagellate,Scrippsiella spinifera,DF-Scrippsiella spinifera,940
5075,2013,Feb,20,20/02/2013,,16.34775,119.93452,A2,,1,Dinoflagellate,Scrippsiella trochoidea,DF-Scrippsiella trochoidea,3760
5076,2013,Feb,20,20/02/2013,,16.34775,119.93452,A2,,1,Diatom,Thalassiosira spp.,D-Thalassiosira spp.,11340
5077,2013,Feb,20,20/02/2013,,16.33431,119.95731,A3,,1,Dinoflagellate,Alexandrium spp.,DF-Alexandrium spp.,160
5078,2013,Feb,20,20/02/2013,,16.33431,119.95731,A3,,1,Dinoflagellate,Ceratium furca,DF-Ceratium furca,140
5079,2013,Feb,20,20/02/2013,,16.33431,119.95731,A3,,1,Diatom,Cylindricotheca closterium,D-Cylindricotheca closterium,100
5080,2013,Feb,20,20/02/2013,,16.33431,119.95731,A3,,1,Dinoflagellate,Dinophysis caudata,DF-Dinophysis caudata,80
5081,2013,Feb,20,20/02/2013,,16.33431,119.95731,A3,,1,Dinoflagellate,Gonyaulax polygramma,DF-Gonyaulax polygramma,100
5082,2013,Feb,20,20/02/2013,,16.33431,119.95731,A3,,1,Dinoflagellate,Karenia  mikimotoi,DF-Karenia  mikimotoi,190900
5083,2013,Feb,20,20/02/2013,,16.33431,119.95731,A3,,1,Diatom,Pennate Diatom1,D-Pennate Diatom1,100
5084,2013,Feb,20,20/02/2013,,16.33431,119.95731,A3,,1,Diatom,Pleurosigma spp.,D-Pleurosigma spp.,260
5085,2013,Feb,20,20/02/2013,,16.33431,119.95731,A3,,1,Dinoflagellate,Prorocentrum micans,DF-Prorocentrum micans,3920
5086,2013,Feb,20,20/02/2013,,16.33431,119.95731,A3,,1,Dinoflagellate,Prorocentrum minimum,DF-Prorocentrum minimum,3120
5087,2013,Feb,20,20/02/2013,,16.33431,119.95731,A3,,1,Dinoflagellate,Protoperidinium pallidum,DF-Protoperidinium pallidum,120
5088,2013,Feb,20,20/02/2013,,16.33431,119.95731,A3,,1,Dinoflagellate,Protoperidinium pellucidum,DF-Protoperidinium pellucidum,260
5089,2013,Feb,20,20/02/2013,,16.33431,119.95731,A3,,1,Dinoflagellate,Protoperidinium pentagonum,DF-Protoperidinium pentagonum,20
5090,2013,Feb,20,20/02/2013,,16.33431,119.95731,A3,,1,Dinoflagellate,Protoperidium steinni,DF-Protoperidium steinni,80
5091,2013,Feb,20,20/02/2013,,16.33431,119.95731,A3,,1,Diatom,Rhizosolenia spp.,D-Rhizosolenia spp.,420
5092,2013,Feb,20,20/02/2013,,16.33431,119.95731,A3,,1,Dinoflagellate,Scrippsiella trochoidea,DF-Scrippsiella trochoidea,1900
5093,2013,Feb,20,20/02/2013,,16.33431,119.95731,A3,,1,Diatom,Thalassiosira spp.,D-Thalassiosira spp.,36840
5094,2013,Feb,20,20/02/2013,,16.35572,119.93677,LJC9,,1,Dinoflagellate,Alexandrium spp.,DF-Alexandrium spp.,60
5095,2013,Feb,20,20/02/2013,,16.35572,119.93677,LJC9,,1,Dinoflagellate,Ceratium furca,DF-Ceratium furca,100
5096,2013,Feb,20,20/02/2013,,16.35572,119.93677,LJC9,,1,Dinoflagellate,Dinophysis caudata,DF-Dinophysis caudata,80
5097,2013,Feb,20,20/02/2013,,16.35572,119.93677,LJC9,,1,Dinoflagellate,Gonyaulax spinifera,DF-Gonyaulax spinifera,280
5098,2013,Feb,20,20/02/2013,,16.35572,119.93677,LJC9,,1,Dinoflagellate,Karenia  mikimotoi,DF-Karenia  mikimotoi,69200
5099,2013,Feb,20,20/02/2013,,16.35572,119.93677,LJC9,,1,Diatom,Pleurosigma spp.,D-Pleurosigma spp.,80
5100,2013,Feb,20,20/02/2013,,16.35572,119.93677,LJC9,,1,Dinoflagellate,Prorocentrum micans,DF-Prorocentrum micans,540
5101,2013,Feb,20,20/02/2013,,16.35572,119.93677,LJC9,,1,Dinoflagellate,Prorocentrum minimum,DF-Prorocentrum minimum,1940
5102,2013,Feb,20,20/02/2013,,16.35572,119.93677,LJC9,,1,Dinoflagellate,Protoperidinium pellucidum,DF-Protoperidinium pellucidum,40
5103,2013,Feb,20,20/02/2013,,16.35572,119.93677,LJC9,,1,Dinoflagellate,Protoperidium latispinum,DF-Protoperidium latispinum,200
5104,2013,Feb,20,20/02/2013,,16.35572,119.93677,LJC9,,1,Diatom,Rhizosolenia spp.,D-Rhizosolenia spp.,660
5105,2013,Feb,20,20/02/2013,,16.35572,119.93677,LJC9,,1,Diatom,Rhizosolenia spp.,D-Rhizosolenia spp.,60
5106,2013,Feb,20,20/02/2013,,16.35572,119.93677,LJC9,,1,Dinoflagellate,Scrippsiella trochoidea,DF-Scrippsiella trochoidea,2200
5107,2013,Feb,20,20/02/2013,,16.35572,119.93677,LJC9,,1,Diatom,Thalassiosira spp.,D-Thalassiosira spp.,6420
5108,2013,Feb,20,20/02/2013,,16.39578,119.90667,RVA3,,1,Dinoflagellate,Alexandrium spp.,DF-Alexandrium spp.,20
5109,2013,Feb,20,20/02/2013,,16.39578,119.90667,RVA3,,1,Dinoflagellate,Karenia  mikimotoi,DF-Karenia  mikimotoi,149300
5110,2013,Feb,20,20/02/2013,,16.39578,119.90667,RVA3,,1,Dinoflagellate,Prorocentrum micans,DF-Prorocentrum micans,140
5111,2013,Feb,20,20/02/2013,,16.39578,119.90667,RVA3,,1,Dinoflagellate,Prorocentrum minimum,DF-Prorocentrum minimum,300
5112,2013,Feb,20,20/02/2013,,16.39578,119.90667,RVA3,,1,Diatom,Rhizosolenia spp.,D-Rhizosolenia spp.,320
5113,2013,Feb,20,20/02/2013,,16.39578,119.90667,RVA3,,1,Dinoflagellate,Scrippsiella trochoidea,DF-Scrippsiella trochoidea,160
5114,2013,Feb,20,20/02/2013,,16.39578,119.90667,RVA3,,1,Diatom,Thalassiosira spp.,D-Thalassiosira spp.,3820
5115,2013,Feb,20,20/02/2013,,16.39578,119.90667,RVA3,,1,Silicoflagellate,Tintinopsis,SF-Tintinopsis,40
5116,2013,Feb,20,20/02/2013,,16.39578,119.90667,RVA3,,NB,Dinoflagellate,Alexandrium spp.,DF-Alexandrium spp.,20
5117,2013,Feb,20,20/02/2013,,16.39578,119.90667,RVA3,,NB,Dinoflagellate,Karenia  mikimotoi,DF-Karenia  mikimotoi,149300
5118,2013,Feb,20,20/02/2013,,16.39578,119.90667,RVA3,,NB,Dinoflagellate,Prorocentrum micans,DF-Prorocentrum micans,140
5119,2013,Feb,20,20/02/2013,,16.39578,119.90667,RVA3,,NB,Dinoflagellate,Prorocentrum minimum,DF-Prorocentrum minimum,300
5120,2013,Feb,20,20/02/2013,,16.39578,119.90667,RVA3,,NB,Diatom,Rhizosolenia spp.,D-Rhizosolenia spp.,320
5121,2013,Feb,20,20/02/2013,,16.39578,119.90667,RVA3,,NB,Dinoflagellate,Scrippsiella trochoidea,DF-Scrippsiella trochoidea,160
5122,2013,Feb,20,20/02/2013,,16.39578,119.90667,RVA3,,NB,Diatom,Thalassiosira spp.,D-Thalassiosira spp.,3820
5123,2013,Feb,20,20/02/2013,,16.39578,119.90667,RVA3,,NB,Silicoflagellate,Tintinopsis,SF-Tintinopsis,40
5124,2013,Feb,20,20/02/2013,,16.39578,119.90667,RVA3,,1,Dinoflagellate,Alexandrium spp.,DF-Alexandrium spp.,100
5125,2013,Feb,20,20/02/2013,,16.39578,119.90667,RVA3,,1,Dinoflagellate,Ceratium furca,DF-Ceratium furca,20
5126,2013,Feb,20,20/02/2013,,16.39578,119.90667,RVA3,,1,Diatom,Coscinodiscus spp.,D-Coscinodiscus spp.,40
5127,2013,Feb,20,20/02/2013,,16.39578,119.90667,RVA3,,1,Dinoflagellate,Gonyaulax spinifera,DF-Gonyaulax spinifera,20
5128,2013,Feb,20,20/02/2013,,16.39578,119.90667,RVA3,,1,Dinoflagellate,Gymnodinium sp.,DF-Gymnodinium sp.,80
5129,2013,Feb,20,20/02/2013,,16.39578,119.90667,RVA3,,1,Dinoflagellate,Karenia  mikimotoi,DF-Karenia  mikimotoi,56900
5130,2013,Feb,20,20/02/2013,,16.39578,119.90667,RVA3,,1,Dinoflagellate,Prorocentrum gracile,DF-Prorocentrum gracile,20
5131,2013,Feb,20,20/02/2013,,16.39578,119.90667,RVA3,,1,Dinoflagellate,Prorocentrum micans,DF-Prorocentrum micans,20
5132,2013,Feb,20,20/02/2013,,16.39578,119.90667,RVA3,,1,Dinoflagellate,Prorocentrum minimum,DF-Prorocentrum minimum,200
5133,2013,Feb,20,20/02/2013,,16.39578,119.90667,RVA3,,1,Diatom,Rhizosolenia spp.,D-Rhizosolenia spp.,380
5134,2013,Feb,20,20/02/2013,,16.39578,119.90667,RVA3,,1,Dinoflagellate,Scrippsiella trochoidea,DF-Scrippsiella trochoidea,20
5135,2013,Feb,20,20/02/2013,,16.39578,119.90667,RVA3,,1,Diatom,Thalassiosira spp.,D-Thalassiosira spp.,480
5136,2013,Feb,20,20/02/2013,,16.30944,119.92063,TS1,,NB,Dinoflagellate,Alexandrium spp.,DF-Alexandrium spp.,60
5137,2013,Feb,20,20/02/2013,,16.30944,119.92063,TS1,,NB,Dinoflagellate,Ceratium furca,DF-Ceratium furca,40
5138,2013,Feb,20,20/02/2013,,16.30944,119.92063,TS1,,NB,Diatom,Cylindricotheca closterium,D-Cylindricotheca closterium,17080
5139,2013,Feb,20,20/02/2013,,16.30944,119.92063,TS1,,NB,Dinoflagellate,Dinophysis caudata,DF-Dinophysis caudata,20
5140,2013,Feb,20,20/02/2013,,16.30944,119.92063,TS1,,NB,Dinoflagellate,Karenia  mikimotoi,DF-Karenia  mikimotoi,364220
5141,2013,Feb,20,20/02/2013,,16.30944,119.92063,TS1,,NB,Silicoflagellate,Favella sp.,SF-Favella sp.,60
5142,2013,Feb,20,20/02/2013,,16.30944,119.92063,TS1,,NB,Diatom,Pennate Diatom1,D-Pennate Diatom1,2680
5143,2013,Feb,20,20/02/2013,,16.30944,119.92063,TS1,,NB,Diatom,Pleurosigma spp.,D-Pleurosigma spp.,4600
5144,2013,Feb,20,20/02/2013,,16.30944,119.92063,TS1,,NB,Diatom,Pleurosigma sp2.,D-Pleurosigma sp. 2,1800
5145,2013,Feb,20,20/02/2013,,16.30944,119.92063,TS1,,NB,Dinoflagellate,Prorocentrum micans,DF-Prorocentrum micans,3800
5146,2013,Feb,20,20/02/2013,,16.30944,119.92063,TS1,,NB,Dinoflagellate,Prorocentrum minimum,DF-Prorocentrum minimum,64020
5147,2013,Feb,20,20/02/2013,,16.30944,119.92063,TS1,,NB,Dinoflagellate,Protoperidium steinni,DF-Protoperidium steinni,260
5148,2013,Feb,20,20/02/2013,,16.30944,119.92063,TS1,,NB,Diatom,Rhizosolenia spp.,D-Rhizosolenia spp.,2900
5149,2013,Feb,20,20/02/2013,,16.30944,119.92063,TS1,,NB,Dinoflagellate,Scrippsiella spinifera,DF-Scrippsiella spinifera,100
5150,2013,Feb,20,20/02/2013,,16.30944,119.92063,TS1,,NB,Dinoflagellate,Scrippsiella trochoidea,DF-Scrippsiella trochoidea,4700
5151,2013,Feb,20,20/02/2013,,16.30944,119.92063,TS1,,NB,Diatom,Thalassiosira spp.,D-Thalassiosira spp.,37120
5152,2013,Feb,20,20/02/2013,,16.30944,119.92063,TS1,,1,Diatom,Cylindricotheca closterium,D-Cylindricotheca closterium,1740
5153,2013,Feb,20,20/02/2013,,16.30944,119.92063,TS1,,1,Dinoflagellate,Ceratium furca,DF-Ceratium furca,16980
5154,2013,Feb,20,20/02/2013,,16.30944,119.92063,TS1,,1,Dinoflagellate,Dinophysis caudata,DF-Dinophysis caudata,1060
5155,2013,Feb,20,20/02/2013,,16.30944,119.92063,TS1,,1,Dinoflagellate,Karenia  mikimotoi,DF-Karenia  mikimotoi,4631120
5156,2013,Feb,20,20/02/2013,,16.30944,119.92063,TS1,,1,Diatom,Pleurosigma spp.,D-Pleurosigma spp.,440
5157,2013,Feb,20,20/02/2013,,16.30944,119.92063,TS1,,1,Dinoflagellate,Prorocentrum micans,DF-Prorocentrum micans,3540
5158,2013,Feb,20,20/02/2013,,16.30944,119.92063,TS1,,1,Dinoflagellate,Prorocentrum minimum,DF-Prorocentrum minimum,573400
5159,2013,Feb,20,20/02/2013,,16.30944,119.92063,TS1,,1,Dinoflagellate,Protoperidium latispinum,DF-Protoperidium latispinum,960
5160,2013,Feb,20,20/02/2013,,16.30944,119.92063,TS1,,1,Diatom,Rhizosolenia spp.,D-Rhizosolenia spp.,880
5161,2013,Feb,20,20/02/2013,,16.30944,119.92063,TS1,,1,Dinoflagellate,Scrippsiella trochoidea,DF-Scrippsiella trochoidea,68200
5162,2013,Feb,20,20/02/2013,,16.30944,119.92063,TS1,,1,Diatom,Thalassiosira spp.,D-Thalassiosira spp.,39100
5163,2013,Feb,20,20/02/2013,,16.38339,119.91585,TS2,,1,Dinoflagellate,Karenia  mikimotoi,DF-Karenia  mikimotoi,60220
5164,2013,Feb,20,20/02/2013,,16.38339,119.91585,TS2,,1,Diatom,Rhizosolenia spp.,D-Rhizosolenia spp.,300
5165,2013,Feb,20,20/02/2013,,16.38339,119.91585,TS2,,1,Diatom,Thalassiosira spp.,D-Thalassiosira spp.,460
5166,2013,Feb,20,20/02/2013,,16.34927,119.94606,W1,,1,Dinoflagellate,Ceratium furca,DF-Ceratium furca,440
5167,2013,Feb,20,20/02/2013,,16.34927,119.94606,W1,,1,Diatom,Cylindricotheca closterium,D-Cylindricotheca closterium,320
5168,2013,Feb,20,20/02/2013,,16.34927,119.94606,W1,,1,Diatom,Guinardia,D-Guinardia,20
5169,2013,Feb,20,20/02/2013,,16.34927,119.94606,W1,,1,Dinoflagellate,Karenia  mikimotoi,DF-Karenia  mikimotoi,390680
5170,2013,Feb,20,20/02/2013,,16.34927,119.94606,W1,,1,Silicoflagellate,Favella sp.,SF-Favella sp.,120
5171,2013,Feb,20,20/02/2013,,16.34927,119.94606,W1,,1,Diatom,Pennate Diatom1,D-Pennate Diatom1,200
5172,2013,Feb,20,20/02/2013,,16.34927,119.94606,W1,,1,Diatom,Pleurosigma spp.,D-Pleurosigma spp.,120
5173,2013,Feb,20,20/02/2013,,16.34927,119.94606,W1,,1,Diatom,Pleurosigma sp2.,D-Pleurosigma sp. 2,80
5174,2013,Feb,20,20/02/2013,,16.34927,119.94606,W1,,1,Dinoflagellate,Prorocentrum micans,DF-Prorocentrum micans,740
5175,2013,Feb,20,20/02/2013,,16.34927,119.94606,W1,,1,Dinoflagellate,Prorocentrum minimum,DF-Prorocentrum minimum,1400
5176,2013,Feb,20,20/02/2013,,16.34927,119.94606,W1,,1,Dinoflagellate,Protoperidium steinni,DF-Protoperidium steinni,100
5177,2013,Feb,20,20/02/2013,,16.34927,119.94606,W1,,1,Diatom,Rhizosolenia spp.,D-Rhizosolenia spp.,1780
5178,2013,Feb,20,20/02/2013,,16.34927,119.94606,W1,,1,Dinoflagellate,Scrippsiella spinifera,DF-Scrippsiella spinifera,40
5179,2013,Feb,20,20/02/2013,,16.34927,119.94606,W1,,1,Dinoflagellate,Scrippsiella trochoidea,DF-Scrippsiella trochoidea,2340
5180,2013,Feb,20,20/02/2013,,16.34927,119.94606,W1,,1,Diatom,Thalassiosira spp.,D-Thalassiosira spp.,30420
5181,2013,Feb,20,20/02/2013,,16.33668,119.94476,W2A,,1,Dinoflagellate,Alexandrium spp.,DF-Alexandrium spp.,840
5182,2013,Feb,20,20/02/2013,,16.33668,119.94476,W2A,,1,Dinoflagellate,Ceratium furca,DF-Ceratium furca,240
5183,2013,Feb,20,20/02/2013,,16.33668,119.94476,W2A,,1,Dinoflagellate,Gonyaulax spinifera,DF-Gonyaulax spinifera,120
5184,2013,Feb,20,20/02/2013,,16.33668,119.94476,W2A,,1,Dinoflagellate,Karenia  mikimotoi,DF-Karenia  mikimotoi,126860
5185,2013,Feb,20,20/02/2013,,16.33668,119.94476,W2A,,1,Diatom,Pleurosigma spp.,D-Pleurosigma spp.,140
5186,2013,Feb,20,20/02/2013,,16.33668,119.94476,W2A,,1,Dinoflagellate,Prorocentrum micans,DF-Prorocentrum micans,1540
5187,2013,Feb,20,20/02/2013,,16.33668,119.94476,W2A,,1,Dinoflagellate,Prorocentrum minimum,DF-Prorocentrum minimum,2620
5188,2013,Feb,20,20/02/2013,,16.33668,119.94476,W2A,,1,Dinoflagellate,Protoperidinium latispinum,DF-Protoperidinium latispinum,940
5189,2013,Feb,20,20/02/2013,,16.33668,119.94476,W2A,,1,Dinoflagellate,Protoperidinium tellissinium,DF-Protoperidinium tellissinium,60
5190,2013,Feb,20,20/02/2013,,16.33668,119.94476,W2A,,1,Dinoflagellate,Protosperidium diverge1,DF-Protosperidium diverge1,200
5191,2013,Feb,20,20/02/2013,,16.33668,119.94476,W2A,,1,Diatom,Rhizosolenia spp.,D-Rhizosolenia spp.,1800
5192,2013,Feb,20,20/02/2013,,16.33668,119.94476,W2A,,1,Diatom,Rhizosolenia spp.,D-Rhizosolenia spp.,400
5193,2013,Feb,20,20/02/2013,,16.33668,119.94476,W2A,,1,Diatom,Thalassiosira spp.,D-Thalassiosira spp.,11400
5194,2013,Feb,20,20/02/2013,,16.37073,119.93401,W3,,NB,Dinoflagellate,Alexandrium spp.,DF-Alexandrium spp.,140
5195,2013,Feb,20,20/02/2013,,16.37073,119.93401,W3,,NB,Dinoflagellate,Ceratium furca,DF-Ceratium furca,120
5196,2013,Feb,20,20/02/2013,,16.37073,119.93401,W3,,NB,Dinoflagellate,Dinophysis caudata,DF-Dinophysis caudata,40
5197,2013,Feb,20,20/02/2013,,16.37073,119.93401,W3,,NB,Silicoflagellate,Favella sp.,SF-Favella sp.,260
5198,2013,Feb,20,20/02/2013,,16.37073,119.93401,W3,,NB,Dinoflagellate,Gonyaulax spinifera,DF-Gonyaulax spinifera,40
5199,2013,Feb,20,20/02/2013,,16.37073,119.93401,W3,,NB,Dinoflagellate,Gymnodinium sp.,DF-Gymnodinium sp.,260
5200,2013,Feb,20,20/02/2013,,16.37073,119.93401,W3,,NB,Dinoflagellate,Karenia  mikimotoi,DF-Karenia  mikimotoi,34460
5201,2013,Feb,20,20/02/2013,,16.37073,119.93401,W3,,NB,Dinoflagellate,Prorocentrum micans,DF-Prorocentrum micans,1500
5202,2013,Feb,20,20/02/2013,,16.37073,119.93401,W3,,NB,Dinoflagellate,Prorocentrum minimum,DF-Prorocentrum minimum,600
5203,2013,Feb,20,20/02/2013,,16.37073,119.93401,W3,,NB,Dinoflagellate,Protoperidinium pallidum,DF-Protoperidinium pallidum,60
5204,2013,Feb,20,20/02/2013,,16.37073,119.93401,W3,,NB,Dinoflagellate,Protoperidinium pellucidum,DF-Protoperidinium pellucidum,20
5205,2013,Feb,20,20/02/2013,,16.37073,119.93401,W3,,NB,Dinoflagellate,Protoperidium latispinum,DF-Protoperidium latispinum,160
5206,2013,Feb,20,20/02/2013,,16.37073,119.93401,W3,,NB,Diatom,Rhizosolenia spp.,D-Rhizosolenia spp.,420
5207,2013,Feb,20,20/02/2013,,16.37073,119.93401,W3,,NB,Dinoflagellate,Scrippsiella trochoidea,DF-Scrippsiella trochoidea,100
5208,2013,Feb,20,20/02/2013,,16.37073,119.93401,W3,,NB,Diatom,Skeletonema costatum,D-Skeletonema costatum,20
5209,2013,Feb,20,20/02/2013,,16.37073,119.93401,W3,,NB,Diatom,Thalassiosira spp.,D-Thalassiosira spp.,5420
5210,2013,Feb,20,20/02/2013,,16.37052,119.94857,W10,,1,Dinoflagellate,Alexandrium spp.,DF-Alexandrium spp.,20
5211,2013,Feb,20,20/02/2013,,16.37052,119.94857,W10,,1,Dinoflagellate,Ceratium furca,DF-Ceratium furca,560
5212,2013,Feb,20,20/02/2013,,16.37052,119.94857,W10,,1,Diatom,Chaetoceros spp.,D-Chaetoceros spp.,80
5213,2013,Feb,20,20/02/2013,,16.37052,119.94857,W10,,1,Dinoflagellate,Dinophysis caudata,DF-Dinophysis caudata,60
5214,2013,Feb,20,20/02/2013,,16.37052,119.94857,W10,,1,Dinoflagellate,Karenia  mikimotoi,DF-Karenia  mikimotoi,75300
5215,2013,Feb,20,20/02/2013,,16.37052,119.94857,W10,,1,Diatom,Pleurosigma spp.,D-Pleurosigma spp.,60
5216,2013,Feb,20,20/02/2013,,16.37052,119.94857,W10,,1,Dinoflagellate,Prorocentrum micans,DF-Prorocentrum micans,80
5217,2013,Feb,20,20/02/2013,,16.37052,119.94857,W10,,1,Dinoflagellate,Prorocentrum minimum,DF-Prorocentrum minimum,80
5218,2013,Feb,20,20/02/2013,,16.37052,119.94857,W10,,1,Dinoflagellate,Protoperidinium pallidum,DF-Protoperidinium pallidum,20
5219,2013,Feb,20,20/02/2013,,16.37052,119.94857,W10,,1,Dinoflagellate,Protoperidinium pellucidum,DF-Protoperidinium pellucidum,20
5220,2013,Feb,20,20/02/2013,,16.37052,119.94857,W10,,1,Diatom,Rhizosolenia spp.,D-Rhizosolenia spp.,120
5221,2013,Feb,20,20/02/2013,,16.37052,119.94857,W10,,1,Diatom,Rhizosolenia spp.,D-Rhizosolenia spp.,40
5222,2013,Feb,20,20/02/2013,,16.37052,119.94857,W10,,1,Dinoflagellate,Scrippsiella trochoidea,DF-Scrippsiella trochoidea,160
5223,2013,Feb,20,20/02/2013,,16.37052,119.94857,W10,,1,Diatom,Thalassiosira spp.,D-Thalassiosira spp.,5740
5224,2013,Feb,20,20/02/2013,,16.38326,119.92616,W11,,NB,Diatom,Coscinodiscus spp.,D-Coscinodiscus spp.,20
5225,2013,Feb,20,20/02/2013,,16.38326,119.92616,W11,,NB,Dinoflagellate,Karenia  mikimotoi,DF-Karenia  mikimotoi,62400
5226,2013,Feb,20,20/02/2013,,16.38326,119.92616,W11,,NB,Dinoflagellate,Prorocentrum micans,DF-Prorocentrum micans,1180
5227,2013,Feb,20,20/02/2013,,16.38326,119.92616,W11,,NB,Dinoflagellate,Prorocentrum minimum,DF-Prorocentrum minimum,4500
5228,2013,Feb,20,20/02/2013,,16.38326,119.92616,W11,,NB,Dinoflagellate,Protoperidium steinni,DF-Protoperidium steinni,40
5229,2013,Feb,20,20/02/2013,,16.38326,119.92616,W11,,NB,Diatom,Rhizosolenia spp.,D-Rhizosolenia spp.,2100
5230,2013,Feb,20,20/02/2013,,16.38326,119.92616,W11,,NB,Dinoflagellate,Scrippsiella trochoidea,DF-Scrippsiella trochoidea,300
5231,2013,Feb,20,20/02/2013,,16.38326,119.92616,W11,,NB,Diatom,Thalassiosira spp.,D-Thalassiosira spp.,15100
5232,2013,Feb,20,20/02/2013,,16.38326,119.92616,W11,,1,Dinoflagellate,Alexandrium spp.,DF-Alexandrium spp.,20
5233,2013,Feb,20,20/02/2013,,16.38326,119.92616,W11,,1,Dinoflagellate,Ceratium furca,DF-Ceratium furca,560
5234,2013,Feb,20,20/02/2013,,16.38326,119.92616,W11,,1,Diatom,Cylindricotheca closterium,D-Cylindricotheca closterium,1360
5235,2013,Feb,20,20/02/2013,,16.38326,119.92616,W11,,1,Dinoflagellate,Gonyaulax spinifera,DF-Gonyaulax spinifera,60
5236,2013,Feb,20,20/02/2013,,16.38326,119.92616,W11,,1,Dinoflagellate,Karenia  mikimotoi,DF-Karenia  mikimotoi,473560
5237,2013,Feb,20,20/02/2013,,16.38326,119.92616,W11,,1,Silicoflagellate,Tintinopsis,SF-Tintinopsis,20
5238,2013,Feb,20,20/02/2013,,16.38326,119.92616,W11,,1,Diatom,Pennate Diatom1,D-Pennate Diatom1,20
5239,2013,Feb,20,20/02/2013,,16.38326,119.92616,W11,,1,Diatom,Pleurosigma spp.,D-Pleurosigma spp.,60
5240,2013,Feb,20,20/02/2013,,16.38326,119.92616,W11,,1,Dinoflagellate,Prorocentrum micans,DF-Prorocentrum micans,1560
5241,2013,Feb,20,20/02/2013,,16.38326,119.92616,W11,,1,Dinoflagellate,Prorocentrum minimum,DF-Prorocentrum minimum,5660
5242,2013,Feb,20,20/02/2013,,16.38326,119.92616,W11,,1,Dinoflagellate,Protoperidinium conicum,DF-Protoperidinium conicum,20
5243,2013,Feb,20,20/02/2013,,16.38326,119.92616,W11,,1,Dinoflagellate,Protoperidinium depressum,DF-Protoperidinium depressum,40
5244,2013,Feb,20,20/02/2013,,16.38326,119.92616,W11,,1,Dinoflagellate,Protoperidinium pallidum,DF-Protoperidinium pallidum,20
5245,2013,Feb,20,20/02/2013,,16.38326,119.92616,W11,,1,Dinoflagellate,Protoperidinium spp.,DF-Protoperidinium spp.,20
5246,2013,Feb,20,20/02/2013,,16.38326,119.92616,W11,,1,Dinoflagellate,Protoperidium latispinum,DF-Protoperidium latispinum,80
5247,2013,Feb,20,20/02/2013,,16.38326,119.92616,W11,,1,Diatom,Rhizosolenia spp.,D-Rhizosolenia spp.,600
5248,2013,Feb,20,20/02/2013,,16.38326,119.92616,W11,,1,Diatom,Rhizosolenia spp.,D-Rhizosolenia spp.,60
5249,2013,Feb,20,20/02/2013,,16.38326,119.92616,W11,,1,Dinoflagellate,Scrippsiella trochoidea,DF-Scrippsiella trochoidea,2440
5250,2013,Feb ,20,20/02/2013,,16.38326,119.92616,W11,,1,Diatom,Thalassiosira spp.,D-Thalassiosira spp.,6840
5252,2013,Mar,22,22/03/2013,,16.34775,119.93375,A1,,1,Diatom,Pennate Diatom1,D-Pennate Diatom1,120
5253,2013,Mar,22,22/03/2013,,16.34775,119.93375,A1,,1,Diatom,Pleurosigma sp2.,D-Pleurosigma sp. 2,220
5254,2013,Mar,22,22/03/2013,,16.34775,119.93375,A1,,1,Dinoflagellate,Prorocentrum micans,DF-Prorocentrum micans,300
5255,2013,Mar,22,22/03/2013,,16.34775,119.93375,A1,,1,Dinoflagellate,Prorocentrum minimum,DF-Prorocentrum minimum,1520
5256,2013,Mar,22,22/03/2013,,16.34775,119.93375,A1,,1,Dinoflagellate,Protoperidium steinni,DF-Protoperidium steinni,60
5257,2013,Mar,22,22/03/2013,,16.34775,119.93375,A1,,1,Diatom,Rhizosolenia spp.,D-Rhizosolenia spp.,4080
5258,2013,Mar,22,22/03/2013,,16.34775,119.93375,A1,,1,Dinoflagellate,Scrippsiella trochoidea,DF-Scrippsiella trochoidea,64640
5259,2013,Mar,22,22/03/2013,,16.34775,119.93375,A1,,1,Diatom,Skeletonema costatum,D-Skeletonema costatum,280
5260,2013,Mar,22,22/03/2013,,16.34775,119.93375,A1,,1,Diatom,Thalassiosira spp.,D-Thalassiosira spp.,520
5261,2013,Mar,22,22/03/2013,,16.34775,119.93452,A2,,1,Dinoflagellate,Ceratium furca,DF-Ceratium furca,180
5262,2013,Mar,22,22/03/2013,,16.34775,119.93452,A2,,1,Diatom,Cylindricotheca closterium,D-Cylindricotheca closterium,5280
5263,2013,Mar,22,22/03/2013,,16.34775,119.93452,A2,,1,Dinoflagellate,Dinophysis caudata,DF-Dinophysis caudata,40
5264,2013,Mar,22,22/03/2013,,16.34775,119.93452,A2,,1,Silicoflagellate,Favella sp.,SF-Favella sp.,40
5265,2013,Mar,22,22/03/2013,,16.34775,119.93452,A2,,1,Diatom,Pleurosigma sp2.,D-Pleurosigma sp. 2,660
5266,2013,Mar,22,22/03/2013,,16.34775,119.93452,A2,,1,Dinoflagellate,Prorocentrum micans,DF-Prorocentrum micans,740
5267,2013,Mar,22,22/03/2013,,16.34775,119.93452,A2,,1,Dinoflagellate,Prorocentrum minimum,DF-Prorocentrum minimum,42020
5268,2013,Mar,22,22/03/2013,,16.34775,119.93452,A2,,1,Dinoflagellate,Protoperidinium latispinum,DF-Protoperidinium latispinum,80
5269,2013,Mar,22,22/03/2013,,16.34775,119.93452,A2,,1,Dinoflagellate,Protoperidinium pallidum,DF-Protoperidinium pallidum,20
5270,2013,Mar,22,22/03/2013,,16.34775,119.93452,A2,,1,Dinoflagellate,Protoperidinium pellucidum,DF-Protoperidinium pellucidum,60
5271,2013,Mar,22,22/03/2013,,16.34775,119.93452,A2,,1,Dinoflagellate,Protoperidium steinni,DF-Protoperidium steinni,80
5272,2013,Mar,22,22/03/2013,,16.34775,119.93452,A2,,1,Diatom,Rhizosolenia spp.,D-Rhizosolenia spp.,2400
5273,2013,Mar,22,22/03/2013,,16.34775,119.93452,A2,,1,Dinoflagellate,Scrippsiella trochoidea,DF-Scrippsiella trochoidea,29980
5274,2013,Mar,22,22/03/2013,,16.34775,119.93452,A2,,1,Diatom,Skeletonema costatum,D-Skeletonema costatum,980
5275,2013,Mar,22,22/03/2013,,16.34775,119.93452,A2,,1,Diatom,Thalassiosira spp.,D-Thalassiosira spp.,1560
5276,2013,Mar,22,22/03/2013,,16.33431,119.95731,A3,,1,Dinoflagellate,Ceratium furca,DF-Ceratium furca,100
5277,2013,Mar,22,22/03/2013,,16.33431,119.95731,A3,,1,Diatom,Chaetoceros spp.,D-Chaetoceros spp.,60
5278,2013,Mar,22,22/03/2013,,16.33431,119.95731,A3,,1,Diatom,Cylindricotheca closterium,D-Cylindricotheca closterium,24600
5279,2013,Mar,22,22/03/2013,,16.33431,119.95731,A3,,1,Diatom,Guinardia,D-Guinardia,280
5280,2013,Mar,22,22/03/2013,,16.33431,119.95731,A3,,1,Silicoflagellate,Favella sp.,SF-Favella sp.,420
5281,2013,Mar,22,22/03/2013,,16.33431,119.95731,A3,,1,Diatom,Pennate Diatom1,D-Pennate Diatom1,520
5282,2013,Mar,22,22/03/2013,,16.33431,119.95731,A3,,1,Diatom,Pleurosigma sp2.,D-Pleurosigma sp. 2,1160
5283,2013,Mar,22,22/03/2013,,16.33431,119.95731,A3,,1,Dinoflagellate,Prorocentrum micans,DF-Prorocentrum micans,340
5284,2013,Mar,22,22/03/2013,,16.33431,119.95731,A3,,1,Dinoflagellate,Prorocentrum minimum,DF-Prorocentrum minimum,420
5285,2013,Mar,22,22/03/2013,,16.33431,119.95731,A3,,1,Diatom,Pseudonitzschia spp.,D-Pseudonitzschia spp.,900
5286,2013,Mar,22,22/03/2013,,16.33431,119.95731,A3,,1,Diatom,Rhizosolenia spp.,D-Rhizosolenia spp.,8400
5287,2013,Mar,22,22/03/2013,,16.33431,119.95731,A3,,1,Dinoflagellate,Scrippsiella spinifera,DF-Scrippsiella spinifera,60
5288,2013,Mar,22,22/03/2013,,16.33431,119.95731,A3,,1,Dinoflagellate,Scrippsiella trochoidea,DF-Scrippsiella trochoidea,2360
5289,2013,Mar,22,22/03/2013,,16.33431,119.95731,A3,,1,Diatom,Skeletonema costatum,D-Skeletonema costatum,25740
5290,2013,Mar,22,22/03/2013,,16.33431,119.95731,A3,,1,Diatom,Thalassiosira spp.,D-Thalassiosira spp.,500
5291,2013,Mar,22,22/03/2013,,16.28459,119.92285,A4,,1,Dinoflagellate,Ceratium furca,DF-Ceratium furca,660
5292,2013,Mar,22,22/03/2013,,16.28459,119.92285,A4,,1,Diatom,Cylindricotheca closterium,D-Cylindricotheca closterium,960
5293,2013,Mar,22,22/03/2013,,16.28459,119.92285,A4,,1,Dinoflagellate,Dinophysis caudata,DF-Dinophysis caudata,520
5294,2013,Mar,22,22/03/2013,,16.28459,119.92285,A4,,1,Dinoflagellate,Karenia  mikimotoi,DF-Karenia  mikimotoi,600
5295,2013,Mar,22,22/03/2013,,16.28459,119.92285,A4,,1,Diatom,Odontella spp.,D-Odontella spp.,40
5296,2013,Mar,22,22/03/2013,,16.28459,119.92285,A4,,1,Silicoflagellate,Favella sp.,SF-Favella sp.,460
5297,2013,Mar,22,22/03/2013,,16.28459,119.92285,A4,,1,Diatom,Pennate Diatom1,D-Pennate Diatom1,80
5298,2013,Mar,22,22/03/2013,,16.28459,119.92285,A4,,1,Diatom,Pleurosigma spp.,D-Pleurosigma spp.,920
5299,2013,Mar,22,22/03/2013,,16.28459,119.92285,A4,,1,Diatom,Pleurosigma sp2.,D-Pleurosigma sp. 2,140
5300,2013,Mar,22,22/03/2013,,16.28459,119.92285,A4,,1,Dinoflagellate,Prorocentrum micans,DF-Prorocentrum micans,400
5301,2013,Mar,22,22/03/2013,,16.28459,119.92285,A4,,1,Dinoflagellate,Prorocentrum minimum,DF-Prorocentrum minimum,98800
5302,2013,Mar,22,22/03/2013,,16.28459,119.92285,A4,,1,Dinoflagellate,Protoperidinium conicum,DF-Protoperidinium conicum,40
5303,2013,Mar,22,22/03/2013,,16.28459,119.92285,A4,,1,Dinoflagellate,Protoperidinium latispinum,DF-Protoperidinium latispinum,80
5304,2013,Mar,22,22/03/2013,,16.28459,119.92285,A4,,1,Dinoflagellate,Protoperidinium pallidum,DF-Protoperidinium pallidum,180
5305,2013,Mar,22,22/03/2013,,16.28459,119.92285,A4,,1,Dinoflagellate,Protoperidinium pellucidum,DF-Protoperidinium pellucidum,1640
5306,2013,Mar,22,22/03/2013,,16.28459,119.92285,A4,,1,Dinoflagellate,Protoperidium steinni,DF-Protoperidium steinni,160
5307,2013,Mar,22,22/03/2013,,16.28459,119.92285,A4,,1,Dinoflagellate,Scrippsiella spinifera,DF-Scrippsiella spinifera,40
5308,2013,Mar,22,22/03/2013,,16.28459,119.92285,A4,,1,Dinoflagellate,Scrippsiella trochoidea,DF-Scrippsiella trochoidea,133880
5309,2013,Mar,22,22/03/2013,,16.28459,119.92285,A4,,1,Diatom,Skeletonema costatum,D-Skeletonema costatum,360
5310,2013,Mar,22,22/03/2013,,16.28459,119.92285,A4,,1,Diatom,Thalassiosira spp.,D-Thalassiosira spp.,680
5311,2013,Mar,22,22/03/2013,,16.28459,119.92285,A4,,1,Silicoflagellate,Tintinopsis,SF-Tintinopsis,40
5312,2013,Mar,22,22/03/2013,,16.27365,119.92599,A5,,1,Dinoflagellate,Ceratium furca,DF-Ceratium furca,900
5313,2013,Mar,22,22/03/2013,,16.27365,119.92599,A5,,1,Diatom,Cylindricotheca closterium,D-Cylindricotheca closterium,1200
5314,2013,Mar,22,22/03/2013,,16.27365,119.92599,A5,,1,Diatom,Coscinodiscus spp.,D-Coscinodiscus spp.,20
5315,2013,Mar,22,22/03/2013,,16.27365,119.92599,A5,,1,Dinoflagellate,Dinophysis caudata,DF-Dinophysis caudata,1480
5316,2013,Mar,22,22/03/2013,,16.27365,119.92599,A5,,1,Silicoflagellate,Favella sp.,SF-Favella sp.,720
5317,2013,Mar,22,22/03/2013,,16.27365,119.92599,A5,,1,Diatom,Pennate Diatom1,D-Pennate Diatom1,460
5318,2013,Mar,22,22/03/2013,,16.27365,119.92599,A5,,1,Diatom,Pleurosigma spp.,D-Pleurosigma spp.,880
5319,2013,Mar,22,22/03/2013,,16.27365,119.92599,A5,,1,Diatom,Pleurosigma sp2.,D-Pleurosigma sp. 2,360
5320,2013,Mar,22,22/03/2013,,16.27365,119.92599,A5,,1,Dinoflagellate,Prorocentrum micans,DF-Prorocentrum micans,320
5321,2013,Mar,22,22/03/2013,,16.27365,119.92599,A5,,1,Dinoflagellate,Prorocentrum minimum,DF-Prorocentrum minimum,36500
5322,2013,Mar,22,22/03/2013,,16.27365,119.92599,A5,,1,Dinoflagellate,Protoperidinium conicum,DF-Protoperidinium conicum,40
5323,2013,Mar,22,22/03/2013,,16.27365,119.92599,A5,,1,Dinoflagellate,Protoperidinium latispinum,DF-Protoperidinium latispinum,120
5324,2013,Mar,22,22/03/2013,,16.27365,119.92599,A5,,1,Dinoflagellate,Protoperidinium pallidum,DF-Protoperidinium pallidum,280
5325,2013,Mar,22,22/03/2013,,16.27365,119.92599,A5,,1,Dinoflagellate,Protoperidinium pellucidum,DF-Protoperidinium pellucidum,900
5326,2013,Mar,22,22/03/2013,,16.27365,119.92599,A5,,1,Dinoflagellate,Protoperidium steinni,DF-Protoperidium steinni,100
5327,2013,Mar,22,22/03/2013,,16.27365,119.92599,A5,,1,Diatom,Rhizosolenia spp.,D-Rhizosolenia spp.,2500
5328,2013,Mar,22,22/03/2013,,16.27365,119.92599,A5,,1,Dinoflagellate,Scrippsiella spinifera,DF-Scrippsiella spinifera,200
5329,2013,Mar,22,22/03/2013,,16.27365,119.92599,A5,,1,Dinoflagellate,Scrippsiella trochoidea,DF-Scrippsiella trochoidea,17380
5330,2013,Mar,22,22/03/2013,,16.27365,119.92599,A5,,1,Diatom,Skeletonema costatum,D-Skeletonema costatum,760
5331,2013,Mar,22,22/03/2013,,16.39578,119.90667,RVA3,,NB,Diatom,Chaetoceros spp.,D-Chaetoceros spp.,260
5332,2013,Mar,22,22/03/2013,,16.39578,119.90667,RVA3,,NB,Diatom,Cylindricotheca closterium,D-Cylindricotheca closterium,20
5333,2013,Mar,22,22/03/2013,,16.39578,119.90667,RVA3,,NB,Diatom,Guinardia,D-Guinardia,240
5334,2013,Mar,22,22/03/2013,,16.39578,119.90667,RVA3,,NB,Silicoflagellate,Favella sp.,SF-Favella sp.,40
5335,2013,Mar,22,22/03/2013,,16.39578,119.90667,RVA3,,NB,Diatom,Pleurosigma spp.,D-Pleurosigma spp.,20
5336,2013,Mar,22,22/03/2013,,16.39578,119.90667,RVA3,,NB,Diatom,Pleurosigma sp2.,D-Pleurosigma sp. 2,20
5337,2013,Mar,22,22/03/2013,,16.39578,119.90667,RVA3,,NB,Dinoflagellate,Protoperidinium pallidum,DF-Protoperidinium pallidum,20
5338,2013,Mar,22,22/03/2013,,16.39578,119.90667,RVA3,,NB,Dinoflagellate,Protoperidinium pellucidum,DF-Protoperidinium pellucidum,40
5339,2013,Mar,22,22/03/2013,,16.39578,119.90667,RVA3,,NB,Diatom,Rhizosolenia spp.,D-Rhizosolenia spp.,20
5340,2013,Mar,22,22/03/2013,,16.39578,119.90667,RVA3,,NB,Dinoflagellate,Scrippsiella trochoidea,DF-Scrippsiella trochoidea,420
5341,2013,Mar,22,22/03/2013,,16.39578,119.90667,RVA3,,NB,Diatom,Skeletonema costatum,D-Skeletonema costatum,440
5342,2013,Mar,22,22/03/2013,,16.39578,119.90667,RVA3,,1,Dinoflagellate,Alexandrium spp.,DF-Alexandrium spp.,960
5343,2013,Mar,22,22/03/2013,,16.39578,119.90667,RVA3,,1,Dinoflagellate,Ceratium furca,DF-Ceratium furca,24420
5344,2013,Mar,22,22/03/2013,,16.39578,119.90667,RVA3,,1,Diatom,Cylindricotheca closterium,D-Cylindricotheca closterium,1020
5345,2013,Mar,22,22/03/2013,,16.39578,119.90667,RVA3,,1,Dinoflagellate,Dinophysis caudata,DF-Dinophysis caudata,40
5346,2013,Mar,22,22/03/2013,,16.39578,119.90667,RVA3,,1,Dinoflagellate,Gonyaulax polygramma,DF-Gonyaulax polygramma,20
5347,2013,Mar,22,22/03/2013,,16.39578,119.90667,RVA3,,1,Diatom,Odontella spp.,D-Odontella spp.,40
5348,2013,Mar,22,22/03/2013,,16.39578,119.90667,RVA3,,1,Silicoflagellate,Favella sp.,SF-Favella sp.,120
5349,2013,Mar,22,22/03/2013,,16.39578,119.90667,RVA3,,1,Diatom,Pleurosigma sp2.,D-Pleurosigma sp. 2,1840
5350,2013,Mar,22,22/03/2013,,16.39578,119.90667,RVA3,,1,Dinoflagellate,Prorocentrum micans,DF-Prorocentrum micans,1840
5351,2013,Mar,22,22/03/2013,,16.39578,119.90667,RVA3,,1,Dinoflagellate,Protoperidinium conicum,DF-Protoperidinium conicum,20
5352,2013,Mar,22,22/03/2013,,16.39578,119.90667,RVA3,,1,Dinoflagellate,Protoperidinium latispinum,DF-Protoperidinium latispinum,100
5353,2013,Mar,22,22/03/2013,,16.39578,119.90667,RVA3,,1,Dinoflagellate,Protoperidinium pallidum,DF-Protoperidinium pallidum,180
5354,2013,Mar,22,22/03/2013,,16.39578,119.90667,RVA3,,1,Dinoflagellate,Protoperidinium pellucidum,DF-Protoperidinium pellucidum,60
5355,2013,Mar,22,22/03/2013,,16.39578,119.90667,RVA3,,1,Dinoflagellate,Protoperidium steinni,DF-Protoperidium steinni,300
5356,2013,Mar,22,22/03/2013,,16.39578,119.90667,RVA3,,1,Diatom,Rhizosolenia spp.,D-Rhizosolenia spp.,2660
5357,2013,Mar,22,22/03/2013,,16.39578,119.90667,RVA3,,1,Dinoflagellate,Scrippsiella spinifera,DF-Scrippsiella spinifera,80
5358,2013,Mar,22,22/03/2013,,16.39578,119.90667,RVA3,,1,Dinoflagellate,Scrippsiella trochoidea,DF-Scrippsiella trochoidea,530440
5359,2013,Mar,22,22/03/2013,,16.39578,119.90667,RVA3,,1,Diatom,Skeletonema costatum,D-Skeletonema costatum,680
5360,2013,Mar,22,22/03/2013,,16.39578,119.90667,RVA3,,1,Diatom,Thalassiosira spp.,D-Thalassiosira spp.,1320
5361,2013,Mar,22,22/03/2013,,16.30944,119.92063,TS1,,NB,Dinoflagellate,Ceratium furca,DF-Ceratium furca,1000
5362,2013,Mar,22,22/03/2013,,16.30944,119.92063,TS1,,NB,Diatom,Cylindricotheca closterium,D-Cylindricotheca closterium,3520
5363,2013,Mar,22,22/03/2013,,16.30944,119.92063,TS1,,NB,Dinoflagellate,Dinophysis caudata,DF-Dinophysis caudata,120
5364,2013,Mar,22,22/03/2013,,16.30944,119.92063,TS1,,NB,Dinoflagellate,Gonyaulax polygramma,DF-Gonyaulax polygramma,40
5365,2013,Mar,22,22/03/2013,,16.30944,119.92063,TS1,,NB,Diatom,Guinardia,D-Guinardia,220
5366,2013,Mar,22,22/03/2013,,16.30944,119.92063,TS1,,NB,Dinoflagellate,Karenia  mikimotoi,DF-Karenia  mikimotoi,180
5367,2013,Mar,22,22/03/2013,,16.30944,119.92063,TS1,,NB,Diatom,Odontella spp.,D-Odontella spp.,100
5368,2013,Mar,22,22/03/2013,,16.30944,119.92063,TS1,,NB,Silicoflagellate,Favella sp.,SF-Favella sp.,400
5369,2013,Mar,22,22/03/2013,,16.30944,119.92063,TS1,,NB,Diatom,Pennate Diatom1,D-Pennate Diatom1,200
5370,2013,Mar,22,22/03/2013,,16.30944,119.92063,TS1,,NB,Diatom,Pleurosigma spp.,D-Pleurosigma spp.,580
5371,2013,Mar,22,22/03/2013,,16.30944,119.92063,TS1,,NB,Diatom,Pleurosigma sp2.,D-Pleurosigma sp. 2,1180
5372,2013,Mar,22,22/03/2013,,16.30944,119.92063,TS1,,NB,Dinoflagellate,Prorocentrum micans,DF-Prorocentrum micans,760
5373,2013,Mar,22,22/03/2013,,16.30944,119.92063,TS1,,NB,Dinoflagellate,Protoperidinium latispinum,DF-Protoperidinium latispinum,300
5374,2013,Mar,22,22/03/2013,,16.30944,119.92063,TS1,,NB,Dinoflagellate,Protoperidinium pallidum,DF-Protoperidinium pallidum,160
5375,2013,Mar,22,22/03/2013,,16.30944,119.92063,TS1,,NB,Dinoflagellate,Protoperidinium pellucidum,DF-Protoperidinium pellucidum,260
5376,2013,Mar,22,22/03/2013,,16.30944,119.92063,TS1,,NB,Diatom,Pseudonitzschia spp.,D-Pseudonitzschia spp.,280
5377,2013,Mar,22,22/03/2013,,16.30944,119.92063,TS1,,NB,Diatom,Rhizosolenia spp.,D-Rhizosolenia spp.,1700
5378,2013,Mar,22,22/03/2013,,16.30944,119.92063,TS1,,NB,Dinoflagellate,Scrippsiella spinifera,DF-Scrippsiella spinifera,240
5379,2013,Mar,22,22/03/2013,,16.30944,119.92063,TS1,,NB,Dinoflagellate,Scrippsiella trochoidea,DF-Scrippsiella trochoidea,44040
5380,2013,Mar,22,22/03/2013,,16.30944,119.92063,TS1,,NB,Diatom,Skeletonema costatum,D-Skeletonema costatum,1640
5381,2013,Mar,22,22/03/2013,,16.30944,119.92063,TS1,,NB,Diatom,Thalassiosira spp.,D-Thalassiosira spp.,1220
5382,2013,Mar,22,22/03/2013,,16.30944,119.92063,TS1,,NB,Silicoflagellate,Tintinopsis,SF-Tintinopsis,140
5383,2013,Mar,22,22/03/2013,,16.30944,119.92063,TS1,,1,Dinoflagellate,Alexandrium spp.,DF-Alexandrium spp.,40
5384,2013,Mar,22,22/03/2013,,16.30944,119.92063,TS1,,1,Dinoflagellate,Ceratium furca,DF-Ceratium furca,3300
5385,2013,Mar,22,22/03/2013,,16.30944,119.92063,TS1,,1,Diatom,Cylindricotheca closterium,D-Cylindricotheca closterium,860
5386,2013,Mar,22,22/03/2013,,16.30944,119.92063,TS1,,1,Dinoflagellate,Dinophysis caudata,DF-Dinophysis caudata,120
5387,2013,Mar,22,22/03/2013,,16.30944,119.92063,TS1,,1,Silicoflagellate,Favella sp.,SF-Favella sp.,140
5388,2013,Mar,22,22/03/2013,,16.30944,119.92063,TS1,,1,Diatom,Pleurosigma spp.,D-Pleurosigma spp.,200
5389,2013,Mar,22,22/03/2013,,16.30944,119.92063,TS1,,1,Diatom,Pleurosigma sp2.,D-Pleurosigma sp. 2,360
5390,2013,Mar,22,22/03/2013,,16.30944,119.92063,TS1,,1,Dinoflagellate,Prorocentrum micans,DF-Prorocentrum micans,4100
5391,2013,Mar,22,22/03/2013,,16.30944,119.92063,TS1,,1,Dinoflagellate,Prorocentrum minimum,DF-Prorocentrum minimum,191800
5392,2013,Mar,22,22/03/2013,,16.30944,119.92063,TS1,,1,Dinoflagellate,Protoperidinium latispinum,DF-Protoperidinium latispinum,60
5393,2013,Mar,22,22/03/2013,,16.30944,119.92063,TS1,,1,Dinoflagellate,Protoperidinium pallidum,DF-Protoperidinium pallidum,1180
5394,2013,Mar,22,22/03/2013,,16.30944,119.92063,TS1,,1,Dinoflagellate,Protoperidinium pellucidum,DF-Protoperidinium pellucidum,80
5395,2013,Mar,22,22/03/2013,,16.30944,119.92063,TS1,,1,Dinoflagellate,Protoperidium steinni,DF-Protoperidium steinni,600
5396,2013,Mar,22,22/03/2013,,16.30944,119.92063,TS1,,1,Diatom,Rhizosolenia spp.,D-Rhizosolenia spp.,60
5397,2013,Mar,22,22/03/2013,,16.30944,119.92063,TS1,,1,Dinoflagellate,Scrippsiella spinifera,DF-Scrippsiella spinifera,20
5398,2013,Mar,22,22/03/2013,,16.30944,119.92063,TS1,,1,Dinoflagellate,Scrippsiella trochoidea,DF-Scrippsiella trochoidea,94080
5399,2013,Mar,22,22/03/2013,,16.30944,119.92063,TS1,,1,Diatom,Thalassiosira spp.,D-Thalassiosira spp.,120
5400,2013,Mar,22,22/03/2013,,16.38339,119.91585,TS2,,NB,Silicoflagellate,Favella sp.,SF-Favella sp.,120
5401,2013,Mar,22,22/03/2013,,16.38339,119.91585,TS2,,NB,Diatom,Pleurosigma sp2.,D-Pleurosigma sp. 2,80
5402,2013,Mar,22,22/03/2013,,16.38339,119.91585,TS2,,NB,Dinoflagellate,Prorocentrum minimum,DF-Prorocentrum minimum,20
5403,2013,Mar,22,22/03/2013,,16.38339,119.91585,TS2,,NB,Diatom,Rhizosolenia spp.,D-Rhizosolenia spp.,100
5404,2013,Mar,22,22/03/2013,,16.38339,119.91585,TS2,,NB,Dinoflagellate,Scrippsiella trochoidea,DF-Scrippsiella trochoidea,80
5405,2013,Mar,22,22/03/2013,,16.38339,119.91585,TS2,,NB,Diatom,Thalassiosira spp.,D-Thalassiosira spp.,120
5406,2013,Mar,22,22/03/2013,,16.38339,119.91585,TS2,,1,Dinoflagellate,Ceratium furca,DF-Ceratium furca,12400
5407,2013,Mar,22,22/03/2013,,16.38339,119.91585,TS2,,1,Diatom,Cylindricotheca closterium,D-Cylindricotheca closterium,340
5408,2013,Mar,22,22/03/2013,,16.38339,119.91585,TS2,,1,Diatom,Odontella spp.,D-Odontella spp.,20
5409,2013,Mar,22,22/03/2013,,16.38339,119.91585,TS2,,1,Silicoflagellate,Favella sp.,SF-Favella sp.,140
5410,2013,Mar,22,22/03/2013,,16.38339,119.91585,TS2,,1,Diatom,Pleurosigma sp2.,D-Pleurosigma sp. 2,1200
5411,2013,Mar,22,22/03/2013,,16.38339,119.91585,TS2,,1,Dinoflagellate,Prorocentrum micans,DF-Prorocentrum micans,920
5412,2013,Mar,22,22/03/2013,,16.38339,119.91585,TS2,,1,Dinoflagellate,Prorocentrum minimum,DF-Prorocentrum minimum,2200
5413,2013,Mar,22,22/03/2013,,16.38339,119.91585,TS2,,1,Dinoflagellate,Protoperidinium pallidum,DF-Protoperidinium pallidum,340
5414,2013,Mar,22,22/03/2013,,16.38339,119.91585,TS2,,1,Dinoflagellate,Protoperidinium pentagonum,DF-Protoperidinium pentagonum,20
5415,2013,Mar,22,22/03/2013,,16.38339,119.91585,TS2,,1,Dinoflagellate,Protoperidium steinni,DF-Protoperidium steinni,340
5416,2013,Mar,22,22/03/2013,,16.38339,119.91585,TS2,,1,Diatom,Rhizosolenia spp.,D-Rhizosolenia spp.,3060
5417,2013,Mar,22,22/03/2013,,16.38339,119.91585,TS2,,1,Dinoflagellate,Scrippsiella spinifera,DF-Scrippsiella spinifera,400
5418,2013,Mar,22,22/03/2013,,16.38339,119.91585,TS2,,1,Dinoflagellate,Scrippsiella trochoidea,DF-Scrippsiella trochoidea,651900
5419,2013,Mar,22,22/03/2013,,16.38339,119.91585,TS2,,1,Diatom,Skeletonema costatum,D-Skeletonema costatum,540
5420,2013,Mar,22,22/03/2013,,16.38339,119.91585,TS2,,1,Diatom,Thalassiosira spp.,D-Thalassiosira spp.,1060
5421,2013,Mar,22,22/03/2013,,16.34927,119.94606,W1,,1,Dinoflagellate,Alexandrium spp.,DF-Alexandrium spp.,20
5422,2013,Mar,22,22/03/2013,,16.34927,119.94606,W1,,1,Dinoflagellate,Ceratium furca,DF-Ceratium furca,340
5423,2013,Mar,22,22/03/2013,,16.34927,119.94606,W1,,1,Diatom,Cylindricotheca closterium,D-Cylindricotheca closterium,300
5424,2013,Mar,22,22/03/2013,,16.34927,119.94606,W1,,1,Dinoflagellate,Dinophysis caudata,DF-Dinophysis caudata,60
5425,2013,Mar,22,22/03/2013,,16.34927,119.94606,W1,,1,Diatom,Navicula spp.,D-Navicula  spp.,40
5426,2013,Mar,22,22/03/2013,,16.34927,119.94606,W1,,1,Diatom,Odontella spp.,D-Odontella spp.,40
5427,2013,Mar,22,22/03/2013,,16.34927,119.94606,W1,,1,Silicoflagellate,Favella sp.,SF-Favella sp.,40
5428,2013,Mar,22,22/03/2013,,16.34927,119.94606,W1,,1,Diatom,Pleurosigma spp.,D-Pleurosigma spp.,40
5429,2013,Mar,22,22/03/2013,,16.34927,119.94606,W1,,1,Diatom,Pleurosigma sp2.,D-Pleurosigma sp. 2,400
5430,2013,Mar,22,22/03/2013,,16.34927,119.94606,W1,,1,Dinoflagellate,Prorocentrum micans,DF-Prorocentrum micans,140
5431,2013,Mar,22,22/03/2013,,16.34927,119.94606,W1,,1,Dinoflagellate,Prorocentrum minimum,DF-Prorocentrum minimum,160
5432,2013,Mar,22,22/03/2013,,16.34927,119.94606,W1,,1,Dinoflagellate,Protoperidinium pallidum,DF-Protoperidinium pallidum,20
5433,2013,Mar,22,22/03/2013,,16.34927,119.94606,W1,,1,Dinoflagellate,Protoperidinium pellucidum,DF-Protoperidinium pellucidum,20
5434,2013,Mar,22,22/03/2013,,16.34927,119.94606,W1,,1,Diatom,Pseudonitzschia spp.,D-Pseudonitzschia spp.,120
5435,2013,Mar,22,22/03/2013,,16.34927,119.94606,W1,,1,Diatom,Rhizosolenia spp.,D-Rhizosolenia spp.,440
5436,2013,Mar,22,22/03/2013,,16.34927,119.94606,W1,,1,Dinoflagellate,Scrippsiella trochoidea,DF-Scrippsiella trochoidea,9120
5437,2013,Mar,22,22/03/2013,,16.34927,119.94606,W1,,1,Diatom,Skeletonema costatum,D-Skeletonema costatum,980
5438,2013,Mar,22,22/03/2013,,16.34927,119.94606,W1,,1,Diatom,Thalassiosira spp.,D-Thalassiosira spp.,1900
5439,2013,Mar,22,22/03/2013,,16.33668,119.94476,W2A,,1,Dinoflagellate,Alexandrium spp.,DF-Alexandrium spp.,40
5440,2013,Mar,22,22/03/2013,,16.33668,119.94476,W2A,,1,Diatom,Chaetoceros spp.,D-Chaetoceros spp.,40
5441,2013,Mar,22,22/03/2013,,16.33668,119.94476,W2A,,1,Diatom,Cylindricotheca closterium,D-Cylindricotheca closterium,3940
5442,2013,Mar,22,22/03/2013,,16.33668,119.94476,W2A,,1,Diatom,Guinardia,D-Guinardia,160
5443,2013,Mar,22,22/03/2013,,16.33668,119.94476,W2A,,1,Dinoflagellate,Karenia  mikimotoi,DF-Karenia  mikimotoi,40
5444,2013,Mar,22,22/03/2013,,16.33668,119.94476,W2A,,1,Diatom,Navicula spp.,D-Navicula  spp.,320
5445,2013,Mar,22,22/03/2013,,16.33668,119.94476,W2A,,1,Silicoflagellate,Favella sp.,SF-Favella sp.,540
5446,2013,Mar,22,22/03/2013,,16.33668,119.94476,W2A,,1,Diatom,Pleurosigma spp.,D-Pleurosigma spp.,20
5447,2013,Mar,22,22/03/2013,,16.33668,119.94476,W2A,,1,Diatom,Pleurosigma sp2.,D-Pleurosigma sp. 2,1340
5448,2013,Mar,22,22/03/2013,,16.33668,119.94476,W2A,,1,Dinoflagellate,Prorocentrum micans,DF-Prorocentrum micans,40
5449,2013,Mar,22,22/03/2013,,16.33668,119.94476,W2A,,1,Dinoflagellate,Prorocentrum minimum,DF-Prorocentrum minimum,40
5450,2013,Mar,22,22/03/2013,,16.33668,119.94476,W2A,,1,Dinoflagellate,Protoperidinium pentagonum,DF-Protoperidinium pentagonum,20
5451,2013,Mar,22,22/03/2013,,16.33668,119.94476,W2A,,1,Dinoflagellate,Protoperidium steinni,DF-Protoperidium steinni,40
5452,2013,Mar,22,22/03/2013,,16.33668,119.94476,W2A,,1,Diatom,Pseudonitzschia spp.,D-Pseudonitzschia spp.,380
5453,2013,Mar,22,22/03/2013,,16.33668,119.94476,W2A,,1,Diatom,Rhizosolenia spp.,D-Rhizosolenia spp.,1700
5454,2013,Mar,22,22/03/2013,,16.33668,119.94476,W2A,,1,Diatom,Rhizosolenia spp.,D-Rhizosolenia spp.,20
5455,2013,Mar,22,22/03/2013,,16.33668,119.94476,W2A,,1,Dinoflagellate,Scrippsiella trochoidea,DF-Scrippsiella trochoidea,660
5456,2013,Mar,22,22/03/2013,,16.33668,119.94476,W2A,,1,Diatom,Skeletonema costatum,D-Skeletonema costatum,2060
5457,2013,Mar,22,22/03/2013,,16.33668,119.94476,W2A,,1,Diatom,Thalassiosira spp.,D-Thalassiosira spp.,400
5458,2013,Mar,22,22/03/2013,,16.37073,119.93401,W3,,NB,Diatom,Cylindricotheca closterium,D-Cylindricotheca closterium,120
5459,2013,Mar,22,22/03/2013,,16.37073,119.93401,W3,,NB,Diatom,Odontella spp.,D-Odontella spp.,100
5460,2013,Mar,22,22/03/2013,,16.37073,119.93401,W3,,NB,Silicoflagellate,Favella sp.,SF-Favella sp.,80
5461,2013,Mar,22,22/03/2013,,16.37073,119.93401,W3,,NB,Diatom,Pleurosigma spp.,D-Pleurosigma spp.,40
5462,2013,Mar,22,22/03/2013,,16.37073,119.93401,W3,,NB,Diatom,Pleurosigma sp2.,D-Pleurosigma sp. 2,20
5463,2013,Mar,22,22/03/2013,,16.37073,119.93401,W3,,NB,Dinoflagellate,Prorocentrum minimum,DF-Prorocentrum minimum,120
5464,2013,Mar,22,22/03/2013,,16.37073,119.93401,W3,,NB,Dinoflagellate,Protoperidinium latispinum,DF-Protoperidinium latispinum,40
5465,2013,Mar,22,22/03/2013,,16.37073,119.93401,W3,,NB,Diatom,Rhizosolenia spp.,D-Rhizosolenia spp.,1260
5466,2013,Mar,22,22/03/2013,,16.37073,119.93401,W3,,NB,Dinoflagellate,Scrippsiella trochoidea,DF-Scrippsiella trochoidea,740
5467,2013,Mar,22,22/03/2013,,16.37073,119.93401,W3,,NB,Diatom,Skeletonema costatum,D-Skeletonema costatum,380
5468,2013,Mar,22,22/03/2013,,16.37073,119.93401,W3,,NB,Diatom,Thalassiosira spp.,D-Thalassiosira spp.,720
5469,2013,Mar,22,22/03/2013,,16.37073,119.93401,W3,,1,Dinoflagellate,Alexandrium spp.,DF-Alexandrium spp.,20
5470,2013,Mar,22,22/03/2013,,16.37073,119.93401,W3,,1,Dinoflagellate,Ceratium furca,DF-Ceratium furca,20
5471,2013,Mar,22,22/03/2013,,16.37073,119.93401,W3,,1,Diatom,Cylindricotheca closterium,D-Cylindricotheca closterium,5200
5472,2013,Mar,22,22/03/2013,,16.37073,119.93401,W3,,1,Diatom,Odontella spp.,D-Odontella spp.,40
5473,2013,Mar,22,22/03/2013,,16.37073,119.93401,W3,,1,Diatom,Pleurosigma spp.,D-Pleurosigma spp.,100
5474,2013,Mar,22,22/03/2013,,16.37073,119.93401,W3,,1,Diatom,Pleurosigma sp2.,D-Pleurosigma sp. 2,280
5475,2013,Mar,22,22/03/2013,,16.37073,119.93401,W3,,1,Dinoflagellate,Prorocentrum micans,DF-Prorocentrum micans,80
5476,2013,Mar,22,22/03/2013,,16.37073,119.93401,W3,,1,Dinoflagellate,Prorocentrum minimum,DF-Prorocentrum minimum,119600
5477,2013,Mar,22,22/03/2013,,16.37073,119.93401,W3,,1,Dinoflagellate,Protoperidinium latispinum,DF-Protoperidinium latispinum,80
5478,2013,Mar,22,22/03/2013,,16.37073,119.93401,W3,,1,Dinoflagellate,Protoperidinium pellucidum,DF-Protoperidinium pellucidum,20
5479,2013,Mar,22,22/03/2013,,16.37073,119.93401,W3,,1,Diatom,Rhizosolenia spp.,D-Rhizosolenia spp.,2560
5480,2013,Mar,22,22/03/2013,,16.37073,119.93401,W3,,1,Dinoflagellate,Scrippsiella spinifera,DF-Scrippsiella spinifera,100
5481,2013,Mar,22,22/03/2013,,16.37073,119.93401,W3,,1,Dinoflagellate,Scrippsiella trochoidea,DF-Scrippsiella trochoidea,90340
5482,2013,Mar,22,22/03/2013,,16.37073,119.93401,W3,,1,Diatom,Skeletonema costatum,D-Skeletonema costatum,720
5483,2013,Mar,22,22/03/2013,,16.37073,119.93401,W3,,1,Diatom,Thalassiosira spp.,D-Thalassiosira spp.,1380
5484,2013,Mar,22,22/03/2013,,16.32003,119.93384,W8,,1,Dinoflagellate,Alexandrium spp.,DF-Alexandrium spp.,40
5485,2013,Mar,22,22/03/2013,,16.32003,119.93384,W8,,1,Diatom,Cylindricotheca closterium,D-Cylindricotheca closterium,6720
5486,2013,Mar,22,22/03/2013,,16.32003,119.93384,W8,,1,Diatom,Guinardia,D-Guinardia,80
5487,2013,Mar,22,22/03/2013,,16.32003,119.93384,W8,,1,Diatom,Navicula spp.,D-Navicula  spp.,60
5488,2013,Mar,22,22/03/2013,,16.32003,119.93384,W8,,1,Diatom,Odontella spp.,D-Odontella spp.,40
5489,2013,Mar,22,22/03/2013,,16.32003,119.93384,W8,,1,Silicoflagellate,Favella sp.,SF-Favella sp.,340
5490,2013,Mar,22,22/03/2013,,16.32003,119.93384,W8,,1,Diatom,Pleurosigma spp.,D-Pleurosigma spp.,660
5491,2013,Mar,22,22/03/2013,,16.32003,119.93384,W8,,1,Diatom,Pleurosigma sp2.,D-Pleurosigma sp. 2,560
5492,2013,Mar,22,22/03/2013,,16.32003,119.93384,W8,,1,Dinoflagellate,Prorocentrum micans,DF-Prorocentrum micans,1180
5493,2013,Mar,22,22/03/2013,,16.32003,119.93384,W8,,1,Dinoflagellate,Prorocentrum minimum,DF-Prorocentrum minimum,19600
5494,2013,Mar,22,22/03/2013,,16.32003,119.93384,W8,,1,Dinoflagellate,Protoperidinium pallidum,DF-Protoperidinium pallidum,40
5495,2013,Mar,22,22/03/2013,,16.32003,119.93384,W8,,1,Dinoflagellate,Protoperidinium pellucidum,DF-Protoperidinium pellucidum,240
5496,2013,Mar,22,22/03/2013,,16.32003,119.93384,W8,,1,Dinoflagellate,Protoperidium steinni,DF-Protoperidium steinni,340
5497,2013,Mar,22,22/03/2013,,16.32003,119.93384,W8,,1,Diatom,Rhizosolenia spp.,D-Rhizosolenia spp.,5380
5498,2013,Mar,22,22/03/2013,,16.32003,119.93384,W8,,1,Dinoflagellate,Scrippsiella spinifera,DF-Scrippsiella spinifera,320
5499,2013,Mar,22,22/03/2013,,16.32003,119.93384,W8,,1,Dinoflagellate,Scrippsiella trochoidea,DF-Scrippsiella trochoidea,17100
5500,2013,Mar,22,22/03/2013,,16.32003,119.93384,W8,,1,Diatom,Skeletonema costatum,D-Skeletonema costatum,1240
5501,2013,Mar,22,22/03/2013,,16.32003,119.93384,W8,,1,Diatom,Thalassiosira spp.,D-Thalassiosira spp.,11960
5502,2013,Mar,22,22/03/2013,,16.34775,119.93452,W9,,1,Dinoflagellate,Ceratium furca,DF-Ceratium furca,20
5503,2013,Mar,22,22/03/2013,,16.34775,119.93452,W9,,1,Diatom,Cylindricotheca closterium,D-Cylindricotheca closterium,3000
5504,2013,Mar,22,22/03/2013,,16.34775,119.93452,W9,,1,Diatom,Navicula spp.,D-Navicula  spp.,120
5505,2013,Mar,22,22/03/2013,,16.34775,119.93452,W9,,1,Silicoflagellate,Favella sp.,SF-Favella sp.,200
5506,2013,Mar,22,22/03/2013,,16.34775,119.93452,W9,,1,Diatom,Pleurosigma spp.,D-Pleurosigma spp.,300
5507,2013,Mar,22,22/03/2013,,16.34775,119.93452,W9,,1,Diatom,Pleurosigma sp2.,D-Pleurosigma sp. 2,500
5508,2013,Mar,22,22/03/2013,,16.34775,119.93452,W9,,1,Dinoflagellate,Prorocentrum micans,DF-Prorocentrum micans,180
5509,2013,Mar,22,22/03/2013,,16.34775,119.93452,W9,,1,Dinoflagellate,Prorocentrum minimum,DF-Prorocentrum minimum,2720
5510,2013,Mar,22,22/03/2013,,16.34775,119.93452,W9,,1,Diatom,Pseudonitzschia spp.,D-Pseudonitzschia spp.,180
5511,2013,Mar,22,22/03/2013,,16.34775,119.93452,W9,,1,Diatom,Rhizosolenia spp.,D-Rhizosolenia spp.,1720
5512,2013,Mar,22,22/03/2013,,16.34775,119.93452,W9,,1,Dinoflagellate,Scrippsiella trochoidea,DF-Scrippsiella trochoidea,1300
5513,2013,Mar,22,22/03/2013,,16.34775,119.93452,W9,,1,Diatom,Skeletonema costatum,D-Skeletonema costatum,440
5514,2013,Mar,22,22/03/2013,,16.34775,119.93452,W9,,1,Diatom,Thalassiosira spp.,D-Thalassiosira spp.,900
5515,2013,Mar,22,22/03/2013,,16.37052,119.94857,W10,,1,Dinoflagellate,Ceratium furca,DF-Ceratium furca,360
5516,2013,Mar,22,22/03/2013,,16.37052,119.94857,W10,,1,Dinoflagellate,Dinophysis caudata,DF-Dinophysis caudata,60
5517,2013,Mar,22,22/03/2013,,16.37052,119.94857,W10,,1,Diatom,Navicula spp.,D-Navicula  spp.,100
5518,2013,Mar,22,22/03/2013,,16.37052,119.94857,W10,,1,Silicoflagellate,Favella sp.,SF-Favella sp.,120
5519,2013,Mar,22,22/03/2013,,16.37052,119.94857,W10,,1,Diatom,Pleurosigma spp.,D-Pleurosigma spp.,200
5520,2013,Mar,22,22/03/2013,,16.37052,119.94857,W10,,1,Diatom,Pleurosigma sp2.,D-Pleurosigma sp. 2,660
5521,2013,Mar,22,22/03/2013,,16.37052,119.94857,W10,,1,Dinoflagellate,Prorocentrum micans,DF-Prorocentrum micans,160
5522,2013,Mar,22,22/03/2013,,16.37052,119.94857,W10,,1,Dinoflagellate,Protoperidinium pellucidum,DF-Protoperidinium pellucidum,80
5523,2013,Mar,22,22/03/2013,,16.37052,119.94857,W10,,1,Diatom,Rhizosolenia spp.,D-Rhizosolenia spp.,340
5524,2013,Mar,22,22/03/2013,,16.37052,119.94857,W10,,1,Dinoflagellate,Scrippsiella spinifera,DF-Scrippsiella spinifera,160
5525,2013,Mar,22,22/03/2013,,16.37052,119.94857,W10,,1,Dinoflagellate,Scrippsiella trochoidea,DF-Scrippsiella trochoidea,192800
5526,2013,Mar,22,22/03/2013,,16.37052,119.94857,W10,,1,Diatom,Thalassiosira spp.,D-Thalassiosira spp.,440
5527,2013,Mar,22,22/03/2013,,16.38326,119.92616,W11,,NB,Dinoflagellate,Ceratium furca,DF-Ceratium furca,3500
5528,2013,Mar,22,22/03/2013,,16.38326,119.92616,W11,,NB,Diatom,Guinardia,D-Guinardia,100
5529,2013,Mar,22,22/03/2013,,16.38326,119.92616,W11,,NB,Silicoflagellate,Favella sp.,SF-Favella sp.,460
5530,2013,Mar,22,22/03/2013,,16.38326,119.92616,W11,,NB,Diatom,Pleurosigma sp2.,D-Pleurosigma sp. 2,680
5531,2013,Mar,22,22/03/2013,,16.38326,119.92616,W11,,NB,Dinoflagellate,Prorocentrum micans,DF-Prorocentrum micans,420
5532,2013,Mar,22,22/03/2013,,16.38326,119.92616,W11,,NB,Dinoflagellate,Prorocentrum minimum,DF-Prorocentrum minimum,820
5533,2013,Mar,22,22/03/2013,,16.38326,119.92616,W11,,NB,Dinoflagellate,Scrippsiella trochoidea,DF-Scrippsiella trochoidea,26440
5534,2013,Mar,22,22/03/2013,,16.38326,119.92616,W11,,NB,Diatom,Skeletonema costatum,D-Skeletonema costatum,960
5535,2013,Mar,22,22/03/2013,,16.38326,119.92616,W11,,NB,Diatom,Thalassiosira spp.,D-Thalassiosira spp.,1180
5536,2013,Mar,22,22/03/2013,,16.38326,119.92616,W11,,1,Dinoflagellate,Ceratium furca,DF-Ceratium furca,4780
5537,2013,Mar,22,22/03/2013,,16.38326,119.92616,W11,,1,Diatom,Cylindricotheca closterium,D-Cylindricotheca closterium,580
5538,2013,Mar,22,22/03/2013,,16.38326,119.92616,W11,,1,Diatom,Guinardia,D-Guinardia,100
5539,2013,Mar,22,22/03/2013,,16.38326,119.92616,W11,,1,Diatom,Navicula spp.,D-Navicula  spp.,200
5540,2013,Mar,22,22/03/2013,,16.38326,119.92616,W11,,1,Silicoflagellate,Favella sp.,SF-Favella sp.,140
5541,2013,Mar,22,22/03/2013,,16.38326,119.92616,W11,,1,Diatom,Pleurosigma spp.,D-Pleurosigma spp.,80
5542,2013,Mar,22,22/03/2013,,16.38326,119.92616,W11,,1,Diatom,Pleurosigma sp2.,D-Pleurosigma sp. 2,960
5543,2013,Mar,22,22/03/2013,,16.38326,119.92616,W11,,1,Dinoflagellate,Prorocentrum micans,DF-Prorocentrum micans,440
5544,2013,Mar,22,22/03/2013,,16.38326,119.92616,W11,,1,Dinoflagellate,Prorocentrum minimum,DF-Prorocentrum minimum,680
5545,2013,Mar,22,22/03/2013,,16.38326,119.92616,W11,,1,Dinoflagellate,Protoperidinium pallidum,DF-Protoperidinium pallidum,200
5546,2013,Mar,22,22/03/2013,,16.38326,119.92616,W11,,1,Dinoflagellate,Protoperidinium pellucidum,DF-Protoperidinium pellucidum,40
5547,2013,Mar,22,22/03/2013,,16.38326,119.92616,W11,,1,Dinoflagellate,Protoperidium steinni,DF-Protoperidium steinni,60
5548,2013,Mar,22,22/03/2013,,16.38326,119.92616,W11,,1,Diatom,Pseudonitzschia spp.,D-Pseudonitzschia spp.,200
5549,2013,Mar,22,22/03/2013,,16.38326,119.92616,W11,,1,Diatom,Rhizosolenia spp.,D-Rhizosolenia spp.,480
5550,2013,Mar,22,22/03/2013,,16.38326,119.92616,W11,,1,Dinoflagellate,Scrippsiella spinifera,DF-Scrippsiella spinifera,100
5551,2013,Mar,22,22/03/2013,,16.38326,119.92616,W11,,1,Dinoflagellate,Scrippsiella trochoidea,DF-Scrippsiella trochoidea,378140
5552,2013,Mar,22,22/03/2013,,16.38326,119.92616,W11,,1,Diatom,Skeletonema costatum,D-Skeletonema costatum,540
5553,2013,Mar,22,22/03/2013,,16.38326,119.92616,W11,,1,Diatom,Thalassiosira spp.,D-Thalassiosira spp.,220
5554,2013,Apr,2,02/04/2013,,16.39755,119.89905,HT3,,1,Dinoflagellate,Alexandrium spp.,DF-Alexandrium spp.,120
5555,2013,Apr,2,02/04/2013,,16.39755,119.89905,HT3,,1,Diatom,Chaetoceros spp.,D-Chaetoceros spp.,80
5556,2013,Apr,2,02/04/2013,,16.39755,119.89905,HT3,,1,Dinoflagellate,Gonyaulax sp.,DF-Gonyaulax sp.,40
5557,2013,Apr,2,02/04/2013,,16.39755,119.89905,HT3,,1,Dinoflagellate,Karenia  mikimotoi,DF-Karenia  mikimotoi,100
5558,2013,Apr,2,02/04/2013,,16.39755,119.89905,HT3,,1,Diatom,Navicula spp.,D-Navicula  spp.,20
5559,2013,Apr,2,02/04/2013,,16.39755,119.89905,HT3,,1,Diatom,Pleurosigma sp1.,D-Pleurosigma sp. 1,160
5560,2013,Apr,2,02/04/2013,,16.39755,119.89905,HT3,,1,Dinoflagellate,Prorocentrum micans,DF-Prorocentrum micans,80
5561,2013,Apr,2,02/04/2013,,16.39755,119.89905,HT3,,1,Dinoflagellate,Prorocentrum minimum,DF-Prorocentrum minimum,60
5562,2013,Apr,2,02/04/2013,,16.39755,119.89905,HT3,,1,Dinoflagellate,Protoperidinium conicum,DF-Protoperidinium conicum,20
5563,2013,Apr,2,02/04/2013,,16.39755,119.89905,HT3,,1,Dinoflagellate,Protoperidium latispinum,DF-Protoperidium latispinum,20
5564,2013,Apr,2,02/04/2013,,16.39755,119.89905,HT3,,1,Dinoflagellate,Scrippsiella trochoidea,DF-Scrippsiella trochoidea,160
5565,2013,Apr,2,02/04/2013,,16.39755,119.89905,HT3,,1,Diatom,Skeletonema costatum,D-Skeletonema costatum,20
5566,2013,Apr,2,02/04/2013,,16.39755,119.89905,HT3,,1,Diatom,Thalassiosira spp.,D-Thalassiosira spp.,100
5567,2013,Apr,2,02/04/2013,,16.39755,119.89905,HT3,,NB,Dinoflagellate,Ceratium lineatum,DF-Ceratium lineatum,20
5568,2013,Apr,2,02/04/2013,,16.39755,119.89905,HT3,,NB,Diatom,Pleurosigma sp2.,D-Pleurosigma sp. 2,220
5569,2013,Apr,2,02/04/2013,,16.39755,119.89905,HT3,,NB,Dinoflagellate,Prorocentrum micans,DF-Prorocentrum micans,40
5570,2013,Apr,2,02/04/2013,,16.39755,119.89905,HT3,,NB,Dinoflagellate,Prorocentrum minimum,DF-Prorocentrum minimum,20
5571,2013,Apr,2,02/04/2013,,16.39755,119.89905,HT3,,NB,Dinoflagellate,Protoperidium latispinum,DF-Protoperidium latispinum,20
5572,2013,Apr,2,02/04/2013,,16.39755,119.89905,HT3,,NB,Dinoflagellate,Scrippsiella trochoidea,DF-Scrippsiella trochoidea,20
5573,2013,Apr,2,02/04/2013,,16.39755,119.89905,HT3,,NB,Diatom,Thalassiosira spp.,D-Thalassiosira spp.,40
5574,2013,Apr,2,02/04/2013,,16.39795,119.90731,HT2,,1,Dinoflagellate,Alexandrium spp.,DF-Alexandrium spp.,80
5575,2013,Apr,2,02/04/2013,,16.39795,119.90731,HT2,,1,Dinoflagellate,Karenia  mikimotoi,DF-Karenia  mikimotoi,1580
5576,2013,Apr,2,02/04/2013,,16.39795,119.90731,HT2,,1,Diatom,Pleurosigma sp2.,D-Pleurosigma sp. 2,200
5577,2013,Apr,2,02/04/2013,,16.39795,119.90731,HT2,,1,Dinoflagellate,Prorocentrum micans,DF-Prorocentrum micans,140
5578,2013,Apr,2,02/04/2013,,16.39795,119.90731,HT2,,1,Dinoflagellate,Prorocentrum minimum,DF-Prorocentrum minimum,2960
5579,2013,Apr,2,02/04/2013,,16.39795,119.90731,HT2,,1,Dinoflagellate,Protoperidinium conicum,DF-Protoperidinium conicum,100
5580,2013,Apr,2,02/04/2013,,16.39795,119.90731,HT2,,1,Dinoflagellate,Protoperidium steinni,DF-Protoperidium steinni,160
5581,2013,Apr,2,02/04/2013,,16.39795,119.90731,HT2,,1,Diatom,Rhizosolenia sp1.,D-Rhizosolenia sp. 1,320
5582,2013,Apr,2,02/04/2013,,16.39795,119.90731,HT2,,1,Dinoflagellate,Scrippsiella spinifera,DF-Scrippsiella spinifera,80
5583,2013,Apr,2,02/04/2013,,16.39795,119.90731,HT2,,1,Dinoflagellate,Scrippsiella trochoidea,DF-Scrippsiella trochoidea,1900
5584,2013,Apr,2,02/04/2013,,16.39795,119.90731,HT2,,1,Diatom,Skeletonema costatum,D-Skeletonema costatum,200
5585,2013,Apr,2,02/04/2013,,16.39795,119.90731,HT2,,1,Diatom,Thalassiosira spp.,D-Thalassiosira spp.,1000
5586,2013,Apr,2,02/04/2013,,16.39795,119.90731,HT2,,NB,Dinoflagellate,Ceratium furca,DF-Ceratium furca,60
5587,2013,Apr,2,02/04/2013,,16.39795,119.90731,HT2,,NB,Diatom,Navicula spp.,D-Navicula  spp.,20
5588,2013,Apr,2,02/04/2013,,16.39795,119.90731,HT2,,NB,Diatom,Pleurosigma sp2.,D-Pleurosigma sp. 2,60
5589,2013,Apr,2,02/04/2013,,16.39795,119.90731,HT2,,NB,Dinoflagellate,Prorocentrum micans,DF-Prorocentrum micans,20
5590,2013,Apr,2,02/04/2013,,16.39795,119.90731,HT2,,NB,Dinoflagellate,Protoperidinium pellucidum,DF-Protoperidinium pellucidum,20
5591,2013,Apr,2,02/04/2013,,16.39795,119.90731,HT2,,NB,Diatom,Skeletonema costatum,D-Skeletonema costatum,180
5592,2013,Apr,2,02/04/2013,,16.38937,119.90601,HT4,,1,Dinoflagellate,Alexandrium spp.,DF-Alexandrium spp.,20
5593,2013,Apr,2,02/04/2013,,16.38937,119.90601,HT4,,1,Dinoflagellate,Karenia  mikimotoi,DF-Karenia  mikimotoi,1620
5594,2013,Apr,2,02/04/2013,,16.38937,119.90601,HT4,,1,Diatom,Pleurosigma sp2.,D-Pleurosigma sp. 2,700
5595,2013,Apr,2,02/04/2013,,16.38937,119.90601,HT4,,1,Dinoflagellate,Prorocentrum micans,DF-Prorocentrum micans,520
5596,2013,Apr,2,02/04/2013,,16.38937,119.90601,HT4,,1,Dinoflagellate,Prorocentrum minimum,DF-Prorocentrum minimum,79940
5597,2013,Apr,2,02/04/2013,,16.38937,119.90601,HT4,,1,Dinoflagellate,Protoperidium steinni,DF-Protoperidium steinni,40
5598,2013,Apr,2,02/04/2013,,16.38937,119.90601,HT4,,1,Dinoflagellate,Scrippsiella spinifera,DF-Scrippsiella spinifera,80
5599,2013,Apr,2,02/04/2013,,16.38937,119.90601,HT4,,1,Dinoflagellate,Scrippsiella trochoidea,DF-Scrippsiella trochoidea,4740
5600,2013,Apr,2,02/04/2013,,16.38937,119.90601,HT4,,1,Diatom,Thalassiosira spp.,D-Thalassiosira spp.,500
5601,2013,Apr,2,02/04/2013,,16.38937,119.90601,HT4,,NB,Diatom,Bacteriastrum spp.,D-Bacteriastrum spp.,880
5602,2013,Apr,2,02/04/2013,,16.38937,119.90601,HT4,,NB,Dinoflagellate,Gonyaulax polygramma,DF-Gonyaulax polygramma,20
5603,2013,Apr,2,02/04/2013,,16.38937,119.90601,HT4,,NB,Diatom,Pleurosigma sp2.,D-Pleurosigma sp. 2,800
5604,2013,Apr,2,02/04/2013,,16.38937,119.90601,HT4,,NB,Dinoflagellate,Protoperidinium pellucidum,DF-Protoperidinium pellucidum,20
5605,2013,Apr,2,02/04/2013,,16.38937,119.90601,HT4,,NB,Diatom,Rhizosolenia sp2.,D-Rhizosolenia sp. 2,40
5606,2013,Apr,2,02/04/2013,,16.38937,119.90601,HT4,,NB,Diatom,Thalassiosira spp.,D-Thalassiosira spp.,660
5607,2013,Apr,2,02/04/2013,,16.38567,119.91046,HT5,,1,Dinoflagellate,Alexandrium spp.,DF-Alexandrium spp.,120
5608,2013,Apr,2,02/04/2013,,16.38567,119.91046,HT5,,1,Diatom,Bacteriastrum spp.,D-Bacteriastrum spp.,120
5609,2013,Apr,2,02/04/2013,,16.38567,119.91046,HT5,,1,Dinoflagellate,Ceratium furca,DF-Ceratium furca,40
5610,2013,Apr,2,02/04/2013,,16.38567,119.91046,HT5,,1,Diatom,Cylindricotheca closterium,D-Cylindricotheca closterium,40
5611,2013,Apr,2,02/04/2013,,16.38567,119.91046,HT5,,1,Diatom,Odontella spp.,D-Odontella spp.,20
5612,2013,Apr,2,02/04/2013,,16.38567,119.91046,HT5,,1,Diatom,Pennate Diatom1,D-Pennate Diatom1,1420
5613,2013,Apr,2,02/04/2013,,16.38567,119.91046,HT5,,1,Diatom,Pleurosigma sp2.,D-Pleurosigma sp. 2,180
5614,2013,Apr,2,02/04/2013,,16.38567,119.91046,HT5,,1,Dinoflagellate,Prorocentrum micans,DF-Prorocentrum micans,60
5615,2013,Apr,2,02/04/2013,,16.38567,119.91046,HT5,,1,Dinoflagellate,Prorocentrum minimum,DF-Prorocentrum minimum,189920
5616,2013,Apr,2,02/04/2013,,16.38567,119.91046,HT5,,1,Dinoflagellate,Protoperidinium conicum,DF-Protoperidinium conicum,20
5617,2013,Apr,2,02/04/2013,,16.38567,119.91046,HT5,,1,Dinoflagellate,Protoperidinium pallidum,DF-Protoperidinium pallidum,20
5618,2013,Apr,2,02/04/2013,,16.38567,119.91046,HT5,,1,Dinoflagellate,Protoperidinium pellucidum,DF-Protoperidinium pellucidum,100
5619,2013,Apr,2,02/04/2013,,16.38567,119.91046,HT5,,1,Dinoflagellate,Protoperidium steinni,DF-Protoperidium steinni,180
5620,2013,Apr,2,02/04/2013,,16.38567,119.91046,HT5,,1,Dinoflagellate,Scrippsiella spinifera,DF-Scrippsiella spinifera,400
5621,2013,Apr,2,02/04/2013,,16.38567,119.91046,HT5,,1,Dinoflagellate,Scrippsiella trochoidea,DF-Scrippsiella trochoidea,2680
5622,2013,Apr,2,02/04/2013,,16.38567,119.91046,HT5,,1,Diatom,Skeletonema costatum,D-Skeletonema costatum,1280
5623,2013,Apr,2,02/04/2013,,16.38567,119.91046,HT5,,1,Diatom,Thalassiosira spp.,D-Thalassiosira spp.,380
5624,2013,Apr,2,02/04/2013,,16.38567,119.91046,HT5,,NB,Diatom,Pennate Diatom1,D-Pennate Diatom1,40
5625,2013,Apr,2,02/04/2013,,16.38567,119.91046,HT5,,NB,Diatom,Pleurosigma sp2.,D-Pleurosigma sp. 2,40
5626,2013,Apr,2,02/04/2013,,16.38567,119.91046,HT5,,NB,Dinoflagellate,Protoperidinium pellucidum,DF-Protoperidinium pellucidum,20
5627,2013,Apr,2,02/04/2013,,16.38567,119.91046,HT5,,NB,Diatom,Thalassiosira spp.,D-Thalassiosira spp.,40
5628,2013,Apr,2,02/04/2013,,16.38441,119.9276,HT7,,1,Dinoflagellate,Alexandrium spp.,DF-Alexandrium spp.,280
5629,2013,Apr,2,02/04/2013,,16.38441,119.9276,HT7,,1,Dinoflagellate,Ceratium furca,DF-Ceratium furca,80
5630,2013,Apr,2,02/04/2013,,16.38441,119.9276,HT7,,1,Dinoflagellate,Gonyaulax sp.,DF-Gonyaulax sp.,20
5631,2013,Apr,2,02/04/2013,,16.38441,119.9276,HT7,,1,Dinoflagellate,Karenia  mikimotoi,DF-Karenia  mikimotoi,900
5632,2013,Apr,2,02/04/2013,,16.38441,119.9276,HT7,,1,Diatom,Pleurosigma sp1.,D-Pleurosigma sp. 1,440
5633,2013,Apr,2,02/04/2013,,16.38441,119.9276,HT7,,1,Dinoflagellate,Prorocentrum micans,DF-Prorocentrum micans,60
5634,2013,Apr,2,02/04/2013,,16.38441,119.9276,HT7,,1,Dinoflagellate,Prorocentrum minimum,DF-Prorocentrum minimum,432880
5635,2013,Apr,2,02/04/2013,,16.38441,119.9276,HT7,,1,Dinoflagellate,Protoperidinium pellucidum,DF-Protoperidinium pellucidum,40
5636,2013,Apr,2,02/04/2013,,16.38441,119.9276,HT7,,1,Dinoflagellate,Protoperidium latispinum,DF-Protoperidium latispinum,100
5637,2013,Apr,2,02/04/2013,,16.38441,119.9276,HT7,,1,Dinoflagellate,Scrippsiella spinifera,DF-Scrippsiella spinifera,260
5638,2013,Apr,2,02/04/2013,,16.38441,119.9276,HT7,,1,Dinoflagellate,Scrippsiella trochoidea,DF-Scrippsiella trochoidea,2300
5639,2013,Apr,2,02/04/2013,,16.38441,119.9276,HT7,,1,Diatom,Thalassiosira spp.,D-Thalassiosira spp.,280
5640,2013,Apr,2,02/04/2013,,16.38441,119.9276,HT7,,NB,Dinoflagellate,Alexandrium spp.,DF-Alexandrium spp.,40
5641,2013,Apr,2,02/04/2013,,16.38441,119.9276,HT7,,NB,Dinoflagellate,Ceratium furca,DF-Ceratium furca,20
5642,2013,Apr,2,02/04/2013,,16.38441,119.9276,HT7,,NB,Dinoflagellate,Gonyaulax sp.,DF-Gonyaulax sp.,20
5643,2013,Apr,2,02/04/2013,,16.38441,119.9276,HT7,,NB,Dinoflagellate,Karenia  mikimotoi,DF-Karenia  mikimotoi,40
5644,2013,Apr,2,02/04/2013,,16.38441,119.9276,HT7,,NB,Diatom,Pleurosigma sp1.,D-Pleurosigma sp. 1,40
5645,2013,Apr,2,02/04/2013,,16.38441,119.9276,HT7,,NB,Dinoflagellate,Prorocentrum micans,DF-Prorocentrum micans,40
5646,2013,Apr,2,02/04/2013,,16.38441,119.9276,HT7,,NB,Dinoflagellate,Prorocentrum minimum,DF-Prorocentrum minimum,167320
5647,2013,Apr,2,02/04/2013,,16.38441,119.9276,HT7,,NB,Dinoflagellate,Scrippsiella spinifera,DF-Scrippsiella spinifera,20
5648,2013,Apr,2,02/04/2013,,16.38441,119.9276,HT7,,NB,Dinoflagellate,Scrippsiella trochoidea,DF-Scrippsiella trochoidea,240
5649,2013,Apr,2,02/04/2013,,16.38441,119.9276,HT7,,NB,Diatom,Thalassiosira spp.,D-Thalassiosira spp.,180
5650,2013,Apr,2,02/04/2013,,16.38329,119.91624,HT8,,1,Dinoflagellate,Alexandrium spp.,DF-Alexandrium spp.,80
5651,2013,Apr,2,02/04/2013,,16.38329,119.91624,HT8,,1,Dinoflagellate,Ceratium furca,DF-Ceratium furca,120
5652,2013,Apr,2,02/04/2013,,16.38329,119.91624,HT8,,1,Dinoflagellate,Karenia  mikimotoi,DF-Karenia  mikimotoi,100
5653,2013,Apr,2,02/04/2013,,16.38329,119.91624,HT8,,1,Diatom,Pleurosigma sp1.,D-Pleurosigma sp. 1,80
5654,2013,Apr,2,02/04/2013,,16.38329,119.91624,HT8,,1,Dinoflagellate,Prorocentrum micans,DF-Prorocentrum micans,1620
5655,2013,Apr,2,02/04/2013,,16.38329,119.91624,HT8,,1,Dinoflagellate,Prorocentrum minimum,DF-Prorocentrum minimum,71520
5656,2013,Apr,2,02/04/2013,,16.38329,119.91624,HT8,,1,Dinoflagellate,Protoperidinium pellucidum,DF-Protoperidinium pellucidum,80
5657,2013,Apr,2,02/04/2013,,16.38329,119.91624,HT8,,1,Dinoflagellate,Protoperidium latispinum,DF-Protoperidium latispinum,20
5658,2013,Apr,2,02/04/2013,,16.38329,119.91624,HT8,,1,Dinoflagellate,Scrippsiella spinifera,DF-Scrippsiella spinifera,20
5659,2013,Apr,2,02/04/2013,,16.38329,119.91624,HT8,,1,Dinoflagellate,Scrippsiella trochoidea,DF-Scrippsiella trochoidea,220
5660,2013,Apr,2,02/04/2013,,16.38329,119.91624,HT8,,1,Diatom,Thalassiosira spp.,D-Thalassiosira spp.,40
5661,2013,Apr,2,02/04/2013,,16.38329,119.91624,HT8,,NB,Dinoflagellate,Karenia  mikimotoi,DF-Karenia  mikimotoi,420
5662,2013,Apr,2,02/04/2013,,16.38329,119.91624,HT8,,NB,Diatom,Pleurosigma sp1.,D-Pleurosigma sp. 1,340
5663,2013,Apr,2,02/04/2013,,16.38329,119.91624,HT8,,NB,Dinoflagellate,Prorocentrum minimum,DF-Prorocentrum minimum,1840
5664,2013,Apr,2,02/04/2013,,16.38329,119.91624,HT8,,NB,Diatom,Rhizosolenia sp1.,D-Rhizosolenia sp. 1,640
5665,2013,Apr,2,02/04/2013,,16.3694,119.93365,HT13,,1,Diatom,Coscinodiscus spp.,D-Coscinodiscus spp.,20
5666,2013,Apr,2,02/04/2013,,16.3694,119.93365,HT13,,1,Diatom,Pleurosigma sp2.,D-Pleurosigma sp. 2,260
5667,2013,Apr,2,02/04/2013,,16.3694,119.93365,HT13,,1,Dinoflagellate,Prorocentrum minimum,DF-Prorocentrum minimum,10920
5668,2013,Apr,2,02/04/2013,,16.3694,119.93365,HT13,,1,Dinoflagellate,Protoperidium latispinum,DF-Protoperidium latispinum,340
5669,2013,Apr,2,02/04/2013,,16.3694,119.93365,HT13,,1,Diatom,Rhizosolenia sp1.,D-Rhizosolenia sp. 1,60
5670,2013,Apr,2,02/04/2013,,16.3694,119.93365,HT13,,1,Dinoflagellate,Scrippsiella trochoidea,DF-Scrippsiella trochoidea,220
5671,2013,Apr,2,02/04/2013,,16.3694,119.93365,HT13,,1,Diatom,Thalassiosira spp.,D-Thalassiosira spp.,480
5672,2013,Apr,2,02/04/2013,,16.37518,119.92712,HT10,,1,Dinoflagellate,Ceratium furca,DF-Ceratium furca,2920
5673,2013,Apr,2,02/04/2013,,16.37518,119.92712,HT10,,1,Dinoflagellate,Gonyaulax polygramma,DF-Gonyaulax polygramma,1820
5674,2013,Apr,2,02/04/2013,,16.37518,119.92712,HT10,,1,Dinoflagellate,Karenia  mikimotoi,DF-Karenia  mikimotoi,16300
5675,2013,Apr,2,02/04/2013,,16.37518,119.92712,HT10,,1,Diatom,Pleurosigma sp2.,D-Pleurosigma sp. 2,1320
5676,2013,Apr,2,02/04/2013,,16.37518,119.92712,HT10,,1,Dinoflagellate,Prorocentrum micans,DF-Prorocentrum micans,10940
5677,2013,Apr,2,02/04/2013,,16.37518,119.92712,HT10,,1,Dinoflagellate,Prorocentrum minimum,DF-Prorocentrum minimum,573960
5678,2013,Apr,2,02/04/2013,,16.37518,119.92712,HT10,,1,Dinoflagellate,Protoperidinium pallidum,DF-Protoperidinium pallidum,20
5679,2013,Apr,2,02/04/2013,,16.37518,119.92712,HT10,,1,Dinoflagellate,Protoperidinium pellucidum,DF-Protoperidinium pellucidum,60
5680,2013,Apr,2,02/04/2013,,16.37518,119.92712,HT10,,1,Dinoflagellate,Protoperidium latispinum,DF-Protoperidium latispinum,720
5681,2013,Apr,2,02/04/2013,,16.37518,119.92712,HT10,,1,Dinoflagellate,Scrippsiella spinifera,DF-Scrippsiella spinifera,4760
5682,2013,Apr,2,02/04/2013,,16.37518,119.92712,HT10,,1,Dinoflagellate,Scrippsiella trochoidea,DF-Scrippsiella trochoidea,65100
5683,2013,Apr,2,02/04/2013,,16.37518,119.92712,HT10,,1,Diatom,Thalassiosira spp.,D-Thalassiosira spp.,620
5684,2013,Apr,2,02/04/2013,,,,9,,1,Dinoflagellate,Ceratium furca,DF-Ceratium furca,880
5685,2013,Apr,2,02/04/2013,,,,9,,1,Dinoflagellate,Karenia  mikimotoi,DF-Karenia  mikimotoi,280
5686,2013,Apr,2,02/04/2013,,,,9,,1,Diatom,Pleurosigma sp2.,D-Pleurosigma sp. 2,700
5687,2013,Apr,2,02/04/2013,,,,9,,1,Dinoflagellate,Prorocentrum micans,DF-Prorocentrum micans,240
5688,2013,Apr,2,02/04/2013,,,,9,,1,Dinoflagellate,Prorocentrum minimum,DF-Prorocentrum minimum,5380
5689,2013,Apr,2,02/04/2013,,,,9,,1,Dinoflagellate,Protoperidium steinni,DF-Protoperidium steinni,720
5690,2013,Apr,2,02/04/2013,,,,9,,1,Diatom,Rhizosolenia sp1.,D-Rhizosolenia sp. 1,180
5691,2013,Apr,2,02/04/2013,,,,9,,1,Diatom,Skeletonema costatum,D-Skeletonema costatum,220
5692,2013,Apr,2,02/04/2013,,16.3694,119.92772,HT13,,1,Dinoflagellate,Alexandrium spp.,DF-Alexandrium spp.,220
5693,2013,Apr,2,02/04/2013,,16.3694,119.92772,HT13,,1,Dinoflagellate,Ceratium furca,DF-Ceratium furca,460
5694,2013,Apr,2,02/04/2013,,16.3694,119.92772,HT13,,1,Diatom,Coscinodiscus spp.,D-Coscinodiscus spp.,20
5695,2013,Apr,2,02/04/2013,,16.3694,119.92772,HT13,,1,Dinoflagellate,Gonyaulax polygramma,DF-Gonyaulax polygramma,520
5696,2013,Apr,2,02/04/2013,,16.3694,119.92772,HT13,,1,Dinoflagellate,Karenia  mikimotoi,DF-Karenia  mikimotoi,2700
5697,2013,Apr,2,02/04/2013,,16.3694,119.92772,HT13,,1,Diatom,Pleurosigma sp2.,D-Pleurosigma sp. 2,1100
5698,2013,Apr,2,02/04/2013,,16.3694,119.92772,HT13,,1,Dinoflagellate,Prorocentrum micans,DF-Prorocentrum micans,8820
5699,2013,Apr,2,02/04/2013,,16.3694,119.92772,HT13,,1,Dinoflagellate,Prorocentrum minimum,DF-Prorocentrum minimum,394840
5700,2013,Apr,2,02/04/2013,,16.3694,119.92772,HT13,,1,Dinoflagellate,Protoperidinium divergens,DF-Protoperidinium divergens,20
5701,2013,Apr,2,02/04/2013,,16.3694,119.92772,HT13,,1,Dinoflagellate,Protoperidinium pallidum,DF-Protoperidinium pallidum,260
5702,2013,Apr,2,02/04/2013,,16.3694,119.92772,HT13,,1,Dinoflagellate,Protoperidinium pellucidum,DF-Protoperidinium pellucidum,60
5703,2013,Apr,2,02/04/2013,,16.3694,119.92772,HT13,,1,Dinoflagellate,Protoperidinium sp1.,DF-Protoperidinium sp1.,20
5704,2013,Apr,2,02/04/2013,,16.3694,119.92772,HT13,,1,Dinoflagellate,Protoperidium steinni,DF-Protoperidium steinni,660
5705,2013,Apr,2,02/04/2013,,16.3694,119.92772,HT13,,1,Dinoflagellate,Scrippsiella spinifera,DF-Scrippsiella spinifera,1800
5706,2013,Apr,2,02/04/2013,,16.3694,119.92772,HT13,,1,Dinoflagellate,Scrippsiella trochoidea,DF-Scrippsiella trochoidea,11160
5707,2013,Apr,2,02/04/2013,,16.3694,119.92772,HT13,,1,Diatom,Skeletonema costatum,D-Skeletonema costatum,120
5708,2013,Apr,2,02/04/2013,,16.3694,119.92772,HT13,,1,Diatom,Thalassiosira spp.,D-Thalassiosira spp.,2740
5709,2013,Apr,2,02/04/2013,,16.3694,119.92772,HT13,,NB,Dinoflagellate,Ceratium furca,DF-Ceratium furca,2480
5710,2013,Apr,2,02/04/2013,,16.3694,119.92772,HT13,,NB,Diatom,Chaetoceros spp.,D-Chaetoceros spp.,40
5711,2013,Apr,2,02/04/2013,,16.3694,119.92772,HT13,,NB,Diatom,Coscinodiscus spp.,D-Coscinodiscus spp.,20
5712,2013,Apr,2,02/04/2013,,16.3694,119.92772,HT13,,NB,Dinoflagellate,Gonyaulax polygramma,DF-Gonyaulax polygramma,140
5713,2013,Apr,2,02/04/2013,,16.3694,119.92772,HT13,,NB,Diatom,Pleurosigma sp2.,D-Pleurosigma sp. 2,2060
5714,2013,Apr,2,02/04/2013,,16.3694,119.92772,HT13,,NB,Dinoflagellate,Prorocentrum micans,DF-Prorocentrum micans,300
5715,2013,Apr,2,02/04/2013,,16.3694,119.92772,HT13,,NB,Dinoflagellate,Prorocentrum minimum,DF-Prorocentrum minimum,5660
5716,2013,Apr,2,02/04/2013,,16.3694,119.92772,HT13,,NB,Dinoflagellate,Protoperidinium pallidum,DF-Protoperidinium pallidum,380
5717,2013,Apr,2,02/04/2013,,16.3694,119.92772,HT13,,NB,Dinoflagellate,Scrippsiella spinifera,DF-Scrippsiella spinifera,260
5718,2013,Apr,2,02/04/2013,,16.3694,119.92772,HT13,,NB,Dinoflagellate,Scrippsiella trochoidea,DF-Scrippsiella trochoidea,1600
5719,2013,Apr,2,02/04/2013,,16.3694,119.92772,HT13,,NB,Diatom,Thalassiosira spp.,D-Thalassiosira spp.,1060
5720,2013,Apr,2,02/04/2013,,16.38373,119.92701,HT7,,1,Dinoflagellate,Alexandrium spp.,DF-Alexandrium spp.,340
5721,2013,Apr,2,02/04/2013,,16.38373,119.92701,HT7,,1,Dinoflagellate,Ceratium furca,DF-Ceratium furca,1840
5722,2013,Apr,2,02/04/2013,,16.38373,119.92701,HT7,,1,Diatom,Chaetoceros spp.,D-Chaetoceros spp.,140
5723,2013,Apr,2,02/04/2013,,16.38373,119.92701,HT7,,1,Dinoflagellate,Gonyaulax polygramma,DF-Gonyaulax polygramma,1020
5724,2013,Apr,2,02/04/2013,,16.38373,119.92701,HT7,,1,Dinoflagellate,Karenia  mikimotoi,DF-Karenia  mikimotoi,7000
5725,2013,Apr,2,02/04/2013,,16.38373,119.92701,HT7,,1,Diatom,Pleurosigma sp2.,D-Pleurosigma sp. 2,680
5726,2013,Apr,2,02/04/2013,,16.38373,119.92701,HT7,,1,Dinoflagellate,Prorocentrum micans,DF-Prorocentrum micans,2520
5727,2013,Apr,2,02/04/2013,,16.38373,119.92701,HT7,,1,Dinoflagellate,Prorocentrum minimum,DF-Prorocentrum minimum,196300
5728,2013,Apr,2,02/04/2013,,16.38373,119.92701,HT7,,1,Dinoflagellate,Protoperidinium pallidum,DF-Protoperidinium pallidum,40
5729,2013,Apr,2,02/04/2013,,16.38373,119.92701,HT7,,1,Dinoflagellate,Protoperidium steinni,DF-Protoperidium steinni,260
5730,2013,Apr,2,02/04/2013,,16.38373,119.92701,HT7,,1,Diatom,Rhizosolenia sp2.,D-Rhizosolenia sp. 2,1740
5731,2013,Apr,2,02/04/2013,,16.38373,119.92701,HT7,,1,Dinoflagellate,Scrippsiella spinifera,DF-Scrippsiella spinifera,1960
5732,2013,Apr,2,02/04/2013,,16.38373,119.92701,HT7,,1,Dinoflagellate,Scrippsiella trochoidea,DF-Scrippsiella trochoidea,134900
5733,2013,Apr,2,02/04/2013,,16.38373,119.92701,HT7,,1,Diatom,Thalassiosira spp.,D-Thalassiosira spp.,2760
5734,2013,Apr,2,02/04/2013,,16.38373,119.92701,HT7,,NB,Diatom,Eucampia spp.,D-Eucampia spp.,380
5735,2013,Apr,2,02/04/2013,,16.38373,119.92701,HT7,,NB,Dinoflagellate,Karenia  mikimotoi,DF-Karenia  mikimotoi,80
5736,2013,Apr,2,02/04/2013,,16.38373,119.92701,HT7,,NB,Dinoflagellate,Prorocentrum micans,DF-Prorocentrum micans,120
5737,2013,Apr,2,02/04/2013,,16.38373,119.92701,HT7,,NB,Dinoflagellate,Prorocentrum minimum,DF-Prorocentrum minimum,2800
5738,2013,Apr,2,02/04/2013,,16.38373,119.92701,HT7,,NB,Dinoflagellate,Protoperidinium conicum,DF-Protoperidinium conicum,20
5739,2013,Apr,2,02/04/2013,,16.38373,119.92701,HT7,,NB,Dinoflagellate,Protoperidium steinni,DF-Protoperidium steinni,80
5740,2013,Apr,2,02/04/2013,,16.38373,119.92701,HT7,,NB,Diatom,Rhizosolenia sp2.,D-Rhizosolenia sp. 2,80
5741,2013,Apr,2,02/04/2013,,16.38373,119.92701,HT7,,NB,Diatom,Skeletonema costatum,D-Skeletonema costatum,460
5742,2013,Apr,2,02/04/2013,,16.38373,119.92701,HT7,,NB,Diatom,Thalassiosira spp.,D-Thalassiosira spp.,1400
5743,2013,Apr,2,02/04/2013,,16.38593,119.92239,HT6,,1,Dinoflagellate,Alexandrium spp.,DF-Alexandrium spp.,220
5744,2013,Apr,2,02/04/2013,,16.38593,119.92239,HT6,,1,Dinoflagellate,Ceratium furca,DF-Ceratium furca,1200
5745,2013,Apr,2,02/04/2013,,16.38593,119.92239,HT6,,1,Dinoflagellate,Gonyaulax polygramma,DF-Gonyaulax polygramma,140
5746,2013,Apr,2,02/04/2013,,16.38593,119.92239,HT6,,1,Dinoflagellate,Karenia  mikimotoi,DF-Karenia  mikimotoi,660
5747,2013,Apr,2,02/04/2013,,16.38593,119.92239,HT6,,1,Diatom,Pleurosigma sp2.,D-Pleurosigma sp. 2,820
5748,2013,Apr,2,02/04/2013,,16.38593,119.92239,HT6,,1,Dinoflagellate,Prorocentrum micans,DF-Prorocentrum micans,520
5749,2013,Apr,2,02/04/2013,,16.38593,119.92239,HT6,,1,Dinoflagellate,Prorocentrum minimum,DF-Prorocentrum minimum,272380
5750,2013,Apr,2,02/04/2013,,16.38593,119.92239,HT6,,1,Dinoflagellate,Protoperidinium pallidum,DF-Protoperidinium pallidum,40
5751,2013,Apr,2,02/04/2013,,16.38593,119.92239,HT6,,1,Dinoflagellate,Protoperidinium pellucidum,DF-Protoperidinium pellucidum,20
5752,2013,Apr,2,02/04/2013,,16.38593,119.92239,HT6,,1,Dinoflagellate,Protoperidium steinni,DF-Protoperidium steinni,260
5753,2013,Apr,2,02/04/2013,,16.38593,119.92239,HT6,,1,Dinoflagellate,Scrippsiella spinifera,DF-Scrippsiella spinifera,520
5754,2013,Apr,2,02/04/2013,,16.38593,119.92239,HT6,,1,Dinoflagellate,Scrippsiella trochoidea,DF-Scrippsiella trochoidea,24980
5755,2013,Apr,2,02/04/2013,,16.38593,119.92239,HT6,,1,Diatom,Thalassiosira spp.,D-Thalassiosira spp.,2500
5756,2013,Apr,2,02/04/2013,,16.38593,119.92239,HT6,,NB,Diatom,Bacteriastrum spp.,D-Bacteriastrum spp.,200
5757,2013,Apr,2,02/04/2013,,16.38593,119.92239,HT6,,NB,Diatom,Chaetoceros spp.,D-Chaetoceros spp.,180
5758,2013,Apr,2,02/04/2013,,16.38593,119.92239,HT6,,NB,Diatom,Cylindricotheca closterium,D-Cylindricotheca closterium,100
5759,2013,Apr,2,02/04/2013,,16.38593,119.92239,HT6,,NB,Diatom,Coscinodiscus spp.,D-Coscinodiscus spp.,40
5760,2013,Apr,2,02/04/2013,,16.38593,119.92239,HT6,,NB,Diatom,Guinardia,D-Guinardia,100
5761,2013,Apr,2,02/04/2013,,16.38593,119.92239,HT6,,NB,Diatom,Odontella spp.,D-Odontella spp.,20
5762,2013,Apr,2,02/04/2013,,16.38593,119.92239,HT6,,NB,Silicoflagellate,Favella sp.,SF-Favella sp.,20
5763,2013,Apr,2,02/04/2013,,16.38593,119.92239,HT6,,NB,Diatom,Pennate Diatom1,D-Pennate Diatom1,620
5764,2013,Apr,2,02/04/2013,,16.38593,119.92239,HT6,,NB,Diatom,Pleurosigma sp2.,D-Pleurosigma sp. 2,360
5765,2013,Apr,2,02/04/2013,,16.38593,119.92239,HT6,,NB,Dinoflagellate,Prorocentrum micans,DF-Prorocentrum micans,200
5766,2013,Apr,2,02/04/2013,,16.38593,119.92239,HT6,,NB,Dinoflagellate,Prorocentrum minimum,DF-Prorocentrum minimum,1720
5767,2013,Apr,2,02/04/2013,,16.38593,119.92239,HT6,,NB,Dinoflagellate,Protoperidinium pallidum,DF-Protoperidinium pallidum,60
5768,2013,Apr,2,02/04/2013,,16.38593,119.92239,HT6,,NB,Dinoflagellate,Scrippsiella trochoidea,DF-Scrippsiella trochoidea,760
5769,2013,Apr,2,02/04/2013,,16.38593,119.92239,HT6,,NB,Diatom,Thalassiosira spp.,D-Thalassiosira spp.,520
5770,2013,Apr,2,02/04/2013,,16.39609,119.904,HT13,,1,Diatom,Navicula spp.,D-Navicula  spp.,60
5771,2013,Apr,2,02/04/2013,,16.39609,119.904,HT13,,1,Diatom,Pleurosigma sp2.,D-Pleurosigma sp. 2,20
5772,2013,Apr,2,02/04/2013,,16.39609,119.904,HT13,,1,Dinoflagellate,Prorocentrum minimum,DF-Prorocentrum minimum,1440
5773,2013,Apr,2,02/04/2013,,16.39609,119.904,HT13,,1,Dinoflagellate,Scrippsiella spinifera,DF-Scrippsiella spinifera,80
5774,2013,Apr,2,02/04/2013,,16.39609,119.904,HT13,,1,Dinoflagellate,Scrippsiella trochoidea,DF-Scrippsiella trochoidea,640
5775,2013,Apr,2,02/04/2013,,16.39609,119.904,HT13,,NB,Dinoflagellate,Ceratium furca,DF-Ceratium furca,160
5776,2013,Apr,2,02/04/2013,,16.39609,119.904,HT13,,NB,Dinoflagellate,Karenia  mikimotoi,DF-Karenia  mikimotoi,40
5777,2013,Apr,2,02/04/2013,,16.39609,119.904,HT13,,NB,Dinoflagellate,Prorocentrum micans,DF-Prorocentrum micans,80
5778,2013,Apr,2,02/04/2013,,16.39609,119.904,HT13,,NB,Dinoflagellate,Protoperidium steinni,DF-Protoperidium steinni,60
5779,2013,Apr,2,02/04/2013,,16.39609,119.904,HT13,,NB,Dinoflagellate,Scrippsiella trochoidea,DF-Scrippsiella trochoidea,100
5780,2013,Apr,2,02/04/2013,,16.39609,119.904,HT13,,NB,Diatom,Thalassiosira spp.,D-Thalassiosira spp.,40
5781,2013,Apr,2,02/04/2013,,16.397,119.90752,HT2,,1,Dinoflagellate,Alexandrium spp.,DF-Alexandrium spp.,20
5782,2013,Apr,2,02/04/2013,,16.397,119.90752,HT2,,1,Dinoflagellate,Ceratium furca,DF-Ceratium furca,180
5783,2013,Apr,2,02/04/2013,,16.397,119.90752,HT2,,1,Dinoflagellate,Gonyaulax polygramma,DF-Gonyaulax polygramma,20
5784,2013,Apr,2,02/04/2013,,16.397,119.90752,HT2,,1,Dinoflagellate,Karenia  mikimotoi,DF-Karenia  mikimotoi,860
5785,2013,Apr,2,02/04/2013,,16.397,119.90752,HT2,,1,Diatom,Pleurosigma sp2.,D-Pleurosigma sp. 2,440
5786,2013,Apr,2,02/04/2013,,16.397,119.90752,HT2,,1,Dinoflagellate,Prorocentrum micans,DF-Prorocentrum micans,80
5787,2013,Apr,2,02/04/2013,,16.397,119.90752,HT2,,1,Dinoflagellate,Prorocentrum minimum,DF-Prorocentrum minimum,460
5788,2013,Apr,2,02/04/2013,,16.397,119.90752,HT2,,1,Dinoflagellate,Protoperidinium conicum,DF-Protoperidinium conicum,20
5789,2013,Apr,2,02/04/2013,,16.397,119.90752,HT2,,1,Dinoflagellate,Protoperidinium pallidum,DF-Protoperidinium pallidum,120
5790,2013,Apr,2,02/04/2013,,16.397,119.90752,HT2,,1,Dinoflagellate,Protoperidinium pellucidum,DF-Protoperidinium pellucidum,20
5791,2013,Apr,2,02/04/2013,,16.397,119.90752,HT2,,1,Dinoflagellate,Protoperidium steinni,DF-Protoperidium steinni,300
5792,2013,Apr,2,02/04/2013,,16.397,119.90752,HT2,,1,Diatom,Rhizosolenia sp1.,D-Rhizosolenia sp. 1,100
5793,2013,Apr,2,02/04/2013,,16.397,119.90752,HT2,,1,Dinoflagellate,Scrippsiella spinifera,DF-Scrippsiella spinifera,340
5794,2013,Apr,2,02/04/2013,,16.397,119.90752,HT2,,1,Dinoflagellate,Scrippsiella trochoidea,DF-Scrippsiella trochoidea,8500
5795,2013,Apr,2,02/04/2013,,16.397,119.90752,HT2,,1,Diatom,Thalassiosira spp.,D-Thalassiosira spp.,340
5796,2013,Apr,2,02/04/2013,,16.397,119.90752,HT2,,NB,Diatom,Chaetoceros spp.,D-Chaetoceros spp.,20
5797,2013,Apr,2,02/04/2013,,16.397,119.90752,HT2,,NB,Diatom,Pleurosigma sp2.,D-Pleurosigma sp. 2,260
5798,2013,Apr,2,02/04/2013,,16.397,119.90752,HT2,,NB,Dinoflagellate,Prorocentrum gracile,DF-Prorocentrum gracile,40
5799,2013,Apr,2,02/04/2013,,16.397,119.90752,HT2,,NB,Dinoflagellate,Prorocentrum micans,DF-Prorocentrum micans,160
5800,2013,Apr,2,02/04/2013,,16.397,119.90752,HT2,,NB,Dinoflagellate,Prorocentrum minimum,DF-Prorocentrum minimum,220
5801,2013,Apr,2,02/04/2013,,16.397,119.90752,HT2,,NB,Dinoflagellate,Protoperidium steinni,DF-Protoperidium steinni,80
5802,2013,Apr,2,02/04/2013,,16.397,119.90752,HT2,,NB,Dinoflagellate,Scrippsiella trochoidea,DF-Scrippsiella trochoidea,960
5803,2013,Apr,2,02/04/2013,,16.397,119.90752,HT2,,NB,Diatom,Thalassiosira spp.,D-Thalassiosira spp.,20
5804,2013,Apr,2,02/04/2013,,16.38821,119.9067,HT4,,1,Dinoflagellate,Ceratium furca,DF-Ceratium furca,800
5805,2013,Apr,2,02/04/2013,,16.38821,119.9067,HT4,,1,Dinoflagellate,Karenia  mikimotoi,DF-Karenia  mikimotoi,740
5806,2013,Apr,2,02/04/2013,,16.38821,119.9067,HT4,,1,Diatom,Pleurosigma sp2.,D-Pleurosigma sp. 2,280
5807,2013,Apr,2,02/04/2013,,16.38821,119.9067,HT4,,1,Dinoflagellate,Prorocentrum micans,DF-Prorocentrum micans,200
5808,2013,Apr,2,02/04/2013,,16.38821,119.9067,HT4,,1,Dinoflagellate,Prorocentrum minimum,DF-Prorocentrum minimum,45180
5809,2013,Apr,2,02/04/2013,,16.38821,119.9067,HT4,,1,Dinoflagellate,Protoperidinium pallidum,DF-Protoperidinium pallidum,20
5810,2013,Apr,2,02/04/2013,,16.38821,119.9067,HT4,,1,Dinoflagellate,Protoperidinium pellucidum,DF-Protoperidinium pellucidum,160
5811,2013,Apr,2,02/04/2013,,16.38821,119.9067,HT4,,1,Dinoflagellate,Protoperidinium sp2.,DF-Protoperidinium sp2.,20
5812,2013,Apr,2,02/04/2013,,16.38821,119.9067,HT4,,1,Dinoflagellate,Scrippsiella spinifera,DF-Scrippsiella spinifera,420
5813,2013,Apr,2,02/04/2013,,16.38821,119.9067,HT4,,1,Dinoflagellate,Scrippsiella trochoidea,DF-Scrippsiella trochoidea,10520
5814,2013,Apr,2,02/04/2013,,16.38821,119.9067,HT4,,NB,Dinoflagellate,Alexandrium spp.,DF-Alexandrium spp.,40
5815,2013,Apr,2,02/04/2013,,16.38821,119.9067,HT4,,NB,Diatom,Bacteriastrum spp.,D-Bacteriastrum spp.,20
5816,2013,Apr,2,02/04/2013,,16.38821,119.9067,HT4,,NB,Dinoflagellate,Ceratium furca,DF-Ceratium furca,840
5817,2013,Apr,2,02/04/2013,,16.38821,119.9067,HT4,,NB,Dinoflagellate,Gonyaulax spinifera,DF-Gonyaulax spinifera,40
5818,2013,Apr,2,02/04/2013,,16.38821,119.9067,HT4,,NB,Dinoflagellate,Karenia  mikimotoi,DF-Karenia  mikimotoi,140
5819,2013,Apr,2,02/04/2013,,16.38821,119.9067,HT4,,NB,Diatom,Navicula spp.,D-Navicula  spp.,20
5820,2013,Apr,2,02/04/2013,,16.38821,119.9067,HT4,,NB,Silicoflagellate,Favella sp.,SF-Favella sp.,20
5821,2013,Apr,2,02/04/2013,,16.38821,119.9067,HT4,,NB,Diatom,Pleurosigma sp2.,D-Pleurosigma sp. 2,340
5822,2013,Apr,2,02/04/2013,,16.38821,119.9067,HT4,,NB,Dinoflagellate,Prorocentrum micans,DF-Prorocentrum micans,440
5823,2013,Apr,2,02/04/2013,,16.38821,119.9067,HT4,,NB,Dinoflagellate,Prorocentrum minimum,DF-Prorocentrum minimum,560
5824,2013,Apr,2,02/04/2013,,16.38821,119.9067,HT4,,NB,Dinoflagellate,Protoperidinium conicum,DF-Protoperidinium conicum,60
5825,2013,Apr,2,02/04/2013,,16.38821,119.9067,HT4,,NB,Dinoflagellate,Protoperidinium pellucidum,DF-Protoperidinium pellucidum,20
5826,2013,Apr,2,02/04/2013,,16.38821,119.9067,HT4,,NB,Dinoflagellate,Protoperidinium sp2.,DF-Protoperidinium sp2.,20
5827,2013,Apr,2,02/04/2013,,16.38821,119.9067,HT4,,NB,Dinoflagellate,Scrippsiella spinifera,DF-Scrippsiella spinifera,40
5828,2013,Apr,2,02/04/2013,,16.38821,119.9067,HT4,,NB,Dinoflagellate,Scrippsiella trochoidea,DF-Scrippsiella trochoidea,220
5829,2013,Apr,2,02/04/2013,,16.38821,119.9067,HT4,,NB,Diatom,Thalassionema spp.,D-Thalassionema spp.,60
5830,2013,Apr,2,02/04/2013,,16.38821,119.9067,HT4,,NB,Diatom,Thalassiosira spp.,D-Thalassiosira spp.,460
5831,2013,Apr,2,02/04/2013,,16.38092,119.91203,HT9,,1,Dinoflagellate,Alexandrium spp.,DF-Alexandrium spp.,20
5832,2013,Apr,2,02/04/2013,,16.38092,119.91203,HT9,,1,Dinoflagellate,Ceratium furca,DF-Ceratium furca,780
5833,2013,Apr,2,02/04/2013,,16.38092,119.91203,HT9,,1,Dinoflagellate,Gonyaulax polygramma,DF-Gonyaulax polygramma,40
5834,2013,Apr,2,02/04/2013,,16.38092,119.91203,HT9,,1,Dinoflagellate,Gonyaulax spinifera,DF-Gonyaulax spinifera,80
5835,2013,Apr,2,02/04/2013,,16.38092,119.91203,HT9,,1,Dinoflagellate,Karenia  mikimotoi,DF-Karenia  mikimotoi,140
5836,2013,Apr,2,02/04/2013,,16.38092,119.91203,HT9,,1,Diatom,Pleurosigma sp2.,D-Pleurosigma sp. 2,400
5837,2013,Apr,2,02/04/2013,,16.38092,119.91203,HT9,,1,Dinoflagellate,Prorocentrum micans,DF-Prorocentrum micans,200
5838,2013,Apr,2,02/04/2013,,16.38092,119.91203,HT9,,1,Dinoflagellate,Prorocentrum minimum,DF-Prorocentrum minimum,36480
5839,2013,Apr,2,02/04/2013,,16.38092,119.91203,HT9,,1,Dinoflagellate,Protoperidinium bipes,DF-Protoperidinium bipes,60
5840,2013,Apr,2,02/04/2013,,16.38092,119.91203,HT9,,1,Dinoflagellate,Protoperidinium pallidum,DF-Protoperidinium pallidum,20
5841,2013,Apr,2,02/04/2013,,16.38092,119.91203,HT9,,1,Diatom,Pseudonitzschia spp.,D-Pseudonitzschia spp.,40
5842,2013,Apr,2,02/04/2013,,16.38092,119.91203,HT9,,1,Diatom,Rhizosolenia sp1.,D-Rhizosolenia sp. 1,20
5843,2013,Apr,2,02/04/2013,,16.38092,119.91203,HT9,,1,Dinoflagellate,Scrippsiella spinifera,DF-Scrippsiella spinifera,1360
5844,2013,Apr,2,02/04/2013,,16.38092,119.91203,HT9,,1,Dinoflagellate,Scrippsiella trochoidea,DF-Scrippsiella trochoidea,2780
5845,2013,Apr,2,02/04/2013,,16.38092,119.91203,HT9,,1,Diatom,Thalassiosira spp.,D-Thalassiosira spp.,180
5846,2013,Apr,2,02/04/2013,,16.38092,119.91203,HT9,,NB,Diatom,Cylindricotheca closterium,D-Cylindricotheca closterium,40
5847,2013,Apr,2,02/04/2013,,16.38092,119.91203,HT9,,NB,Dinoflagellate,Oxytoxum spp.,DF-Oxytoxum spp.,40
5848,2013,Apr,2,02/04/2013,,16.38092,119.91203,HT9,,NB,Diatom,Pleurosigma sp2.,D-Pleurosigma sp. 2,120
5849,2013,Apr,2,02/04/2013,,16.38092,119.91203,HT9,,NB,Diatom,Rhizosolenia sp1.,D-Rhizosolenia sp. 1,40
5850,2013,Apr,2,02/04/2013,,16.38092,119.91203,HT9,,NB,Dinoflagellate,Scrippsiella trochoidea,DF-Scrippsiella trochoidea,100
5851,2013,Apr,2,02/04/2013,,16.38092,119.91203,HT9,,NB,Diatom,Thalassiosira spp.,D-Thalassiosira spp.,240
5852,2013,Apr,2,02/04/2013,,16.38321,119.91588,HT8,,1,Dinoflagellate,Ceratium furca,DF-Ceratium furca,640
5853,2013,Apr,2,02/04/2013,,16.38321,119.91588,HT8,,1,Diatom,Chaetoceros spp.,D-Chaetoceros spp.,40
5854,2013,Apr,2,02/04/2013,,16.38321,119.91588,HT8,,1,Dinoflagellate,Gonyaulax spinifera,DF-Gonyaulax spinifera,80
5855,2013,Apr,2,02/04/2013,,16.38321,119.91588,HT8,,1,Dinoflagellate,Karenia  mikimotoi,DF-Karenia  mikimotoi,3380
5856,2013,Apr,2,02/04/2013,,16.38321,119.91588,HT8,,1,Silicoflagellate,Favella sp.,SF-Favella sp.,20
5857,2013,Apr,2,02/04/2013,,16.38321,119.91588,HT8,,1,Diatom,Pleurosigma sp2.,D-Pleurosigma sp. 2,840
5858,2013,Apr,2,02/04/2013,,16.38321,119.91588,HT8,,1,Dinoflagellate,Prorocentrum gracile,DF-Prorocentrum gracile,20
5859,2013,Apr,2,02/04/2013,,16.38321,119.91588,HT8,,1,Dinoflagellate,Prorocentrum micans,DF-Prorocentrum micans,900
5860,2013,Apr,2,02/04/2013,,16.38321,119.91588,HT8,,1,Dinoflagellate,Prorocentrum minimum,DF-Prorocentrum minimum,53140
5861,2013,Apr,2,02/04/2013,,16.38321,119.91588,HT8,,1,Dinoflagellate,Protoperidinium bipes,DF-Protoperidinium bipes,200
5862,2013,Apr,2,02/04/2013,,16.38321,119.91588,HT8,,1,Dinoflagellate,Protoperidinium conicum,DF-Protoperidinium conicum,120
5863,2013,Apr,2,02/04/2013,,16.38321,119.91588,HT8,,1,Dinoflagellate,Protoperidinium pallidum,DF-Protoperidinium pallidum,20
5864,2013,Apr,2,02/04/2013,,16.38321,119.91588,HT8,,1,Dinoflagellate,Protoperidinium pellucidum,DF-Protoperidinium pellucidum,60
5865,2013,Apr,2,02/04/2013,,16.38321,119.91588,HT8,,1,Dinoflagellate,Protoperidinium spp.,DF-Protoperidinium spp.,100
5866,2013,Apr,2,02/04/2013,,16.38321,119.91588,HT8,,1,Dinoflagellate,Protoperidium steinni,DF-Protoperidium steinni,20
5867,2013,Apr,2,02/04/2013,,16.38321,119.91588,HT8,,1,Dinoflagellate,Scrippsiella spinifera,DF-Scrippsiella spinifera,1700
5868,2013,Apr,2,02/04/2013,,16.38321,119.91588,HT8,,1,Dinoflagellate,Scrippsiella trochoidea,DF-Scrippsiella trochoidea,28400
5869,2013,Apr,2,02/04/2013,,16.38321,119.91588,HT8,,1,Diatom,Thalassiosira spp.,D-Thalassiosira spp.,340
5870,2013,May,30,30/05/2013,,16.34775,119.93452,A2,,1,Dinoflagellate,Gonyaulax spinifera,DF-Gonyaulax spinifera,180
5871,2013,May,30,30/05/2013,,16.34775,119.93452,A2,,1,Diatom,Pseudonitzschia spp.,D-Pseudonitzschia spp.,160
5872,2013,May,30,30/05/2013,,16.34775,119.93452,A2,,1,Silicoflagellate,Tintinopsis,SF-Tintinopsis,6400
5873,2013,May,30,30/05/2013,,16.34775,119.93452,A2,,1,Diatom,Rhizosolenia sp1,D-Rhizosolenia sp. 1,3380
5874,2013,May,30,30/05/2013,,16.34775,119.93452,A2,,1,Diatom,Pleurosigma sp1,D-Pleurosigma sp. 1,600
5875,2013,May,30,30/05/2013,,16.34775,119.93452,A2,,1,Diatom,Pleurosigma sp2,D-Pleurosigma sp. 2,40
5876,2013,May,30,30/05/2013,,16.34775,119.93452,A2,,1,Diatom,Pleurosigma sp1,D-Pleurosigma sp. 1,160
5877,2013,May,30,30/05/2013,,16.34775,119.93452,A2,,1,Diatom,Coscinodiscus spp.,D-Coscinodiscus spp.,40
5878,2013,May,30,30/05/2013,,16.34775,119.93452,A2,,1,Dinoflagellate,Prorocentrum minimum,DF-Prorocentrum minimum,260240
5879,2013,May,30,30/05/2013,,16.34775,119.93452,A2,,1,Dinoflagellate,Prorocentrum micans,DF-Prorocentrum micans,2780
5880,2013,May,30,30/05/2013,,16.34775,119.93452,A2,,1,Dinoflagellate,Karenia  mikimotoi,DF-Karenia  mikimotoi,40
5881,2013,May,30,30/05/2013,,16.34775,119.93452,A2,,1,Dinoflagellate,Ceratium furca,DF-Ceratium furca,140
5882,2013,May,30,30/05/2013,,16.34775,119.93452,A2,,1,Dinoflagellate,Scrippsiella spinifera,DF-Scrippsiella spinifera,80
5883,2013,May,30,30/05/2013,,16.34775,119.93452,A2,,1,Diatom,Thalassiosira spp.,D-Thalassiosira spp.,1720
5884,2013,May,30,30/05/2013,,16.34775,119.93452,A2,,1,Dinoflagellate,Protoperidinium pellucidum,DF-Protoperidinium pellucidum,180
5885,2013,May,30,30/05/2013,,16.33431,119.95731,A3,,1,Diatom,Thalassionema spp.,D-Thalassionema spp.,160
5886,2013,May,30,30/05/2013,,16.33431,119.95731,A3,,1,Diatom,Biddulphia,D-Biddulphia,40
5887,2013,May,30,30/05/2013,,16.33431,119.95731,A3,,1,Dinoflagellate,Gonyaulax spinifera,DF-Gonyaulax spinifera,120
5888,2013,May,30,30/05/2013,,16.33431,119.95731,A3,,1,Dinoflagellate,Protoperidinium conicum,DF-Protoperidinium conicum,40
5889,2013,May,30,30/05/2013,,16.33431,119.95731,A3,,1,Dinoflagellate,Protoperidinium pallidum,DF-Protoperidinium pallidum,360
5890,2013,May,30,30/05/2013,,16.33431,119.95731,A3,,1,Silicoflagellate,Tintinopsis,SF-Tintinopsis,200
5891,2013,May,30,30/05/2013,,16.33431,119.95731,A3,,1,Diatom,Rhizosolenia sp1,D-Rhizosolenia sp. 1,1060
5892,2013,May,30,30/05/2013,,16.33431,119.95731,A3,,1,Diatom,Pleurosigma sp1,D-Pleurosigma sp. 1,400
5893,2013,May,30,30/05/2013,,16.33431,119.95731,A3,,1,Diatom,Pleurosigma sp1,D-Pleurosigma sp. 1,71140
5894,2013,May,30,30/05/2013,,16.33431,119.95731,A3,,1,Dinoflagellate,Prorocentrum minimum,DF-Prorocentrum minimum,7897440
5895,2013,May,30,30/05/2013,,16.33431,119.95731,A3,,1,Dinoflagellate,Prorocentrum micans,DF-Prorocentrum micans,540
5896,2013,May,30,30/05/2013,,16.33431,119.95731,A3,,1,Dinoflagellate,Ceratium furca,DF-Ceratium furca,120
5897,2013,May,30,30/05/2013,,16.33431,119.95731,A3,,1,Diatom,Thalassiosira spp.,D-Thalassiosira spp.,640
5898,2013,May,30,30/05/2013,,16.33431,119.95731,A3,,1,Dinoflagellate,Protoperidinium pellucidum,DF-Protoperidinium pellucidum,720
5899,2013,May,30,30/05/2013,,16.33431,119.95731,A3,,1,Dinoflagellate,Protoperdinium  pellucidum,DF-Protoperdinium  pellucidum,300
5900,2013,May,30,30/05/2013,,16.33431,119.95731,A3,,1,Dinoflagellate,Prototoperidnium pallidum,DF-Prototoperidnium pallidum,60
5901,2013,May,30,30/05/2013,,16.28459,119.92285,A4,,1,Silicoflagellate,Tintinopsis,SF-Tintinopsis,9000
5902,2013,May,30,30/05/2013,,16.28459,119.92285,A4,,1,Diatom,Navicula  spp.,D-Navicula  spp.,140
5903,2013,May,30,30/05/2013,,16.28459,119.92285,A4,,1,Diatom,Rhizosolenia sp1,D-Rhizosolenia sp. 1,6400
5904,2013,May,30,30/05/2013,,16.28459,119.92285,A4,,1,Diatom,Pleurosigma sp1,D-Pleurosigma sp. 1,700
5905,2013,May,30,30/05/2013,,16.28459,119.92285,A4,,1,Diatom,Pleurosigma sp1,D-Pleurosigma sp. 1,260
5906,2013,May,30,30/05/2013,,16.28459,119.92285,A4,,1,Dinoflagellate,Prorocentrum minimum,DF-Prorocentrum minimum,248240
5907,2013,May,30,30/05/2013,,16.28459,119.92285,A4,,1,Dinoflagellate,Prorocentrum micans,DF-Prorocentrum micans,700
5908,2013,May,30,30/05/2013,,16.28459,119.92285,A4,,1,Dinoflagellate,Scrippsiella spinifera,DF-Scrippsiella spinifera,100
5909,2013,May,30,30/05/2013,,16.28459,119.92285,A4,,1,Diatom,Thalassiosira spp.,D-Thalassiosira spp.,3160
5910,2013,May,30,30/05/2013,,16.28459,119.92285,A4,,1,Dinoflagellate,Protoperidinium pellucidum,DF-Protoperidinium pellucidum,720
5911,2013,May,30,30/05/2013,,16.35572,119.93677,LJC9,,1,Dinoflagellate,Prorocentrum minimum,DF-Prorocentrum minimum,268440
5912,2013,May,30,30/05/2013,,16.35572,119.93677,LJC9,,1,Dinoflagellate,Prorocentrum micans,DF-Prorocentrum micans,740
5913,2013,May,30,30/05/2013,,16.35572,119.93677,LJC9,,1,Dinoflagellate,Protoperidinium pellucidum,DF-Protoperidinium pellucidum,2880
5914,2013,May,30,30/05/2013,,16.35572,119.93677,LJC9,,1,Diatom,Thalassiosira spp.,D-Thalassiosira spp.,3240
5915,2013,May,30,30/05/2013,,16.35572,119.93677,LJC9,,1,Diatom,Rhizosolenia sp1,D-Rhizosolenia sp. 1,3100
5916,2013,May,30,30/05/2013,,16.35572,119.93677,LJC9,,1,Silicoflagellate,Tintinopsis,SF-Tintinopsis,500
5917,2013,May,30,30/05/2013,,16.35572,119.93677,LJC9,,1,Diatom,Pleurosigma sp1,D-Pleurosigma sp. 1,980
5918,2013,May,30,30/05/2013,,16.35572,119.93677,LJC9,,1,Diatom,Navicula  spp.,D-Navicula  spp.,80
5919,2013,May,30,30/05/2013,,16.35572,119.93677,LJC9,,1,Dinoflagellate,Ceratium furca,DF-Ceratium furca,40
5920,2013,May,30,30/05/2013,,16.35572,119.93677,LJC9,,1,Dinoflagellate,Protoperdinium  pellucidum,DF-Protoperdinium  pellucidum,60
5921,2013,May,30,30/05/2013,,16.35572,119.93677,LJC9,,1,Raphidophyte,Chattonnella subsalsa,RD-Chattonnella subsalsa,100
5922,2013,May,30,30/05/2013,,16.35572,119.93677,LJC9,,NB,Dinoflagellate,Gonyaulax spinifera,DF-Gonyaulax spinifera,40
5923,2013,May,30,30/05/2013,,16.35572,119.93677,LJC9,,NB,Silicoflagellate,Tintinopsis,SF-Tintinopsis,480
5924,2013,May,30,30/05/2013,,16.35572,119.93677,LJC9,,NB,Diatom,Rhizosolenia sp1,D-Rhizosolenia sp. 1,1040
5925,2013,May,30,30/05/2013,,16.35572,119.93677,LJC9,,NB,Diatom,Pleurosigma sp1,D-Pleurosigma sp. 1,380
5926,2013,May,30,30/05/2013,,16.35572,119.93677,LJC9,,NB,Diatom,Skeletonema,D-Skeletonema,340
5927,2013,May,30,30/05/2013,,16.35572,119.93677,LJC9,,NB,Dinoflagellate,Prorocentrum minimum,DF-Prorocentrum minimum,104140
5928,2013,May,30,30/05/2013,,16.35572,119.93677,LJC9,,NB,Dinoflagellate,Prorocentrum micans,DF-Prorocentrum micans,540
5929,2013,May,30,30/05/2013,,16.35572,119.93677,LJC9,,NB,Dinoflagellate,Karenia  mikimotoi,DF-Karenia  mikimotoi,40
5930,2013,May,30,30/05/2013,,16.35572,119.93677,LJC9,,NB,Dinoflagellate,Ceratium furca,DF-Ceratium furca,140
5931,2013,May,30,30/05/2013,,16.35572,119.93677,LJC9,,NB,Diatom,Cylindricotheca closterium,D-Cylindricotheca closterium,40
5932,2013,May,30,30/05/2013,,16.35572,119.93677,LJC9,,NB,Dinoflagellate,Scrippsiella spinifera,DF-Scrippsiella spinifera,180
5933,2013,May,30,30/05/2013,,16.35572,119.93677,LJC9,,NB,Diatom,Bacteriastrum spp.,D-Bacteriastrum spp.,40
5934,2013,May,30,30/05/2013,,16.35572,119.93677,LJC9,,NB,Diatom,Thalassiosira spp.,D-Thalassiosira spp.,1080
5935,2013,May,30,30/05/2013,,16.35572,119.93677,LJC9,,NB,Dinoflagellate,Protoperidinium pellucidum,DF-Protoperidinium pellucidum,200
5936,2013,May,30,30/05/2013,,16.35572,119.93677,LJC9,,NB,Dinoflagellate,Protoperdinium  pellucidum,DF-Protoperdinium  pellucidum,100
5937,2013,May,30,30/05/2013,,16.39578,119.90667,RVA3,,NB,Silicoflagellate,Tintinopsis,SF-Tintinopsis,220
5938,2013,May,30,30/05/2013,,16.39578,119.90667,RVA3,,NB,Diatom,Pleurosigma sp2,D-Pleurosigma sp. 2,1240
5939,2013,May,30,30/05/2013,,16.39578,119.90667,RVA3,,NB,Dinoflagellate,Prorocentrum minimum,DF-Prorocentrum minimum,40
5940,2013,May,30,30/05/2013,,16.39578,119.90667,RVA3,,1,Dinoflagellate,Gonyaulax spinifera,DF-Gonyaulax spinifera,40
5941,2013,May,30,30/05/2013,,16.39578,119.90667,RVA3,,1,Diatom,Pseudonitzschia spp.,D-Pseudonitzschia spp.,200
5942,2013,May,30,30/05/2013,,16.39578,119.90667,RVA3,,1,Silicoflagellate,Tintinopsis,SF-Tintinopsis,380
5943,2013,May,30,30/05/2013,,16.39578,119.90667,RVA3,,1,Raphidophyte,Chattonnella subsalsa,RD-Chattonnella subsalsa,100
5944,2013,May,30,30/05/2013,,16.39578,119.90667,RVA3,,1,Diatom,Rhizosolenia sp1,D-Rhizosolenia sp. 1,40
5945,2013,May,30,30/05/2013,,16.39578,119.90667,RVA3,,1,Diatom,Pleurosigma sp1,D-Pleurosigma sp. 1,540
5946,2013,May,30,30/05/2013,,16.39578,119.90667,RVA3,,1,Diatom,Pleurosigma sp2,D-Pleurosigma sp. 2,40
5947,2013,May,30,30/05/2013,,16.39578,119.90667,RVA3,,1,Diatom,Coscinodiscus spp.,D-Coscinodiscus spp.,40
5948,2013,May,30,30/05/2013,,16.39578,119.90667,RVA3,,1,Dinoflagellate,Prorocentrum minimum,DF-Prorocentrum minimum,67240
5949,2013,May,30,30/05/2013,,16.39578,119.90667,RVA3,,1,Dinoflagellate,Prorocentrum micans,DF-Prorocentrum micans,180
5950,2013,May,30,30/05/2013,,16.39578,119.90667,RVA3,,1,Dinoflagellate,Karenia  mikimotoi,DF-Karenia  mikimotoi,220
5951,2013,May,30,30/05/2013,,16.39578,119.90667,RVA3,,1,Dinoflagellate,Ceratium furca,DF-Ceratium furca,80
5952,2013,May,30,30/05/2013,,16.39578,119.90667,RVA3,,1,Dinoflagellate,Scrippsiella spinifera,DF-Scrippsiella spinifera,140
5953,2013,May,30,30/05/2013,,16.39578,119.90667,RVA3,,1,Diatom,Thalassiosira spp.,D-Thalassiosira spp.,300
5954,2013,May,30,30/05/2013,,16.38339,119.91585,TS2,,NB,Silicoflagellate,Tintinopsis,SF-Tintinopsis,120
5955,2013,May,30,30/05/2013,,16.38339,119.91585,TS2,,NB,Diatom,Navicula  spp.,D-Navicula  spp.,40
5956,2013,May,30,30/05/2013,,16.38339,119.91585,TS2,,NB,Diatom,Rhizosolenia sp1,D-Rhizosolenia sp. 1,80
5957,2013,May,30,30/05/2013,,16.38339,119.91585,TS2,,NB,Diatom,Pleurosigma sp1,D-Pleurosigma sp. 1,300
5958,2013,May,30,30/05/2013,,16.38339,119.91585,TS2,,NB,Diatom,Coscinodiscus spp.,D-Coscinodiscus spp.,20
5959,2013,May,30,30/05/2013,,16.38339,119.91585,TS2,,NB,Dinoflagellate,Prorocentrum minimum,DF-Prorocentrum minimum,1060
5960,2013,May,30,30/05/2013,,16.38339,119.91585,TS2,,NB,Dinoflagellate,Karenia  mikimotoi,DF-Karenia  mikimotoi,120
5961,2013,May,30,30/05/2013,,16.38339,119.91585,TS2,,NB,Diatom,Cylindricotheca closterium,D-Cylindricotheca closterium,40
5962,2013,May,30,30/05/2013,,16.38339,119.91585,TS2,,NB,Silicoflagellate,Favella sp.,SF-Favella sp.,40
5963,2013,May,30,30/05/2013,,16.38339,119.91585,TS2,,NB,Diatom,Thalassiosira spp.,D-Thalassiosira spp.,40
5964,2013,May,30,30/05/2013,,16.38339,119.91585,TS2,,1,Dinoflagellate,Gonyaulax spinifera,DF-Gonyaulax spinifera,180
5965,2013,May,30,30/05/2013,,16.38339,119.91585,TS2,,1,Dinoflagellate,Alexandrium spp.,DF-Alexandrium spp.,40
5966,2013,May,30,30/05/2013,,16.38339,119.91585,TS2,,1,Diatom,Pseudonitzschia spp.,D-Pseudonitzschia spp.,1240
5967,2013,May,30,30/05/2013,,16.38339,119.91585,TS2,,1,Silicoflagellate,Tintinopsis,SF-Tintinopsis,200
5968,2013,May,30,30/05/2013,,16.38339,119.91585,TS2,,1,Raphidophyte,Chattonnella subsalsa,RD-Chattonnella subsalsa,120
5969,2013,May,30,30/05/2013,,16.38339,119.91585,TS2,,1,Diatom,Rhizosolenia sp1,D-Rhizosolenia sp. 1,1060
5970,2013,May,30,30/05/2013,,16.38339,119.91585,TS2,,1,Diatom,Pleurosigma sp1,D-Pleurosigma sp. 1,500
5971,2013,May,30,30/05/2013,,16.38339,119.91585,TS2,,1,Diatom,Pleurosigma sp2,D-Pleurosigma sp. 2,140
5972,2013,May,30,30/05/2013,,16.38339,119.91585,TS2,,1,Diatom,Pleurosigma sp1,D-Pleurosigma sp. 1,100
5973,2013,May,30,30/05/2013,,16.38339,119.91585,TS2,,1,Dinoflagellate,Prorocentrum minimum,DF-Prorocentrum minimum,1162060
5974,2013,May,30,30/05/2013,,16.38339,119.91585,TS2,,1,Dinoflagellate,Prorocentrum micans,DF-Prorocentrum micans,300
5975,2013,May,30,30/05/2013,,16.38339,119.91585,TS2,,1,Dinoflagellate,Karenia  mikimotoi,DF-Karenia  mikimotoi,1040
5976,2013,May,30,30/05/2013,,16.38339,119.91585,TS2,,1,Dinoflagellate,Ceratium furca,DF-Ceratium furca,780
5977,2013,May,30,30/05/2013,,16.38339,119.91585,TS2,,1,Dinoflagellate,Scrippsiella spinifera,DF-Scrippsiella spinifera,220
5978,2013,May,30,30/05/2013,,16.38339,119.91585,TS2,,1,Diatom,Thalassiosira spp.,D-Thalassiosira spp.,740
5979,2013,May,30,30/05/2013,,16.38339,119.91585,TS2,,1,Dinoflagellate,Protoperidinium pellucidum,DF-Protoperidinium pellucidum,740
5980,2013,May,30,30/05/2013,,16.34927,119.94606,W1,,1,Diatom,Navicula  spp.,D-Navicula  spp.,60
5981,2013,May,30,30/05/2013,,16.34927,119.94606,W1,,1,Diatom,Rhizosolenia sp1,D-Rhizosolenia sp. 1,1140
5982,2013,May,30,30/05/2013,,16.34927,119.94606,W1,,1,Diatom,Pleurosigma sp1,D-Pleurosigma sp. 1,120
5983,2013,May,30,30/05/2013,,16.34927,119.94606,W1,,1,Dinoflagellate,Prorocentrum minimum,DF-Prorocentrum minimum,137400
5984,2013,May,30,30/05/2013,,16.34927,119.94606,W1,,1,Dinoflagellate,Prorocentrum micans,DF-Prorocentrum micans,140
5985,2013,May,30,30/05/2013,,16.34927,119.94606,W1,,1,Dinoflagellate,Karenia  mikimotoi,DF-Karenia  mikimotoi,20
5986,2013,May,30,30/05/2013,,16.34927,119.94606,W1,,1,Dinoflagellate,Ceratium furca,DF-Ceratium furca,60
5987,2013,May,30,30/05/2013,,16.34927,119.94606,W1,,1,Diatom,Thalassiosira spp.,D-Thalassiosira spp.,360
5988,2013,May,30,30/05/2013,,16.34927,119.94606,W1,,1,Dinoflagellate,Protoperidinium pellucidum,DF-Protoperidinium pellucidum,420
5989,2013,May,30,30/05/2013,,16.34927,119.94606,W1,,1,Dinoflagellate,Protoperdinium  pellucidum,DF-Protoperdinium  pellucidum,80
5990,2013,May,30,30/05/2013,,16.34927,119.94606,W1,,1,Dinoflagellate,Prototoperidnium pallidum,DF-Prototoperidnium pallidum,100
5991,2013,May,30,30/05/2013,,16.37073,119.93401,W3,,1,Dinoflagellate,Prorocentrum minimum,DF-Prorocentrum minimum,2413540
5992,2013,May,30,30/05/2013,,16.37073,119.93401,W3,,1,Dinoflagellate,Prorocentrum micans,DF-Prorocentrum micans,680
5993,2013,May,30,30/05/2013,,16.37073,119.93401,W3,,1,Dinoflagellate,Protoperidinium pellucidum,DF-Protoperidinium pellucidum,3560
5994,2013,May,30,30/05/2013,,16.37073,119.93401,W3,,1,Diatom,Rhizosolenia sp1,D-Rhizosolenia sp. 1,140
5995,2013,May,30,30/05/2013,,16.37073,119.93401,W3,,1,Diatom,Pleurosigma sp1,D-Pleurosigma sp. 1,100
5996,2013,May,30,30/05/2013,,16.37073,119.93401,W3,,1,Dinoflagellate,Ceratium furca,DF-Ceratium furca,40
5997,2013,May,30,30/05/2013,,16.37073,119.93401,W3,,1,Dinoflagellate,Protoperdinium  pellucidum,DF-Protoperdinium  pellucidum,80
5998,2013,May,30,30/05/2013,,16.37073,119.93401,W3,,NB,Silicoflagellate,Tintinopsis,SF-Tintinopsis,920
5999,2013,May,30,30/05/2013,,16.37073,119.93401,W3,,NB,Diatom,Rhizosolenia sp1,D-Rhizosolenia sp. 1,440
6000,2013,May,30,30/05/2013,,16.37073,119.93401,W3,,NB,Diatom,Pleurosigma sp1,D-Pleurosigma sp. 1,580
6001,2013,May,30,30/05/2013,,16.37073,119.93401,W3,,NB,Diatom,Pleurosigma sp1,D-Pleurosigma sp. 1,100
6002,2013,May,30,30/05/2013,,16.37073,119.93401,W3,,NB,Diatom,Coscinodiscus spp.,D-Coscinodiscus spp.,40
6003,2013,May,30,30/05/2013,,16.37073,119.93401,W3,,NB,Dinoflagellate,Prorocentrum minimum,DF-Prorocentrum minimum,345820
6004,2013,May,30,30/05/2013,,16.37073,119.93401,W3,,NB,Dinoflagellate,Ceratium furca,DF-Ceratium furca,40
6005,2013,May,30,30/05/2013,,16.37073,119.93401,W3,,NB,Diatom,Thalassiosira spp.,D-Thalassiosira spp.,1280
6006,2013,May,30,30/05/2013,,16.37073,119.93401,W3,,NB,Dinoflagellate,Protoperidinium pellucidum,DF-Protoperidinium pellucidum,220
6007,2013,May,30,30/05/2013,,16.37073,119.93401,W3,,1,Dinoflagellate,Gonyaulax spinifera,DF-Gonyaulax spinifera,40
6008,2013,May,30,30/05/2013,,16.37073,119.93401,W3,,1,Diatom,Pseudonitzschia spp.,D-Pseudonitzschia spp.,340
6009,2013,May,30,30/05/2013,,16.37073,119.93401,W3,,1,Silicoflagellate,Tintinopsis,SF-Tintinopsis,1640
6010,2013,May,30,30/05/2013,,16.37073,119.93401,W3,,1,Diatom,Rhizosolenia sp1,D-Rhizosolenia sp. 1,1480
6011,2013,May,30,30/05/2013,,16.37073,119.93401,W3,,1,Diatom,Pleurosigma sp1,D-Pleurosigma sp. 1,660
6012,2013,May,30,30/05/2013,,16.37073,119.93401,W3,,1,Diatom,Pleurosigma sp1,D-Pleurosigma sp. 1,40
6013,2013,May,30,30/05/2013,,16.37073,119.93401,W3,,1,Diatom,Coscinodiscus spp.,D-Coscinodiscus spp.,40
6014,2013,May,30,30/05/2013,,16.37073,119.93401,W3,,1,Dinoflagellate,Phalacroma  spp.,DF-Phalacroma  spp.,40
6015,2013,May,30,30/05/2013,,16.37073,119.93401,W3,,1,Dinoflagellate,Prorocentrum minimum,DF-Prorocentrum minimum,3266640
6016,2013,May,30,30/05/2013,,16.37073,119.93401,W3,,1,Dinoflagellate,Prorocentrum micans,DF-Prorocentrum micans,3260
6017,2013,May,30,30/05/2013,,16.37073,119.93401,W3,,1,Dinoflagellate,Karenia  mikimotoi,DF-Karenia  mikimotoi,240
6018,2013,May,30,30/05/2013,,16.37073,119.93401,W3,,1,Dinoflagellate,Ceratium furca,DF-Ceratium furca,340
6019,2013,May,30,30/05/2013,,16.37073,119.93401,W3,,1,Dinoflagellate,Scrippsiella spinifera,DF-Scrippsiella spinifera,1060
6020,2013,May,30,30/05/2013,,16.37073,119.93401,W3,,1,Diatom,Thalassiosira spp.,D-Thalassiosira spp.,1340
6021,2013,May,30,30/05/2013,,16.37073,119.93401,W3,,1,Dinoflagellate,Protoperidinium pellucidum,DF-Protoperidinium pellucidum,860
6022,2013,May,30,30/05/2013,,16.37073,119.93401,W3,,1,Dinoflagellate,Protoperdinium  pellucidum,DF-Protoperdinium  pellucidum,200
6023,2013,May,30,30/05/2013,,16.32003,119.93384,W8,,1,Diatom,Thalassionema spp.,D-Thalassionema spp.,180
6024,2013,May,30,30/05/2013,,16.32003,119.93384,W8,,1,Dinoflagellate,Gonyaulax spinifera,DF-Gonyaulax spinifera,40
6025,2013,May,30,30/05/2013,,16.32003,119.93384,W8,,1,Silicoflagellate,Tintinopsis,SF-Tintinopsis,1300
6026,2013,May,30,30/05/2013,,16.32003,119.93384,W8,,1,Diatom,Rhizosolenia sp1,D-Rhizosolenia sp. 1,2080
6027,2013,May,30,30/05/2013,,16.32003,119.93384,W8,,1,Diatom,Pleurosigma sp1,D-Pleurosigma sp. 1,700
6028,2013,May,30,30/05/2013,,16.32003,119.93384,W8,,1,Diatom,Pleurosigma sp1,D-Pleurosigma sp. 1,140
6029,2013,May,30,30/05/2013,,16.32003,119.93384,W8,,1,Dinoflagellate,Prorocentrum minimum,DF-Prorocentrum minimum,641980
6030,2013,May,30,30/05/2013,,16.32003,119.93384,W8,,1,Dinoflagellate,Prorocentrum micans,DF-Prorocentrum micans,1040
6031,2013,May,30,30/05/2013,,16.32003,119.93384,W8,,1,Dinoflagellate,Ceratium furca,DF-Ceratium furca,160
6032,2013,May,30,30/05/2013,,16.32003,119.93384,W8,,1,Silicoflagellate,Favella sp.,SF-Favella sp.,80
6033,2013,May,30,30/05/2013,,16.32003,119.93384,W8,,1,Diatom,Thalassiosira spp.,D-Thalassiosira spp.,2240
6034,2013,May,30,30/05/2013,,16.32003,119.93384,W8,,1,Dinoflagellate,Protoperidinium pellucidum,DF-Protoperidinium pellucidum,340
6035,2013,May,30,30/05/2013,,16.32003,119.93384,W8,,1,Dinoflagellate,Protoperdinium  pellucidum,DF-Protoperdinium  pellucidum,140
6036,2013,May,30,30/05/2013,,16.34775,119.93452,W9,,1,Diatom,Pseudonitzschia spp.,D-Pseudonitzschia spp.,440
6037,2013,May,30,30/05/2013,,16.34775,119.93452,W9,,1,Silicoflagellate,Tintinopsis,SF-Tintinopsis,2120
6038,2013,May,30,30/05/2013,,16.34775,119.93452,W9,,1,Diatom,Navicula  spp.,D-Navicula  spp.,240
6039,2013,May,30,30/05/2013,,16.34775,119.93452,W9,,1,Diatom,Rhizosolenia sp1,D-Rhizosolenia sp. 1,3700
6040,2013,May,30,30/05/2013,,16.34775,119.93452,W9,,1,Diatom,Pleurosigma sp1,D-Pleurosigma sp. 1,480
6041,2013,May,30,30/05/2013,,16.34775,119.93452,W9,,1,Diatom,Coscinodiscus spp.,D-Coscinodiscus spp.,60
6042,2013,May,30,30/05/2013,,16.34775,119.93452,W9,,1,Dinoflagellate,Prorocentrum minimum,DF-Prorocentrum minimum,210760
6043,2013,May,30,30/05/2013,,16.34775,119.93452,W9,,1,Dinoflagellate,Prorocentrum micans,DF-Prorocentrum micans,360
6044,2013,May,30,30/05/2013,,16.34775,119.93452,W9,,1,Dinoflagellate,Karenia  mikimotoi,DF-Karenia  mikimotoi,160
6045,2013,May,30,30/05/2013,,16.34775,119.93452,W9,,1,Dinoflagellate,Ceratium furca,DF-Ceratium furca,160
6046,2013,May,30,30/05/2013,,16.34775,119.93452,W9,,1,Dinoflagellate,Scrippsiella spinifera,DF-Scrippsiella spinifera,120
6047,2013,May,30,30/05/2013,,16.34775,119.93452,W9,,1,Silicoflagellate,Favella sp.,SF-Favella sp.,20
6048,2013,May,30,30/05/2013,,16.34775,119.93452,W9,,1,Diatom,Thalassiosira spp.,D-Thalassiosira spp.,740
6049,2013,May,30,30/05/2013,,16.34775,119.93452,W9,,1,Dinoflagellate,Protoperidinium pellucidum,DF-Protoperidinium pellucidum,680
6050,2013,May,30,30/05/2013,,16.38326,119.92616,W11,,NB,Dinoflagellate,Gonyaulax spinifera,DF-Gonyaulax spinifera,180
6051,2013,May,30,30/05/2013,,16.38326,119.92616,W11,,NB,Silicoflagellate,Tintinopsis,SF-Tintinopsis,400
6052,2013,May,30,30/05/2013,,16.38326,119.92616,W11,,NB,Diatom,Rhizosolenia sp1,D-Rhizosolenia sp. 1,440
6053,2013,May,30,30/05/2013,,16.38326,119.92616,W11,,NB,Diatom,Pleurosigma sp1,D-Pleurosigma sp. 1,620
6054,2013,May,30,30/05/2013,,16.38326,119.92616,W11,,NB,Diatom,Pleurosigma sp1,D-Pleurosigma sp. 1,40
6055,2013,May,30,30/05/2013,,16.38326,119.92616,W11,,NB,Diatom,Coscinodiscus spp.,D-Coscinodiscus spp.,140
6056,2013,May,30,30/05/2013,,16.38326,119.92616,W11,,NB,Dinoflagellate,Prorocentrum minimum,DF-Prorocentrum minimum,313300
6057,2013,May,30,30/05/2013,,16.38326,119.92616,W11,,NB,Dinoflagellate,Prorocentrum micans,DF-Prorocentrum micans,160
6058,2013,May,30,30/05/2013,,16.38326,119.92616,W11,,NB,Dinoflagellate,Ceratium furca,DF-Ceratium furca,80
6059,2013,May,30,30/05/2013,,16.38326,119.92616,W11,,NB,Diatom,Thalassiosira spp.,D-Thalassiosira spp.,860
6060,2013,May,30,30/05/2013,,16.38326,119.92616,W11,,NB,Dinoflagellate,Protoperidinium pellucidum,DF-Protoperidinium pellucidum,300
6061,2013,May,30,30/05/2013,,16.38326,119.92616,W11,,1,Dinoflagellate,Gonyaulax spinifera,DF-Gonyaulax spinifera,200
6062,2013,May,30,30/05/2013,,16.38326,119.92616,W11,,1,Dinoflagellate,Protoperidinium conicum,DF-Protoperidinium conicum,40
6063,2013,May,30,30/05/2013,,16.38326,119.92616,W11,,1,Diatom,Pseudonitzschia spp.,D-Pseudonitzschia spp.,340
6064,2013,May,30,30/05/2013,,16.38326,119.92616,W11,,1,Silicoflagellate,Tintinopsis,SF-Tintinopsis,120
6065,2013,May,30,30/05/2013,,16.38326,119.92616,W11,,1,Diatom,Rhizosolenia sp1,D-Rhizosolenia sp. 1,440
6066,2013,May,30,30/05/2013,,16.38326,119.92616,W11,,1,Diatom,Pleurosigma sp1,D-Pleurosigma sp. 1,360
6067,2013,May,30,30/05/2013,,16.38326,119.92616,W11,,1,Diatom,Pleurosigma sp2,D-Pleurosigma sp. 2,40
6068,2013,May,30,30/05/2013,,16.38326,119.92616,W11,,1,Diatom,Coscinodiscus spp.,D-Coscinodiscus spp.,80
6069,2013,May,30,30/05/2013,,16.38326,119.92616,W11,,1,Dinoflagellate,Prorocentrum minimum,DF-Prorocentrum minimum,160220
6070,2013,May,30,30/05/2013,,16.38326,119.92616,W11,,1,Dinoflagellate,Prorocentrum micans,DF-Prorocentrum micans,200
6071,2013,May,30,30/05/2013,,16.38326,119.92616,W11,,1,Dinoflagellate,Karenia  mikimotoi,DF-Karenia  mikimotoi,40
6072,2013,May,30,30/05/2013,,16.38326,119.92616,W11,,1,Dinoflagellate,Ceratium furca,DF-Ceratium furca,280
6073,2013,May,30,30/05/2013,,16.38326,119.92616,W11,,1,Dinoflagellate,Scrippsiella spinifera,DF-Scrippsiella spinifera,40
6074,2013,May,30,30/05/2013,,16.38326,119.92616,W11,,1,Diatom,Thalassiosira spp.,D-Thalassiosira spp.,1100
6075,2013,May,30,30/05/2013,,16.38326,119.92616,W11,,1,Dinoflagellate,Protoperidinium pellucidum,DF-Protoperidinium pellucidum,480
6076,2013,May,30,30/05/2013,,16.30944,119.92063,TS1,,1,Dinoflagellate,Prorocentrum minimum,DF-Prorocentrum minimum,584000
6077,2013,May,30,30/05/2013,,16.30944,119.92063,TS1,,1,Dinoflagellate,Prorocentrum micans,DF-Prorocentrum micans,1500
6078,2013,May,30,30/05/2013,,16.30944,119.92063,TS1,,1,Diatom,Thalassiosira spp.,D-Thalassiosira spp.,2580
6079,2013,May,30,30/05/2013,,16.30944,119.92063,TS1,,1,Diatom,Coscinodiscus spp.,D-Coscinodiscus spp.,40
6080,2013,May,30,30/05/2013,,16.30944,119.92063,TS1,,1,Diatom,Rhizosolenia sp1,D-Rhizosolenia sp. 1,6240
6081,2013,May,30,30/05/2013,,16.30944,119.92063,TS1,,1,Dinoflagellate,Protoperidinium pellucidum,DF-Protoperidinium pellucidum,660
6082,2013,May,30,30/05/2013,,16.30944,119.92063,TS1,,1,Diatom,Pleurosigma sp2,D-Pleurosigma sp. 2,60
6083,2013,May,30,30/05/2013,,16.30944,119.92063,TS1,,1,Diatom,Pleurosigma sp1,D-Pleurosigma sp. 1,580
6084,2013,May,30,30/05/2013,,16.30944,119.92063,TS1,,1,Silicoflagellate,Tintinopsis,SF-Tintinopsis,3300
6085,2013,May,30,30/05/2013,,16.30944,119.92063,TS1,,1,Diatom,Pleurosigma spp.,D-Pleurosigma spp.,60
6086,2013,May,30,30/05/2013,,16.30944,119.92063,TS1,,NB,Dinoflagellate,Prorocentrum minimum,DF-Prorocentrum minimum,250500
6087,2013,May,30,30/05/2013,,16.30944,119.92063,TS1,,NB,Dinoflagellate,Prorocentrum micans,DF-Prorocentrum micans,460
6088,2013,May,30,30/05/2013,,16.30944,119.92063,TS1,,NB,Diatom,Thalassiosira spp.,D-Thalassiosira spp.,1960
6089,2013,May,30,30/05/2013,,16.30944,119.92063,TS1,,NB,Diatom,Coscinodiscus spp.,D-Coscinodiscus spp.,20
6090,2013,May,30,30/05/2013,,16.30944,119.92063,TS1,,NB,Diatom,Rhizosolenia sp1,D-Rhizosolenia sp. 1,5100
6091,2013,May,30,30/05/2013,,16.30944,119.92063,TS1,,NB,Dinoflagellate,Protoperidinium pellucidum,DF-Protoperidinium pellucidum,300
6092,2013,May,30,30/05/2013,,16.30944,119.92063,TS1,,NB,Silicoflagellate,Tintinopsis,SF-Tintinopsis,3840
6093,2013,May,30,30/05/2013,,16.30944,119.92063,TS1,,NB,Diatom,Pleurosigma spp.,D-Pleurosigma spp.,40
6094,2013,May,30,30/05/2013,,16.33668,119.94476,W2A,,1,Dinoflagellate,Prorocentrum minimum,DF-Prorocentrum minimum,1244200
6095,2013,May,30,30/05/2013,,16.33668,119.94476,W2A,,1,Dinoflagellate,Prorocentrum micans,DF-Prorocentrum micans,260
6096,2013,May,30,30/05/2013,,16.33668,119.94476,W2A,,1,Diatom,Thalassiosira spp.,D-Thalassiosira spp.,1160
6097,2013,May,30,30/05/2013,,16.33668,119.94476,W2A,,1,Diatom,Coscinodiscus spp.,D-Coscinodiscus spp.,20
6098,2013,May,30,30/05/2013,,16.33668,119.94476,W2A,,1,Diatom,Rhizosolenia sp1,D-Rhizosolenia sp. 1,1600
6099,2013,May,30,30/05/2013,,16.33668,119.94476,W2A,,1,Dinoflagellate,Protoperidinium pellucidum,DF-Protoperidinium pellucidum,440
6100,2013,May,30,30/05/2013,,16.33668,119.94476,W2A,,1,Diatom,Pleurosigma sp1,D-Pleurosigma sp. 1,460
6101,2013,May,30,30/05/2013,,16.33668,119.94476,W2A,,1,Silicoflagellate,Tintinopsis,SF-Tintinopsis,4000
6102,2013,May,30,30/05/2013,,16.33668,119.94476,W2A,,1,Diatom,Pleurosigma sp1,D-Pleurosigma sp. 1,60
6103,2013,May,30,30/05/2013,,16.33668,119.94476,W2A,,1,Diatom,Cylindricotheca closterium,D-Cylindricotheca closterium,80
6104,2013,May,30,30/05/2013,,16.27365,119.92599,A5,,1,Dinoflagellate,Prorocentrum minimum,DF-Prorocentrum minimum,11000
6105,2013,May,30,30/05/2013,,16.27365,119.92599,A5,,1,Dinoflagellate,Prorocentrum micans,DF-Prorocentrum micans,560
6106,2013,May,30,30/05/2013,,16.27365,119.92599,A5,,1,Diatom,Thalassiosira spp.,D-Thalassiosira spp.,1100
6107,2013,May,30,30/05/2013,,16.27365,119.92599,A5,,1,Diatom,Rhizosolenia sp1,D-Rhizosolenia sp. 1,2320
6108,2013,May,30,30/05/2013,,16.27365,119.92599,A5,,1,Silicoflagellate,Tintinopsis,SF-Tintinopsis,440
6109,2013,May,30,30/05/2013,,16.27365,119.92599,A5,,1,Diatom,Pleurosigma sp1,D-Pleurosigma sp. 1,140
6110,2013,May,30,30/05/2013,,16.27365,119.92599,A5,,1,Diatom,Navicula  spp.,D-Navicula  spp.,40
6111,2013,May,30,30/05/2013,,16.34775,119.93375,A1,,1,Dinoflagellate,Prorocentrum minimum,DF-Prorocentrum minimum,1899200
6112,2013,May,30,30/05/2013,,16.34775,119.93375,A1,,1,Dinoflagellate,Prorocentrum micans,DF-Prorocentrum micans,1840
6113,2013,May,30,30/05/2013,,16.34775,119.93375,A1,,1,Dinoflagellate,Protoperidinium pellucidum,DF-Protoperidinium pellucidum,2600
6114,2013,May,30,30/05/2013,,16.34775,119.93375,A1,,1,Diatom,Thalassiosira spp.,D-Thalassiosira spp.,240
6115,2013,May,30,30/05/2013,,16.34775,119.93375,A1,,1,Diatom,Rhizosolenia sp1,D-Rhizosolenia sp. 1,220
6116,2013,May,30,30/05/2013,,16.34775,119.93375,A1,,1,Silicoflagellate,Tintinopsis,SF-Tintinopsis,240
6117,2013,May,30,30/05/2013,,16.34775,119.93375,A1,,1,Dinoflagellate,Ceratium furca,DF-Ceratium furca,20
6118,2013,May,30,30/05/2013,,16.34775,119.93375,A1,,1,Dinoflagellate,Protoperdinium  pellucidum,DF-Protoperdinium  pellucidum,40
6119,2013,May,30,30/05/2013,,16.34775,119.93375,A1,,1,Raphidophyte,Chattonnella subsalsa,RD-Chattonnella subsalsa,240
6120,2013,Jun,3,03/06/2013,,16.34775,119.93375,A1,,1,Dinoflagellate,Protoperidinium pallidum,DF-Protoperidinium pallidum,400
6121,2013,Jun,3,03/06/2013,,16.34775,119.93375,A1,,1,Silicoflagellate,Tintinopsis,SF-Tintinopsis,1460
6122,2013,Jun,3,03/06/2013,,16.34775,119.93375,A1,,1,Raphidophyte,Chattonnella subsalsa,RD-Chattonnella subsalsa,340
6123,2013,Jun,3,03/06/2013,,16.34775,119.93375,A1,,1,Diatom,Navicula  spp.,D-Navicula  spp.,40
6124,2013,Jun,3,03/06/2013,,16.34775,119.93375,A1,,1,Diatom,Rhizosolenia sp1,D-Rhizosolenia sp. 1,760
6125,2013,Jun,3,03/06/2013,,16.34775,119.93375,A1,,1,Diatom,Pleurosigma sp1,D-Pleurosigma sp. 1,480
6126,2013,Jun,3,03/06/2013,,16.34775,119.93375,A1,,1,Diatom,Pleurosigma spp.,D-Pleurosigma spp.,140
6127,2013,Jun,3,03/06/2013,,16.34775,119.93375,A1,,1,Diatom,Coscinodiscus spp.,D-Coscinodiscus spp.,80
6128,2013,Jun,3,03/06/2013,,16.34775,119.93375,A1,,1,Dinoflagellate,Prorocentrum minimum,DF-Prorocentrum minimum,795520
6129,2013,Jun,3,03/06/2013,,16.34775,119.93375,A1,,1,Dinoflagellate,Prorocentrum micans,DF-Prorocentrum micans,760
6130,2013,Jun,3,03/06/2013,,16.34775,119.93375,A1,,1,Dinoflagellate,Ceratium furca,DF-Ceratium furca,100
6131,2013,Jun,3,03/06/2013,,16.34775,119.93375,A1,,1,Dinoflagellate,Scrippsiella spinifera,DF-Scrippsiella spinifera,180
6132,2013,Jun,3,03/06/2013,,16.34775,119.93375,A1,,1,Dinoflagellate,Scrippsiella spinifera,DF-Scrippsiella spinifera,100
6133,2013,Jun,3,03/06/2013,,16.34775,119.93375,A1,,1,Diatom,Thalassiosira spp.,D-Thalassiosira spp.,1640
6134,2013,Jun,3,03/06/2013,,16.34775,119.93375,A1,,1,Dinoflagellate,Protoperidinium pallidum,DF-Protoperidinium pallidum,2020
6135,2013,Jun,3,03/06/2013,,16.34775,119.93375,A1,,1,Dinoflagellate,Protoperdinium  pellucidum,DF-Protoperdinium  pellucidum,100
6136,2013,Jun,3,03/06/2013,,16.34775,119.93452,A2,,1,Diatom,Pseudonitzschia spp.,D-Pseudonitzschia spp.,80
6137,2013,Jun,3,03/06/2013,,16.34775,119.93452,A2,,1,Silicoflagellate,Tintinopsis,SF-Tintinopsis,7180
6138,2013,Jun,3,03/06/2013,,16.34775,119.93452,A2,,1,Diatom,Navicula  spp.,D-Navicula  spp.,160
6139,2013,Jun,3,03/06/2013,,16.34775,119.93452,A2,,1,Diatom,Rhizosolenia sp1,D-Rhizosolenia sp. 1,540
6140,2013,Jun,3,03/06/2013,,16.34775,119.93452,A2,,1,Diatom,Pleurosigma sp1,D-Pleurosigma sp. 1,140
6141,2013,Jun,3,03/06/2013,,16.34775,119.93452,A2,,1,Dinoflagellate,Prorocentrum minimum,DF-Prorocentrum minimum,2140180
6142,2013,Jun,3,03/06/2013,,16.34775,119.93452,A2,,1,Dinoflagellate,Prorocentrum micans,DF-Prorocentrum micans,2000
6143,2013,Jun,3,03/06/2013,,16.34775,119.93452,A2,,1,Diatom,Thalassiosira spp.,D-Thalassiosira spp.,1660
6144,2013,Jun,3,03/06/2013,,16.34775,119.93452,A2,,1,Dinoflagellate,Protoperidinium pellucidum,DF-Protoperidinium pellucidum,200
6145,2013,Jun,3,03/06/2013,,16.34775,119.93452,A2,,1,Dinoflagellate,Protoperdinium  pellucidum,DF-Protoperdinium  pellucidum,100
6146,2013,Jun,3,03/06/2013,,16.33431,119.95731,A3,,1,Dinoflagellate,Gonyaulax spinifera,DF-Gonyaulax spinifera,80
6147,2013,Jun,3,03/06/2013,,16.33431,119.95731,A3,,1,Silicoflagellate,Tintinopsis,SF-Tintinopsis,120
6148,2013,Jun,3,03/06/2013,,16.33431,119.95731,A3,,1,Raphidophyte,Chattonnella subsalsa,RD-Chattonnella subsalsa,20
6149,2013,Jun,3,03/06/2013,,16.33431,119.95731,A3,,1,Diatom,Navicula  spp.,D-Navicula  spp.,80
6150,2013,Jun,3,03/06/2013,,16.33431,119.95731,A3,,1,Diatom,Rhizosolenia sp1,D-Rhizosolenia sp. 1,720
6151,2013,Jun,3,03/06/2013,,16.33431,119.95731,A3,,1,Diatom,Pleurosigma sp1,D-Pleurosigma sp. 1,400
6152,2013,Jun,3,03/06/2013,,16.33431,119.95731,A3,,1,Diatom,Coscinodiscus spp.,D-Coscinodiscus spp.,40
6153,2013,Jun,3,03/06/2013,,16.33431,119.95731,A3,,1,Dinoflagellate,Prorocentrum minimum,DF-Prorocentrum minimum,1602440
6154,2013,Jun,3,03/06/2013,,16.33431,119.95731,A3,,1,Dinoflagellate,Prorocentrum micans,DF-Prorocentrum micans,460
6155,2013,Jun,3,03/06/2013,,16.33431,119.95731,A3,,1,Dinoflagellate,Ceratium furca,DF-Ceratium furca,80
6156,2013,Jun,3,03/06/2013,,16.33431,119.95731,A3,,1,Diatom,Thalassiosira spp.,D-Thalassiosira spp.,780
6157,2013,Jun,3,03/06/2013,,16.33431,119.95731,A3,,1,Dinoflagellate,Protoperidinium pellucidum,DF-Protoperidinium pellucidum,1100
6158,2013,Jun,3,03/06/2013,,16.33431,119.95731,A3,,1,Dinoflagellate,Protoperidinium latispinum,DF-Protoperidinium latispinum,220
6159,2013,Jun,3,03/06/2013,,16.28459,119.92285,A4,,1,Dinoflagellate,Protoperidinium pallidum,DF-Protoperidinium pallidum,280
6160,2013,Jun,3,03/06/2013,,16.28459,119.92285,A4,,1,Silicoflagellate,Tintinopsis,SF-Tintinopsis,3320
6161,2013,Jun,3,03/06/2013,,16.28459,119.92285,A4,,1,Diatom,Navicula  spp.,D-Navicula  spp.,80
6162,2013,Jun,3,03/06/2013,,16.28459,119.92285,A4,,1,Diatom,Rhizosolenia sp1,D-Rhizosolenia sp. 1,3000
6163,2013,Jun,3,03/06/2013,,16.28459,119.92285,A4,,1,Diatom,Pleurosigma sp1,D-Pleurosigma sp. 1,120
6164,2013,Jun,3,03/06/2013,,16.28459,119.92285,A4,,1,Dinoflagellate,Prorocentrum minimum,DF-Prorocentrum minimum,236240
6165,2013,Jun,3,03/06/2013,,16.28459,119.92285,A4,,1,Dinoflagellate,Prorocentrum micans,DF-Prorocentrum micans,640
6166,2013,Jun,3,03/06/2013,,16.28459,119.92285,A4,,1,Diatom,Thalassiosira spp.,D-Thalassiosira spp.,1600
6167,2013,Jun,3,03/06/2013,,16.28459,119.92285,A4,,1,Dinoflagellate,Protoperidinium pellucidum,DF-Protoperidinium pellucidum,620
6168,2013,Jun,3,03/06/2013,,16.27365,119.92599,A5,,1,Dinoflagellate,Protoperidinium pallidum,DF-Protoperidinium pallidum,40
6169,2013,Jun,3,03/06/2013,,16.27365,119.92599,A5,,1,Silicoflagellate,Tintinopsis,SF-Tintinopsis,120
6170,2013,Jun,3,03/06/2013,,16.27365,119.92599,A5,,1,Diatom,Navicula  spp.,D-Navicula  spp.,80
6171,2013,Jun,3,03/06/2013,,16.27365,119.92599,A5,,1,Diatom,Rhizosolenia sp1,D-Rhizosolenia sp. 1,820
6172,2013,Jun,3,03/06/2013,,16.27365,119.92599,A5,,1,Diatom,Pleurosigma sp1,D-Pleurosigma sp. 1,120
6173,2013,Jun,3,03/06/2013,,16.27365,119.92599,A5,,1,Dinoflagellate,Prorocentrum minimum,DF-Prorocentrum minimum,136180
6174,2013,Jun,3,03/06/2013,,16.27365,119.92599,A5,,1,Dinoflagellate,Prorocentrum micans,DF-Prorocentrum micans,400
6175,2013,Jun,3,03/06/2013,,16.27365,119.92599,A5,,1,Diatom,Thalassiosira spp.,D-Thalassiosira spp.,480
6176,2013,Jun,3,03/06/2013,,16.27365,119.92599,A5,,1,Dinoflagellate,Protoperidinium pellucidum,DF-Protoperidinium pellucidum,280
6177,2013,Jun,3,03/06/2013,,16.27365,119.92599,A5,,1,Dinoflagellate,Prototoperidnium pallidum,DF-Prototoperidnium pallidum,80
6178,2013,Jun,3,03/06/2013,,16.3743,119.93198,PP,,NB,Silicoflagellate,Tintinopsis,SF-Tintinopsis,360
6179,2013,Jun,3,03/06/2013,,16.3743,119.93198,PP,,NB,Diatom,Rhizosolenia sp1,D-Rhizosolenia sp. 1,380
6180,2013,Jun,3,03/06/2013,,16.3743,119.93198,PP,,NB,Diatom,Pleurosigma sp1,D-Pleurosigma sp. 1,300
6181,2013,Jun,3,03/06/2013,,16.3743,119.93198,PP,,NB,Diatom,Coscinodiscus spp.,D-Coscinodiscus spp.,40
6182,2013,Jun,3,03/06/2013,,16.3743,119.93198,PP,,NB,Dinoflagellate,Phalacroma  spp.,DF-Phalacroma  spp.,40
6183,2013,Jun,3,03/06/2013,,16.3743,119.93198,PP,,NB,Dinoflagellate,Prorocentrum minimum,DF-Prorocentrum minimum,20380
6184,2013,Jun,3,03/06/2013,,16.3743,119.93198,PP,,NB,Dinoflagellate,Prorocentrum micans,DF-Prorocentrum micans,480
6185,2013,Jun,3,03/06/2013,,16.3743,119.93198,PP,,NB,Dinoflagellate,Karenia  mikimotoi,DF-Karenia  mikimotoi,40
6186,2013,Jun,3,03/06/2013,,16.3743,119.93198,PP,,NB,Diatom,Thalassiosira spp.,D-Thalassiosira spp.,1020
6187,2013,Jun,3,03/06/2013,,16.3743,119.93198,PP,,NB,Dinoflagellate,Protoperidinium pellucidum,DF-Protoperidinium pellucidum,80
6188,2013,Jun,3,03/06/2013,,16.3743,119.93198,PP,,1,Dinoflagellate,Protoperidinium pallidum,DF-Protoperidinium pallidum,40
6189,2013,Jun,3,03/06/2013,,16.3743,119.93198,PP,,1,Silicoflagellate,Tintinopsis,SF-Tintinopsis,200
6190,2013,Jun,3,03/06/2013,,16.3743,119.93198,PP,,1,Diatom,Rhizosolenia sp1,D-Rhizosolenia sp. 1,880
6191,2013,Jun,3,03/06/2013,,16.3743,119.93198,PP,,1,Diatom,Pleurosigma sp1,D-Pleurosigma sp. 1,400
6192,2013,Jun,3,03/06/2013,,16.3743,119.93198,PP,,1,Dinoflagellate,Prorocentrum minimum,DF-Prorocentrum minimum,974240
6193,2013,Jun,3,03/06/2013,,16.3743,119.93198,PP,,1,Dinoflagellate,Prorocentrum micans,DF-Prorocentrum micans,820
6194,2013,Jun,3,03/06/2013,,16.3743,119.93198,PP,,1,Dinoflagellate,Karenia  mikimotoi,DF-Karenia  mikimotoi,40
6195,2013,Jun,3,03/06/2013,,16.3743,119.93198,PP,,1,Dinoflagellate,Ceratium furca,DF-Ceratium furca,580
6196,2013,Jun,3,03/06/2013,,16.3743,119.93198,PP,,1,Dinoflagellate,Scrippsiella spinifera,DF-Scrippsiella spinifera,40
6197,2013,Jun,3,03/06/2013,,16.3743,119.93198,PP,,1,Diatom,Thalassiosira spp.,D-Thalassiosira spp.,840
6198,2013,Jun,3,03/06/2013,,16.3743,119.93198,PP,,1,Dinoflagellate,Protoperidinium pellucidum,DF-Protoperidinium pellucidum,1060
6199,2013,Jun,3,03/06/2013,,16.3743,119.93198,PP,,1,Dinoflagellate,Protoperidinium latispinum,DF-Protoperidinium latispinum,40
6200,2013,Jun,3,03/06/2013,,16.39578,119.90667,RVA3,,Mid,Dinoflagellate,Prorocentrum minimum,DF-Prorocentrum minimum,5760
6201,2013,Jun,3,03/06/2013,,16.39578,119.90667,RVA3,,Mid,Dinoflagellate,Prorocentrum micans,DF-Prorocentrum micans,20
6202,2013,Jun,3,03/06/2013,,16.39578,119.90667,RVA3,,Mid,Dinoflagellate,Ceratium furca,DF-Ceratium furca,40
6203,2013,Jun,3,03/06/2013,,16.39578,119.90667,RVA3,,Mid,Diatom,Thalassiosira spp.,D-Thalassiosira spp.,380
6204,2013,Jun,3,03/06/2013,,16.39578,119.90667,RVA3,,Mid,Dinoflagellate,Protoperidinium pellucidum,DF-Protoperidinium pellucidum,180
6205,2013,Jun,3,03/06/2013,,16.39578,119.90667,RVA3,,NB,Dinoflagellate,Protoperidinium pallidum,DF-Protoperidinium pallidum,80
6206,2013,Jun,3,03/06/2013,,16.39578,119.90667,RVA3,,NB,Silicoflagellate,Tintinopsis,SF-Tintinopsis,80
6207,2013,Jun,3,03/06/2013,,16.39578,119.90667,RVA3,,NB,Diatom,Navicula  spp.,D-Navicula  spp.,40
6208,2013,Jun,3,03/06/2013,,16.39578,119.90667,RVA3,,NB,Diatom,Pleurosigma spp.,D-Pleurosigma spp.,80
6209,2013,Jun,3,03/06/2013,,16.39578,119.90667,RVA3,,NB,Dinoflagellate,Prorocentrum minimum,DF-Prorocentrum minimum,2440
6210,2013,Jun,3,03/06/2013,,16.39578,119.90667,RVA3,,NB,Dinoflagellate,Protoperidinium pellucidum,DF-Protoperidinium pellucidum,40
6211,2013,Jun,3,03/06/2013,,16.39578,119.90667,RVA3,,1,Silicoflagellate,Tintinopsis,SF-Tintinopsis,40
6212,2013,Jun,3,03/06/2013,,16.39578,119.90667,RVA3,,1,Diatom,Navicula  spp.,D-Navicula  spp.,20
6213,2013,Jun,3,03/06/2013,,16.39578,119.90667,RVA3,,1,Diatom,Rhizosolenia sp1,D-Rhizosolenia sp. 1,80
6214,2013,Jun,3,03/06/2013,,16.39578,119.90667,RVA3,,1,Diatom,Pleurosigma sp1,D-Pleurosigma sp. 1,100
6215,2013,Jun,3,03/06/2013,,16.39578,119.90667,RVA3,,1,Dinoflagellate,Prorocentrum minimum,DF-Prorocentrum minimum,12680
6216,2013,Jun,3,03/06/2013,,16.39578,119.90667,RVA3,,1,Dinoflagellate,Prorocentrum micans,DF-Prorocentrum micans,40
6217,2013,Jun,3,03/06/2013,,16.39578,119.90667,RVA3,,1,Dinoflagellate,Ceratium furca,DF-Ceratium furca,40
6218,2013,Jun,3,03/06/2013,,16.39578,119.90667,RVA3,,1,Diatom,Cylindricotheca closterium,D-Cylindricotheca closterium,40
6219,2013,Jun,3,03/06/2013,,16.39578,119.90667,RVA3,,1,Diatom,Thalassiosira spp.,D-Thalassiosira spp.,180
6220,2013,Jun,3,03/06/2013,,16.39578,119.90667,RVA3,,1,Dinoflagellate,Protoperidinium pellucidum,DF-Protoperidinium pellucidum,40
6221,2013,Jun,3,03/06/2013,,16.30944,119.92063,TS1,,NB,Diatom,Pseudonitzschia spp.,D-Pseudonitzschia spp.,480
6222,2013,Jun,3,03/06/2013,,16.30944,119.92063,TS1,,NB,Silicoflagellate,Tintinopsis,SF-Tintinopsis,18720
6223,2013,Jun,3,03/06/2013,,16.30944,119.92063,TS1,,NB,Diatom,Navicula  spp.,D-Navicula  spp.,100
6224,2013,Jun,3,03/06/2013,,16.30944,119.92063,TS1,,NB,Diatom,Rhizosolenia sp1,D-Rhizosolenia sp. 1,3600
6225,2013,Jun,3,03/06/2013,,16.30944,119.92063,TS1,,NB,Diatom,Pleurosigma sp1,D-Pleurosigma sp. 1,480
6226,2013,Jun,3,03/06/2013,,16.30944,119.92063,TS1,,NB,Dinoflagellate,Prorocentrum minimum,DF-Prorocentrum minimum,56980
6227,2013,Jun,3,03/06/2013,,16.30944,119.92063,TS1,,NB,Dinoflagellate,Prorocentrum micans,DF-Prorocentrum micans,160
6228,2013,Jun,3,03/06/2013,,16.30944,119.92063,TS1,,NB,Dinoflagellate,Scrippsiella spinifera,DF-Scrippsiella spinifera,480
6229,2013,Jun,3,03/06/2013,,16.30944,119.92063,TS1,,NB,Diatom,Thalassiosira spp.,D-Thalassiosira spp.,2500
6230,2013,Jun,3,03/06/2013,,16.30944,119.92063,TS1,,NB,Dinoflagellate,Protoperidinium pellucidum,DF-Protoperidinium pellucidum,440
6231,2013,Jun,3,03/06/2013,,16.30944,119.92063,TS1,,NB,Dinoflagellate,Protoperidinium latispinum,DF-Protoperidinium latispinum,240
6232,2013,Jun,3,03/06/2013,,16.30944,119.92063,TS1,,1,Silicoflagellate,Tintinopsis,SF-Tintinopsis,26960
6233,2013,Jun,3,03/06/2013,,16.30944,119.92063,TS1,,1,Diatom,Rhizosolenia sp1,D-Rhizosolenia sp. 1,900
6234,2013,Jun,3,03/06/2013,,16.30944,119.92063,TS1,,1,Diatom,Pleurosigma sp1,D-Pleurosigma sp. 1,160
6235,2013,Jun,3,03/06/2013,,16.30944,119.92063,TS1,,1,Diatom,Pleurosigma spp.,D-Pleurosigma spp.,80
6236,2013,Jun,3,03/06/2013,,16.30944,119.92063,TS1,,1,Diatom,Coscinodiscus spp.,D-Coscinodiscus spp.,180
6237,2013,Jun,3,03/06/2013,,16.30944,119.92063,TS1,,1,Dinoflagellate,Prorocentrum minimum,DF-Prorocentrum minimum,869020
6238,2013,Jun,3,03/06/2013,,16.30944,119.92063,TS1,,1,Dinoflagellate,Prorocentrum micans,DF-Prorocentrum micans,960
6239,2013,Jun,3,03/06/2013,,16.30944,119.92063,TS1,,1,Dinoflagellate,Ceratium furca,DF-Ceratium furca,80
6240,2013,Jun,3,03/06/2013,,16.30944,119.92063,TS1,,1,Diatom,Thalassiosira spp.,D-Thalassiosira spp.,2100
6241,2013,Jun,3,03/06/2013,,16.30944,119.92063,TS1,,1,Dinoflagellate,Protoperidinium pellucidum,DF-Protoperidinium pellucidum,420
6242,2013,Jun,3,03/06/2013,,16.30944,119.92063,TS1,,1,Dinoflagellate,Protoperidinium latispinum,DF-Protoperidinium latispinum,240
6243,2013,Jun,3,03/06/2013,,16.30944,119.92063,TS1,,Mid,Dinoflagellate,Protoperidinium pallidum,DF-Protoperidinium pallidum,80
6244,2013,Jun,3,03/06/2013,,16.30944,119.92063,TS1,,Mid,Silicoflagellate,Tintinopsis,SF-Tintinopsis,100
6245,2013,Jun,3,03/06/2013,,16.30944,119.92063,TS1,,Mid,Diatom,Rhizosolenia sp1,D-Rhizosolenia sp. 1,1260
6246,2013,Jun,3,03/06/2013,,16.30944,119.92063,TS1,,Mid,Diatom,Pleurosigma sp1,D-Pleurosigma sp. 1,240
6247,2013,Jun,3,03/06/2013,,16.30944,119.92063,TS1,,Mid,Diatom,Coscinodiscus spp.,D-Coscinodiscus spp.,160
6248,2013,Jun,3,03/06/2013,,16.30944,119.92063,TS1,,Mid,Dinoflagellate,Prorocentrum minimum,DF-Prorocentrum minimum,59820
6249,2013,Jun,3,03/06/2013,,16.30944,119.92063,TS1,,Mid,Dinoflagellate,Prorocentrum micans,DF-Prorocentrum micans,80
6250,2013,Jun,3,03/06/2013,,16.30944,119.92063,TS1,,Mid,Dinoflagellate,Karenia  mikimotoi,DF-Karenia  mikimotoi,140
6251,2013,Jun,3,03/06/2013,,16.30944,119.92063,TS1,,Mid,Dinoflagellate,Ceratium furca,DF-Ceratium furca,120
6252,2013,Jun,3,03/06/2013,,16.30944,119.92063,TS1,,Mid,Diatom,Thalassiosira spp.,D-Thalassiosira spp.,800
6253,2013,Jun,3,03/06/2013,,16.30944,119.92063,TS1,,Mid,Dinoflagellate,Protoperidinium pellucidum,DF-Protoperidinium pellucidum,240
6254,2013,Jun,3,03/06/2013,,16.30944,119.92063,TS1,,Mid,Dinoflagellate,Protoperidinium latispinum,DF-Protoperidinium latispinum,160
6255,2013,Jun,3,03/06/2013,,16.30944,119.92063,TS1,,Mid,Dinoflagellate,Protoperdinium  pellucidum,DF-Protoperdinium  pellucidum,40
6256,2013,Jun,3,03/06/2013,,16.38339,119.91585,TS2,,NB,Dinoflagellate,Protoperidinium pallidum,DF-Protoperidinium pallidum,160
6257,2013,Jun,3,03/06/2013,,16.38339,119.91585,TS2,,NB,Diatom,Navicula  spp.,D-Navicula  spp.,40
6258,2013,Jun,3,03/06/2013,,16.38339,119.91585,TS2,,NB,Diatom,Pleurosigma sp1,D-Pleurosigma sp. 1,200
6259,2013,Jun,3,03/06/2013,,16.38339,119.91585,TS2,,NB,Diatom,Pleurosigma spp.,D-Pleurosigma spp.,80
6260,2013,Jun,3,03/06/2013,,16.38339,119.91585,TS2,,NB,Dinoflagellate,Gyrodinium,DF-Gyrodinium,40
6261,2013,Jun,3,03/06/2013,,16.38339,119.91585,TS2,,NB,Dinoflagellate,Prorocentrum minimum,DF-Prorocentrum minimum,16200
6262,2013,Jun,3,03/06/2013,,16.38339,119.91585,TS2,,NB,Silicoflagellate,Favella sp.,SF-Favella sp.,40
6263,2013,Jun,3,03/06/2013,,16.38339,119.91585,TS2,,NB,Diatom,Thalassiosira spp.,D-Thalassiosira spp.,320
6264,2013,Jun,3,03/06/2013,,16.38339,119.91585,TS2,,NB,Dinoflagellate,Protoperidinium pellucidum,DF-Protoperidinium pellucidum,200
6265,2013,Jun,3,03/06/2013,,16.38339,119.91585,TS2,,NB,Dinoflagellate,Protoperidinium latispinum,DF-Protoperidinium latispinum,60
6266,2013,Jun,3,03/06/2013,,16.38339,119.91585,TS2,,1,Diatom,Guinardia,D-Guinardia,240
6267,2013,Jun,3,03/06/2013,,16.38339,119.91585,TS2,,1,Dinoflagellate,Protoperidinium pallidum,DF-Protoperidinium pallidum,80
6268,2013,Jun,3,03/06/2013,,16.38339,119.91585,TS2,,1,Silicoflagellate,Tintinopsis,SF-Tintinopsis,120
6269,2013,Jun,3,03/06/2013,,16.38339,119.91585,TS2,,1,Diatom,Rhizosolenia sp1,D-Rhizosolenia sp. 1,560
6270,2013,Jun,3,03/06/2013,,16.38339,119.91585,TS2,,1,Diatom,Pleurosigma sp1,D-Pleurosigma sp. 1,280
6271,2013,Jun,3,03/06/2013,,16.38339,119.91585,TS2,,1,Diatom,Pleurosigma spp.,D-Pleurosigma spp.,40
6272,2013,Jun,3,03/06/2013,,16.38339,119.91585,TS2,,1,Diatom,Coscinodiscus spp.,D-Coscinodiscus spp.,40
6273,2013,Jun,3,03/06/2013,,16.38339,119.91585,TS2,,1,Dinoflagellate,Prorocentrum minimum,DF-Prorocentrum minimum,434020
6274,2013,Jun,3,03/06/2013,,16.38339,119.91585,TS2,,1,Dinoflagellate,Prorocentrum micans,DF-Prorocentrum micans,900
6275,2013,Jun,3,03/06/2013,,16.38339,119.91585,TS2,,1,Dinoflagellate,Karenia  mikimotoi,DF-Karenia  mikimotoi,1660
6276,2013,Jun,3,03/06/2013,,16.38339,119.91585,TS2,,1,Dinoflagellate,Ceratium furca,DF-Ceratium furca,320
6277,2013,Jun,3,03/06/2013,,16.38339,119.91585,TS2,,1,Diatom,Thalassiosira spp.,D-Thalassiosira spp.,400
6278,2013,Jun,3,03/06/2013,,16.38339,119.91585,TS2,,1,Dinoflagellate,Protoperidinium pellucidum,DF-Protoperidinium pellucidum,820
6279,2013,Jun,3,03/06/2013,,16.38339,119.91585,TS2,,1,Dinoflagellate,Protoperidinium latispinum,DF-Protoperidinium latispinum,400
6280,2013,Jun,3,03/06/2013,,16.38339,119.91585,TS2,,1,Dinoflagellate,Protoperdinium  pellucidum,DF-Protoperdinium  pellucidum,80
6281,2013,Jun,3,03/06/2013,,16.34927,119.94606,W1,,1,Diatom,Biddulphia,D-Biddulphia,60
6282,2013,Jun,3,03/06/2013,,16.34927,119.94606,W1,,1,Dinoflagellate,Gonyaulax spinifera,DF-Gonyaulax spinifera,40
6283,2013,Jun,3,03/06/2013,,16.34927,119.94606,W1,,1,Dinoflagellate,Protoperidinium conicum,DF-Protoperidinium conicum,40
6284,2013,Jun,3,03/06/2013,,16.34927,119.94606,W1,,1,Dinoflagellate,Protoperidinium pallidum,DF-Protoperidinium pallidum,320
6285,2013,Jun,3,03/06/2013,,16.34927,119.94606,W1,,1,Diatom,Pseudonitzschia spp.,D-Pseudonitzschia spp.,340
6286,2013,Jun,3,03/06/2013,,16.34927,119.94606,W1,,1,Silicoflagellate,Tintinopsis,SF-Tintinopsis,200
6287,2013,Jun,3,03/06/2013,,16.34927,119.94606,W1,,1,Raphidophyte,Chattonnella subsalsa,RD-Chattonnella subsalsa,160
6288,2013,Jun,3,03/06/2013,,16.34927,119.94606,W1,,1,Diatom,Navicula  spp.,D-Navicula  spp.,240
6289,2013,Jun,3,03/06/2013,,16.34927,119.94606,W1,,1,Diatom,Rhizosolenia sp1,D-Rhizosolenia sp. 1,680
6290,2013,Jun,3,03/06/2013,,16.34927,119.94606,W1,,1,Diatom,Pleurosigma sp1,D-Pleurosigma sp. 1,560
6291,2013,Jun,3,03/06/2013,,16.34927,119.94606,W1,,1,Diatom,Pleurosigma sp2,D-Pleurosigma sp. 2,40
6292,2013,Jun,3,03/06/2013,,16.34927,119.94606,W1,,1,Diatom,Pleurosigma spp.,D-Pleurosigma spp.,80
6293,2013,Jun,3,03/06/2013,,16.34927,119.94606,W1,,1,Dinoflagellate,Gyrodinium,DF-Gyrodinium,360
6294,2013,Jun,3,03/06/2013,,16.34927,119.94606,W1,,1,Diatom,Coscinodiscus spp.,D-Coscinodiscus spp.,40
6295,2013,Jun,3,03/06/2013,,16.34927,119.94606,W1,,1,Dinoflagellate,Phalacroma  spp.,DF-Phalacroma  spp.,120
6296,2013,Jun,3,03/06/2013,,16.34927,119.94606,W1,,1,Dinoflagellate,Prorocentrum minimum,DF-Prorocentrum minimum,165820
6297,2013,Jun,3,03/06/2013,,16.34927,119.94606,W1,,1,Dinoflagellate,Prorocentrum micans,DF-Prorocentrum micans,2280
6298,2013,Jun,3,03/06/2013,,16.34927,119.94606,W1,,1,Dinoflagellate,Ceratium furca,DF-Ceratium furca,120
6299,2013,Jun,3,03/06/2013,,16.34927,119.94606,W1,,1,Diatom,Cylindricotheca closterium,D-Cylindricotheca closterium,40
6300,2013,Jun,3,03/06/2013,,16.34927,119.94606,W1,,1,Dinoflagellate,Scrippsiella spinifera,DF-Scrippsiella spinifera,80
6301,2013,Jun,3,03/06/2013,,16.34927,119.94606,W1,,1,Silicoflagellate,Favella sp.,SF-Favella sp.,80
6302,2013,Jun,3,03/06/2013,,16.34927,119.94606,W1,,1,Diatom,Thalassiosira spp.,D-Thalassiosira spp.,3240
6303,2013,Jun,3,03/06/2013,,16.34927,119.94606,W1,,1,Dinoflagellate,Protoperidinium pellucidum,DF-Protoperidinium pellucidum,1240
6304,2013,Jun,3,03/06/2013,,16.34927,119.94606,W1,,1,Dinoflagellate,Protoperidinium latispinum,DF-Protoperidinium latispinum,680
6305,2013,Jun,3,03/06/2013,,16.34927,119.94606,W1,,1,Dinoflagellate,Prototoperidnium pallidum,DF-Prototoperidnium pallidum,40
6306,2013,Jun,3,03/06/2013,,16.33668,119.94476,W2A,,1,Dinoflagellate,Gonyaulax spinifera,DF-Gonyaulax spinifera,80
6307,2013,Jun,3,03/06/2013,,16.33668,119.94476,W2A,,1,Silicoflagellate,Tintinopsis,SF-Tintinopsis,1140
6308,2013,Jun,3,03/06/2013,,16.33668,119.94476,W2A,,1,Diatom,Navicula  spp.,D-Navicula  spp.,120
6309,2013,Jun,3,03/06/2013,,16.33668,119.94476,W2A,,1,Diatom,Rhizosolenia sp1,D-Rhizosolenia sp. 1,820
6310,2013,Jun,3,03/06/2013,,16.33668,119.94476,W2A,,1,Diatom,Pleurosigma sp1,D-Pleurosigma sp. 1,160
6311,2013,Jun,3,03/06/2013,,16.33668,119.94476,W2A,,1,Diatom,Pleurosigma spp.,D-Pleurosigma spp.,320
6312,2013,Jun,3,03/06/2013,,16.33668,119.94476,W2A,,1,Dinoflagellate,Prorocentrum minimum,DF-Prorocentrum minimum,4953980
6313,2013,Jun,3,03/06/2013,,16.33668,119.94476,W2A,,1,Dinoflagellate,Prorocentrum micans,DF-Prorocentrum micans,800
6314,2013,Jun,3,03/06/2013,,16.33668,119.94476,W2A,,1,Dinoflagellate,Ceratium furca,DF-Ceratium furca,80
6315,2013,Jun,3,03/06/2013,,16.33668,119.94476,W2A,,1,Diatom,Thalassiosira spp.,D-Thalassiosira spp.,1600
6316,2013,Jun,3,03/06/2013,,16.33668,119.94476,W2A,,1,Dinoflagellate,Protoperidinium pellucidum,DF-Protoperidinium pellucidum,820
6317,2013,Jun,3,03/06/2013,,16.33668,119.94476,W2A,,1,Dinoflagellate,Protoperidinium latispinum,DF-Protoperidinium latispinum,40
6318,2013,Jun,3,03/06/2013,,16.33668,119.94476,W2A,,1,Dinoflagellate,Protoperdinium  pellucidum,DF-Protoperdinium  pellucidum,40
6319,2013,Jun,3,03/06/2013,,16.37073,119.93401,W3,,NB,Diatom,Pseudonitzschia spp.,D-Pseudonitzschia spp.,140
6320,2013,Jun,3,03/06/2013,,16.37073,119.93401,W3,,NB,Silicoflagellate,Tintinopsis,SF-Tintinopsis,880
6321,2013,Jun,3,03/06/2013,,16.37073,119.93401,W3,,NB,Diatom,Navicula  spp.,D-Navicula  spp.,100
6322,2013,Jun,3,03/06/2013,,16.37073,119.93401,W3,,NB,Diatom,Rhizosolenia sp1,D-Rhizosolenia sp. 1,220
6323,2013,Jun,3,03/06/2013,,16.37073,119.93401,W3,,NB,Diatom,Pleurosigma sp1,D-Pleurosigma sp. 1,260
6324,2013,Jun,3,03/06/2013,,16.37073,119.93401,W3,,NB,Dinoflagellate,Prorocentrum minimum,DF-Prorocentrum minimum,64060
6325,2013,Jun,3,03/06/2013,,16.37073,119.93401,W3,,NB,Dinoflagellate,Prorocentrum micans,DF-Prorocentrum micans,300
6326,2013,Jun,3,03/06/2013,,16.37073,119.93401,W3,,NB,Dinoflagellate,Ceratium furca,DF-Ceratium furca,40
6327,2013,Jun,3,03/06/2013,,16.37073,119.93401,W3,,NB,Dinoflagellate,Scrippsiella spinifera,DF-Scrippsiella spinifera,40
6328,2013,Jun,3,03/06/2013,,16.37073,119.93401,W3,,NB,Diatom,Thalassiosira spp.,D-Thalassiosira spp.,700
6329,2013,Jun,3,03/06/2013,,16.37073,119.93401,W3,,NB,Dinoflagellate,Protoperidinium pellucidum,DF-Protoperidinium pellucidum,180
6330,2013,Jun,3,03/06/2013,,16.37073,119.93401,W3,,1,Dinoflagellate,Gonyaulax spinifera,DF-Gonyaulax spinifera,80
6331,2013,Jun,3,03/06/2013,,16.37073,119.93401,W3,,1,Dinoflagellate,Protoperidinium pallidum,DF-Protoperidinium pallidum,140
6332,2013,Jun,3,03/06/2013,,16.37073,119.93401,W3,,1,Silicoflagellate,Tintinopsis,SF-Tintinopsis,380
6333,2013,Jun,3,03/06/2013,,16.37073,119.93401,W3,,1,Diatom,Rhizosolenia sp1,D-Rhizosolenia sp. 1,420
6334,2013,Jun,3,03/06/2013,,16.37073,119.93401,W3,,1,Diatom,Pleurosigma sp1,D-Pleurosigma sp. 1,160
6335,2013,Jun,3,03/06/2013,,16.37073,119.93401,W3,,1,Diatom,Coscinodiscus spp.,D-Coscinodiscus spp.,120
6336,2013,Jun,3,03/06/2013,,16.37073,119.93401,W3,,1,Dinoflagellate,Prorocentrum minimum,DF-Prorocentrum minimum,1477980
6337,2013,Jun,3,03/06/2013,,16.37073,119.93401,W3,,1,Dinoflagellate,Prorocentrum micans,DF-Prorocentrum micans,660
6338,2013,Jun,3,03/06/2013,,16.37073,119.93401,W3,,1,Dinoflagellate,Ceratium furca,DF-Ceratium furca,40
6339,2013,Jun,3,03/06/2013,,16.37073,119.93401,W3,,1,Diatom,Thalassiosira spp.,D-Thalassiosira spp.,1260
6340,2013,Jun,3,03/06/2013,,16.37073,119.93401,W3,,1,Dinoflagellate,Protoperidinium pellucidum,DF-Protoperidinium pellucidum,720
6341,2013,Jun,3,03/06/2013,,16.32003,119.93384,W8,,1,Dinoflagellate,Protoperidinium spp.,DF-Protoperidinium spp.,1060
6342,2013,Jun,3,03/06/2013,,16.32003,119.93384,W8,,1,Silicoflagellate,Tintinopsis,SF-Tintinopsis,1660
6343,2013,Jun,3,03/06/2013,,16.32003,119.93384,W8,,1,Diatom,Navicula  spp.,D-Navicula  spp.,80
6344,2013,Jun,3,03/06/2013,,16.32003,119.93384,W8,,1,Diatom,Rhizosolenia sp1,D-Rhizosolenia sp. 1,2500
6345,2013,Jun,3,03/06/2013,,16.32003,119.93384,W8,,1,Diatom,Pleurosigma sp1,D-Pleurosigma sp. 1,580
6346,2013,Jun,3,03/06/2013,,16.32003,119.93384,W8,,1,Diatom,Pleurosigma spp.,D-Pleurosigma spp.,40
6347,2013,Jun,3,03/06/2013,,16.32003,119.93384,W8,,1,Diatom,Pleurosigma sp2,D-Pleurosigma sp. 2,80
6348,2013,Jun,3,03/06/2013,,16.32003,119.93384,W8,,1,Diatom,Coscinodiscus spp.,D-Coscinodiscus spp.,160
6349,2013,Jun,3,03/06/2013,,16.32003,119.93384,W8,,1,Dinoflagellate,Prorocentrum minimum,DF-Prorocentrum minimum,3594020
6350,2013,Jun,3,03/06/2013,,16.32003,119.93384,W8,,1,Dinoflagellate,Prorocentrum micans,DF-Prorocentrum micans,3200
6351,2013,Jun,3,03/06/2013,,16.32003,119.93384,W8,,1,Diatom,Cylindricotheca closterium,D-Cylindricotheca closterium,40
6352,2013,Jun,3,03/06/2013,,16.32003,119.93384,W8,,1,Diatom,Thalassiosira spp.,D-Thalassiosira spp.,1680
6353,2013,Jun,3,03/06/2013,,16.32003,119.93384,W8,,1,Dinoflagellate,Protoperidinium pellucidum,DF-Protoperidinium pellucidum,1420
6354,2013,Jun,3,03/06/2013,,16.34775,119.93452,W9,,1,Dinoflagellate,Dinophysis caudata,DF-Dinophysis caudata,40
6355,2013,Jun,3,03/06/2013,,16.34775,119.93452,W9,,1,Dinoflagellate,Protoperidinium pallidum,DF-Protoperidinium pallidum,40
6356,2013,Jun,3,03/06/2013,,16.34775,119.93452,W9,,1,Diatom,Pseudonitzschia spp.,D-Pseudonitzschia spp.,100
6357,2013,Jun,3,03/06/2013,,16.34775,119.93452,W9,,1,Silicoflagellate,Tintinopsis,SF-Tintinopsis,1460
6358,2013,Jun,3,03/06/2013,,16.34775,119.93452,W9,,1,Diatom,Navicula  spp.,D-Navicula  spp.,60
6359,2013,Jun,3,03/06/2013,,16.34775,119.93452,W9,,1,Diatom,Rhizosolenia sp1,D-Rhizosolenia sp. 1,600
6360,2013,Jun,3,03/06/2013,,16.34775,119.93452,W9,,1,Diatom,Pleurosigma sp1,D-Pleurosigma sp. 1,100
6361,2013,Jun,3,03/06/2013,,16.34775,119.93452,W9,,1,Diatom,Coscinodiscus spp.,D-Coscinodiscus spp.,40
6362,2013,Jun,3,03/06/2013,,16.34775,119.93452,W9,,1,Dinoflagellate,Prorocentrum minimum,DF-Prorocentrum minimum,846040
6363,2013,Jun,3,03/06/2013,,16.34775,119.93452,W9,,1,Dinoflagellate,Prorocentrum micans,DF-Prorocentrum micans,1900
6364,2013,Jun,3,03/06/2013,,16.34775,119.93452,W9,,1,Diatom,Thalassiosira spp.,D-Thalassiosira spp.,1360
6365,2013,Jun,3,03/06/2013,,16.34775,119.93452,W9,,1,Dinoflagellate,Protoperidinium pellucidum,DF-Protoperidinium pellucidum,580
6366,2013,Jun,3,03/06/2013,,16.34775,119.93452,W9,,1,Dinoflagellate,Protoperdinium  pellucidum,DF-Protoperdinium  pellucidum,160
6367,2013,Jun,3,03/06/2013,,16.37052,119.94857,W10,,1,Silicoflagellate,Tintinopsis,SF-Tintinopsis,40
6368,2013,Jun,3,03/06/2013,,16.37052,119.94857,W10,,1,Dinoflagellate,Protoperidinium pallidum,DF-Protoperidinium pallidum,80
6369,2013,Jun,3,03/06/2013,,16.37052,119.94857,W10,,1,Silicoflagellate,Tintinopsis,SF-Tintinopsis,80
6370,2013,Jun,3,03/06/2013,,16.37052,119.94857,W10,,1,Raphidophyte,Chattonnella subsalsa,RD-Chattonnella subsalsa,40
6371,2013,Jun,3,03/06/2013,,16.37052,119.94857,W10,,1,Diatom,Navicula  spp.,D-Navicula  spp.,40
6372,2013,Jun,3,03/06/2013,,16.37052,119.94857,W10,,1,Diatom,Rhizosolenia sp1,D-Rhizosolenia sp. 1,360
6373,2013,Jun,3,03/06/2013,,16.37052,119.94857,W10,,1,Diatom,Pleurosigma sp1,D-Pleurosigma sp. 1,120
6374,2013,Jun,3,03/06/2013,,16.37052,119.94857,W10,,1,Dinoflagellate,Prorocentrum minimum,DF-Prorocentrum minimum,2884800
6375,2013,Jun,3,03/06/2013,,16.37052,119.94857,W10,,1,Dinoflagellate,Prorocentrum micans,DF-Prorocentrum micans,680
6376,2013,Jun,3,03/06/2013,,16.37052,119.94857,W10,,1,Dinoflagellate,Ceratium furca,DF-Ceratium furca,140
6377,2013,Jun,3,03/06/2013,,16.37052,119.94857,W10,,1,Diatom,Cylindricotheca closterium,D-Cylindricotheca closterium,40
6378,2013,Jun,3,03/06/2013,,16.37052,119.94857,W10,,1,Diatom,Thalassiosira spp.,D-Thalassiosira spp.,480
6379,2013,Jun,3,03/06/2013,,16.37052,119.94857,W10,,1,Dinoflagellate,Protoperidinium pellucidum,DF-Protoperidinium pellucidum,1440
6380,2013,Jun,3,03/06/2013,,16.37052,119.94857,W10,,1,Dinoflagellate,Protoperidinium latispinum,DF-Protoperidinium latispinum,40
6381,2013,Jun,3,03/06/2013,,16.38326,119.92616,W11,,Mid,Silicoflagellate,Tintinopsis,SF-Tintinopsis,40
6382,2013,Jun,3,03/06/2013,,16.38326,119.92616,W11,,Mid,Diatom,Navicula  spp.,D-Navicula  spp.,40
6383,2013,Jun,3,03/06/2013,,16.38326,119.92616,W11,,Mid,Diatom,Rhizosolenia sp1,D-Rhizosolenia sp. 1,680
6384,2013,Jun,3,03/06/2013,,16.38326,119.92616,W11,,Mid,Diatom,Pleurosigma sp1,D-Pleurosigma sp. 1,280
6385,2013,Jun,3,03/06/2013,,16.38326,119.92616,W11,,Mid,Dinoflagellate,Prorocentrum minimum,DF-Prorocentrum minimum,45520
6386,2013,Jun,3,03/06/2013,,16.38326,119.92616,W11,,Mid,Dinoflagellate,Prorocentrum micans,DF-Prorocentrum micans,320
6387,2013,Jun,3,03/06/2013,,16.38326,119.92616,W11,,Mid,Dinoflagellate,Ceratium furca,DF-Ceratium furca,240
6388,2013,Jun,3,03/06/2013,,16.38326,119.92616,W11,,Mid,Silicoflagellate,Favella sp.,SF-Favella sp.,40
6389,2013,Jun,3,03/06/2013,,16.38326,119.92616,W11,,Mid,Diatom,Thalassiosira spp.,D-Thalassiosira spp.,1080
6390,2013,Jun,3,03/06/2013,,16.38326,119.92616,W11,,Mid,Dinoflagellate,Protoperidinium pellucidum,DF-Protoperidinium pellucidum,120
6391,2013,Jun,3,03/06/2013,,16.38326,119.92616,W11,,NB,Silicoflagellate,Tintinopsis,SF-Tintinopsis,360
6392,2013,Jun,3,03/06/2013,,16.38326,119.92616,W11,,NB,Diatom,Rhizosolenia sp1,D-Rhizosolenia sp. 1,520
6393,2013,Jun,3,03/06/2013,,16.38326,119.92616,W11,,NB,Diatom,Pleurosigma sp1,D-Pleurosigma sp. 1,360
6394,2013,Jun,3,03/06/2013,,16.38326,119.92616,W11,,NB,Diatom,Coscinodiscus spp.,D-Coscinodiscus spp.,40
6395,2013,Jun,3,03/06/2013,,16.38326,119.92616,W11,,NB,Dinoflagellate,Prorocentrum minimum,DF-Prorocentrum minimum,64020
6396,2013,Jun,3,03/06/2013,,16.38326,119.92616,W11,,NB,Dinoflagellate,Prorocentrum micans,DF-Prorocentrum micans,180
6397,2013,Jun,3,03/06/2013,,16.38326,119.92616,W11,,NB,Dinoflagellate,Karenia  mikimotoi,DF-Karenia  mikimotoi,160
6398,2013,Jun,3,03/06/2013,,16.38326,119.92616,W11,,NB,Diatom,Thalassiosira spp.,D-Thalassiosira spp.,920
6399,2013,Jun,3,03/06/2013,,16.38326,119.92616,W11,,NB,Dinoflagellate,Protoperidinium pellucidum,DF-Protoperidinium pellucidum,80
6400,2013,Jun,3,03/06/2013,,16.38326,119.92616,W11,,NB,Dinoflagellate,Protoperdinium  pellucidum,DF-Protoperdinium  pellucidum,40
6401,2013,Jun,3,03/06/2013,,16.38326,119.92616,W11,,1,Dinoflagellate,Gonyaulax spinifera,DF-Gonyaulax spinifera,80
6402,2013,Jun,3,03/06/2013,,16.38326,119.92616,W11,,1,Silicoflagellate,Tintinopsis,SF-Tintinopsis,140
6403,2013,Jun,3,03/06/2013,,16.38326,119.92616,W11,,1,Raphidophyte,Chattonnella subsalsa,RD-Chattonnella subsalsa,80
6404,2013,Jun,3,03/06/2013,,16.38326,119.92616,W11,,1,Diatom,Navicula  spp.,D-Navicula  spp.,140
6405,2013,Jun,3,03/06/2013,,16.38326,119.92616,W11,,1,Diatom,Rhizosolenia sp1,D-Rhizosolenia sp. 1,1120
6406,2013,Jun,3,03/06/2013,,16.38326,119.92616,W11,,1,Diatom,Pleurosigma sp1,D-Pleurosigma sp. 1,380
6407,2013,Jun,3,03/06/2013,,16.38326,119.92616,W11,,1,Diatom,Pleurosigma spp.,D-Pleurosigma spp.,20
6408,2013,Jun,3,03/06/2013,,16.38326,119.92616,W11,,1,Diatom,Pleurosigma sp2,D-Pleurosigma sp. 2,100
6409,2013,Jun,3,03/06/2013,,16.38326,119.92616,W11,,1,Diatom,Coscinodiscus spp.,D-Coscinodiscus spp.,80
6410,2013,Jun,3,03/06/2013,,16.38326,119.92616,W11,,1,Dinoflagellate,Prorocentrum minimum,DF-Prorocentrum minimum,278220
6411,2013,Jun,3,03/06/2013,,16.38326,119.92616,W11,,1,Dinoflagellate,Prorocentrum micans,DF-Prorocentrum micans,740
6412,2013,Jun,3,03/06/2013,,16.38326,119.92616,W11,,1,Dinoflagellate,Ceratium furca,DF-Ceratium furca,160
6413,2013,Jun,3,03/06/2013,,16.38326,119.92616,W11,,1,Dinoflagellate,Scrippsiella spinifera,DF-Scrippsiella spinifera,40
6414,2013,Jun,3,03/06/2013,,16.38326,119.92616,W11,,1,Diatom,Thalassiosira spp.,D-Thalassiosira spp.,2060
6415,2013,Jun,3,03/06/2013,,16.38326,119.92616,W11,,1,Dinoflagellate,Protoperidinium pellucidum,DF-Protoperidinium pellucidum,260
6416,2013,Jun,6,06/06/2013,,16.34775,119.93375,A1,,1,Raphidophyte,Chattonnella subsalsa,RD-Chattonnella subsalsa,3960
6417,2013,Jun,6,06/06/2013,,16.34775,119.93375,A1,,1,Dinoflagellate,Gonyaulax spinifera,DF-Gonyaulax spinifera,40
6418,2013,Jun,6,06/06/2013,,16.34775,119.93375,A1,,1,Dinoflagellate,Protoperidinium conicum,DF-Protoperidinium conicum,40
6419,2013,Jun,6,06/06/2013,,16.34775,119.93375,A1,,1,Dinoflagellate,Oxytoxum spp.,DF-Oxytoxum spp.,40
6420,2013,Jun,6,06/06/2013,,16.34775,119.93375,A1,,1,Silicoflagellate,Tintinopsis,SF-Tintinopsis,40
6421,2013,Jun,6,06/06/2013,,16.34775,119.93375,A1,,1,Raphidophyte,Chattonnella subsalsa,RD-Chattonnella subsalsa,80
6422,2013,Jun,6,06/06/2013,,16.34775,119.93375,A1,,1,Diatom,Navicula  spp.,D-Navicula  spp.,80
6423,2013,Jun,6,06/06/2013,,16.34775,119.93375,A1,,1,Diatom,Rhizosolenia sp1,D-Rhizosolenia sp. 1,1600
6424,2013,Jun,6,06/06/2013,,16.34775,119.93375,A1,,1,Diatom,Pleurosigma sp1,D-Pleurosigma sp. 1,220
6425,2013,Jun,6,06/06/2013,,16.34775,119.93375,A1,,1,Diatom,Coscinodiscus spp.,D-Coscinodiscus spp.,80
6426,2013,Jun,6,06/06/2013,,16.34775,119.93375,A1,,1,Dinoflagellate,Prorocentrum minimum,DF-Prorocentrum minimum,734400
6427,2013,Jun,6,06/06/2013,,16.34775,119.93375,A1,,1,Dinoflagellate,Prorocentrum micans,DF-Prorocentrum micans,1200
6428,2013,Jun,6,06/06/2013,,16.34775,119.93375,A1,,1,Dinoflagellate,Karenia  mikimotoi,DF-Karenia  mikimotoi,40
6429,2013,Jun,6,06/06/2013,,16.34775,119.93375,A1,,1,Diatom,Thalassiosira spp.,D-Thalassiosira spp.,1080
6430,2013,Jun,6,06/06/2013,,16.34775,119.93375,A1,,1,Dinoflagellate,Protoperidinium pellucidum,DF-Protoperidinium pellucidum,500
6431,2013,Jun,6,06/06/2013,,16.34775,119.93375,A1,,1,Dinoflagellate,Protoperdinium  pellucidum,DF-Protoperdinium  pellucidum,40
6432,2013,Jun,6,06/06/2013,,16.34775,119.93452,A2,,1,Dinoflagellate,Protoperidinium pallidum,DF-Protoperidinium pallidum,40
6433,2013,Jun,6,06/06/2013,,16.34775,119.93452,A2,,1,Dinoflagellate,Oxytoxum spp.,DF-Oxytoxum spp.,320
6434,2013,Jun,6,06/06/2013,,16.34775,119.93452,A2,,1,Silicoflagellate,Tintinopsis,SF-Tintinopsis,40
6435,2013,Jun,6,06/06/2013,,16.34775,119.93452,A2,,1,Diatom,Navicula  spp.,D-Navicula  spp.,200
6436,2013,Jun,6,06/06/2013,,16.34775,119.93452,A2,,1,Diatom,Rhizosolenia sp1,D-Rhizosolenia sp. 1,880
6437,2013,Jun,6,06/06/2013,,16.34775,119.93452,A2,,1,Diatom,Pleurosigma sp1,D-Pleurosigma sp. 1,80
6438,2013,Jun,6,06/06/2013,,16.34775,119.93452,A2,,1,Dinoflagellate,Gyrodinium,DF-Gyrodinium,40
6439,2013,Jun,6,06/06/2013,,16.34775,119.93452,A2,,1,Diatom,Coscinodiscus spp.,D-Coscinodiscus spp.,160
6440,2013,Jun,6,06/06/2013,,16.34775,119.93452,A2,,1,Dinoflagellate,Prorocentrum minimum,DF-Prorocentrum minimum,297620
6441,2013,Jun,6,06/06/2013,,16.34775,119.93452,A2,,1,Dinoflagellate,Prorocentrum micans,DF-Prorocentrum micans,840
6442,2013,Jun,6,06/06/2013,,16.34775,119.93452,A2,,1,Dinoflagellate,Ceratium furca,DF-Ceratium furca,80
6443,2013,Jun,6,06/06/2013,,16.34775,119.93452,A2,,1,Diatom,Cylindricotheca closterium,D-Cylindricotheca closterium,40
6444,2013,Jun,6,06/06/2013,,16.34775,119.93452,A2,,1,Diatom,Thalassiosira spp.,D-Thalassiosira spp.,2000
6445,2013,Jun,6,06/06/2013,,16.34775,119.93452,A2,,1,Dinoflagellate,Protoperidinium pellucidum,DF-Protoperidinium pellucidum,1420
6446,2013,Jun,6,06/06/2013,,16.34775,119.93452,A2,,1,Dinoflagellate,Protoperdinium  pellucidum,DF-Protoperdinium  pellucidum,40
6447,2013,Jun,6,06/06/2013,,16.33431,119.95731,A3,,1,Raphidophyte,Chattonnella subsalsa,RD-Chattonnella subsalsa,240
6448,2013,Jun,6,06/06/2013,,16.33431,119.95731,A3,,1,Dinoflagellate,Alexandrium spp.,DF-Alexandrium spp.,20
6449,2013,Jun,6,06/06/2013,,16.33431,119.95731,A3,,1,Dinoflagellate,Oxytoxum spp.,DF-Oxytoxum spp.,500
6450,2013,Jun,6,06/06/2013,,16.33431,119.95731,A3,,1,Silicoflagellate,Tintinopsis,SF-Tintinopsis,1600
6451,2013,Jun,6,06/06/2013,,16.33431,119.95731,A3,,1,Raphidophyte,Chattonnella subsalsa,RD-Chattonnella subsalsa,480
6452,2013,Jun,6,06/06/2013,,16.33431,119.95731,A3,,1,Diatom,Rhizosolenia sp1,D-Rhizosolenia sp. 1,1500
6453,2013,Jun,6,06/06/2013,,16.33431,119.95731,A3,,1,Diatom,Pleurosigma sp1,D-Pleurosigma sp. 1,400
6454,2013,Jun,6,06/06/2013,,16.33431,119.95731,A3,,1,Dinoflagellate,Prorocentrum minimum,DF-Prorocentrum minimum,1402300
6455,2013,Jun,6,06/06/2013,,16.33431,119.95731,A3,,1,Dinoflagellate,Prorocentrum micans,DF-Prorocentrum micans,1440
6456,2013,Jun,6,06/06/2013,,16.33431,119.95731,A3,,1,Dinoflagellate,Scrippsiella spinifera,DF-Scrippsiella spinifera,80
6457,2013,Jun,6,06/06/2013,,16.33431,119.95731,A3,,1,Dinoflagellate,Scrippsiella spinifera,DF-Scrippsiella spinifera,80
6458,2013,Jun,6,06/06/2013,,16.33431,119.95731,A3,,1,Silicoflagellate,Favella sp.,SF-Favella sp.,80
6459,2013,Jun,6,06/06/2013,,16.33431,119.95731,A3,,1,Diatom,Thalassiosira spp.,D-Thalassiosira spp.,960
6460,2013,Jun,6,06/06/2013,,16.33431,119.95731,A3,,1,Dinoflagellate,Protoperidinium pellucidum,DF-Protoperidinium pellucidum,1840
6461,2013,Jun,6,06/06/2013,,16.33431,119.95731,A3,,1,Dinoflagellate,Protoperidinium latispinum,DF-Protoperidinium latispinum,160
6462,2013,Jun,6,06/06/2013,,16.28459,119.92285,A4,,1,Silicoflagellate,Tintinopsis,SF-Tintinopsis,35000
6463,2013,Jun,6,06/06/2013,,16.28459,119.92285,A4,,1,Raphidophyte,Chattonnella subsalsa,RD-Chattonnella subsalsa,20
6464,2013,Jun,6,06/06/2013,,16.28459,119.92285,A4,,1,Diatom,Rhizosolenia sp1,D-Rhizosolenia sp. 1,23740
6465,2013,Jun,6,06/06/2013,,16.28459,119.92285,A4,,1,Diatom,Pleurosigma spp.,D-Pleurosigma spp.,20
6466,2013,Jun,6,06/06/2013,,16.28459,119.92285,A4,,1,Dinoflagellate,Prorocentrum minimum,DF-Prorocentrum minimum,692260
6467,2013,Jun,6,06/06/2013,,16.28459,119.92285,A4,,1,Dinoflagellate,Prorocentrum micans,DF-Prorocentrum micans,1620
6468,2013,Jun,6,06/06/2013,,16.28459,119.92285,A4,,1,Diatom,Thalassiosira spp.,D-Thalassiosira spp.,1960
6469,2013,Jun,6,06/06/2013,,16.27365,119.92599,A5,,1,Silicoflagellate,Tintinopsis,SF-Tintinopsis,11200
6470,2013,Jun,6,06/06/2013,,16.27365,119.92599,A5,,1,Diatom,Navicula  spp.,D-Navicula  spp.,80
6471,2013,Jun,6,06/06/2013,,16.27365,119.92599,A5,,1,Diatom,Rhizosolenia sp1,D-Rhizosolenia sp. 1,34360
6472,2013,Jun,6,06/06/2013,,16.27365,119.92599,A5,,1,Diatom,Pleurosigma sp1,D-Pleurosigma sp. 1,200
6473,2013,Jun,6,06/06/2013,,16.27365,119.92599,A5,,1,Dinoflagellate,Prorocentrum minimum,DF-Prorocentrum minimum,86160
6474,2013,Jun,6,06/06/2013,,16.27365,119.92599,A5,,1,Dinoflagellate,Prorocentrum micans,DF-Prorocentrum micans,160
6475,2013,Jun,6,06/06/2013,,16.27365,119.92599,A5,,1,Diatom,Thalassiosira spp.,D-Thalassiosira spp.,1220
6476,2013,Jun,6,06/06/2013,,16.27365,119.92599,A5,,1,Dinoflagellate,Protoperidinium pellucidum,DF-Protoperidinium pellucidum,100
6477,2013,Jun,6,06/06/2013,,16.3743,119.93198,PP,,NB,Raphidophyte,Chattonnella subsalsa,RD-Chattonnella subsalsa,240
6478,2013,Jun,6,06/06/2013,,16.3743,119.93198,PP,,NB,Silicoflagellate,Tintinopsis,SF-Tintinopsis,160
6479,2013,Jun,6,06/06/2013,,16.3743,119.93198,PP,,NB,Diatom,Rhizosolenia sp1,D-Rhizosolenia sp. 1,480
6480,2013,Jun,6,06/06/2013,,16.3743,119.93198,PP,,NB,Diatom,Pleurosigma sp1,D-Pleurosigma sp. 1,240
6481,2013,Jun,6,06/06/2013,,16.3743,119.93198,PP,,NB,Dinoflagellate,Prorocentrum minimum,DF-Prorocentrum minimum,56460
6482,2013,Jun,6,06/06/2013,,16.3743,119.93198,PP,,NB,Dinoflagellate,Prorocentrum micans,DF-Prorocentrum micans,80
6483,2013,Jun,6,06/06/2013,,16.3743,119.93198,PP,,NB,Dinoflagellate,Karenia  mikimotoi,DF-Karenia  mikimotoi,80
6484,2013,Jun,6,06/06/2013,,16.3743,119.93198,PP,,NB,Dinoflagellate,Ceratium furca,DF-Ceratium furca,260
6485,2013,Jun,6,06/06/2013,,16.3743,119.93198,PP,,NB,Diatom,Thalassiosira spp.,D-Thalassiosira spp.,1000
6486,2013,Jun,6,06/06/2013,,16.3743,119.93198,PP,,NB,Dinoflagellate,Protoperidinium pellucidum,DF-Protoperidinium pellucidum,480
6487,2013,Jun,6,06/06/2013,,16.3743,119.93198,PP,,NB,Dinoflagellate,Protoperidinium latispinum,DF-Protoperidinium latispinum,240
6488,2013,Jun,6,06/06/2013,,16.3743,119.93198,PP,,1,Raphidophyte,Chattonnella subsalsa,RD-Chattonnella subsalsa,40
6489,2013,Jun,6,06/06/2013,,16.3743,119.93198,PP,,1,Diatom,Pleurosigma sp1,D-Pleurosigma sp. 1,260
6490,2013,Jun,6,06/06/2013,,16.3743,119.93198,PP,,1,Diatom,Coscinodiscus spp.,D-Coscinodiscus spp.,80
6491,2013,Jun,6,06/06/2013,,16.3743,119.93198,PP,,1,Dinoflagellate,Prorocentrum minimum,DF-Prorocentrum minimum,84120
6492,2013,Jun,6,06/06/2013,,16.3743,119.93198,PP,,1,Dinoflagellate,Prorocentrum micans,DF-Prorocentrum micans,80
6493,2013,Jun,6,06/06/2013,,16.3743,119.93198,PP,,1,Diatom,Thalassiosira spp.,D-Thalassiosira spp.,2540
6494,2013,Jun,6,06/06/2013,,16.3743,119.93198,PP,,1,Dinoflagellate,Protoperidinium pellucidum,DF-Protoperidinium pellucidum,140
6495,2013,Jun,6,06/06/2013,,16.39578,119.90667,RVA3,,Mid,Dinoflagellate,Gonyaulax spinifera,DF-Gonyaulax spinifera,60
6496,2013,Jun,6,06/06/2013,,16.39578,119.90667,RVA3,,Mid,Dinoflagellate,Protoperidinium pallidum,DF-Protoperidinium pallidum,60
6497,2013,Jun,6,06/06/2013,,16.39578,119.90667,RVA3,,Mid,Diatom,Pleurosigma sp1,D-Pleurosigma sp. 1,40
6498,2013,Jun,6,06/06/2013,,16.39578,119.90667,RVA3,,Mid,Dinoflagellate,Prorocentrum minimum,DF-Prorocentrum minimum,1100
6499,2013,Jun,6,06/06/2013,,16.39578,119.90667,RVA3,,Mid,Diatom,Thalassiosira spp.,D-Thalassiosira spp.,40
6500,2013,Jun,6,06/06/2013,,16.39578,119.90667,RVA3,,Mid,Dinoflagellate,Protoperidinium pellucidum,DF-Protoperidinium pellucidum,20
6501,2013,Jun,6,06/06/2013,,16.39578,119.90667,RVA3,,NB,Raphidophyte,Chattonnella subsalsa,RD-Chattonnella subsalsa,40
6502,2013,Jun,6,06/06/2013,,16.39578,119.90667,RVA3,,NB,Silicoflagellate,Tintinopsis,SF-Tintinopsis,60
6503,2013,Jun,6,06/06/2013,,16.39578,119.90667,RVA3,,NB,Diatom,Navicula  spp.,D-Navicula  spp.,60
6504,2013,Jun,6,06/06/2013,,16.39578,119.90667,RVA3,,NB,Diatom,Pleurosigma sp1,D-Pleurosigma sp. 1,20
6505,2013,Jun,6,06/06/2013,,16.39578,119.90667,RVA3,,NB,Diatom,Pleurosigma sp2,D-Pleurosigma sp. 2,40
6506,2013,Jun,6,06/06/2013,,16.39578,119.90667,RVA3,,NB,Diatom,Pleurosigma spp.,D-Pleurosigma spp.,980
6507,2013,Jun,6,06/06/2013,,16.39578,119.90667,RVA3,,NB,Diatom,Coscinodiscus spp.,D-Coscinodiscus spp.,80
6508,2013,Jun,6,06/06/2013,,16.39578,119.90667,RVA3,,NB,Dinoflagellate,Prorocentrum minimum,DF-Prorocentrum minimum,320
6509,2013,Jun,6,06/06/2013,,16.39578,119.90667,RVA3,,NB,Dinoflagellate,Protoperidinium pellucidum,DF-Protoperidinium pellucidum,200
6510,2013,Jun,6,06/06/2013,,16.39578,119.90667,RVA3,,NB,Dinoflagellate,Protoperidinium latispinum,DF-Protoperidinium latispinum,260
6511,2013,Jun,6,06/06/2013,,16.39578,119.90667,RVA3,,1,Silicoflagellate,Tintinopsis,SF-Tintinopsis,180
6512,2013,Jun,6,06/06/2013,,16.39578,119.90667,RVA3,,1,Diatom,Rhizosolenia sp1,D-Rhizosolenia sp. 1,80
6513,2013,Jun,6,06/06/2013,,16.39578,119.90667,RVA3,,1,Diatom,Pleurosigma sp1,D-Pleurosigma sp. 1,620
6514,2013,Jun,6,06/06/2013,,16.39578,119.90667,RVA3,,1,Diatom,Pleurosigma sp2,D-Pleurosigma sp. 2,40
6515,2013,Jun,6,06/06/2013,,16.39578,119.90667,RVA3,,1,Diatom,Coscinodiscus spp.,D-Coscinodiscus spp.,40
6516,2013,Jun,6,06/06/2013,,16.39578,119.90667,RVA3,,1,Dinoflagellate,Phalacroma  spp.,DF-Phalacroma  spp.,80
6517,2013,Jun,6,06/06/2013,,16.39578,119.90667,RVA3,,1,Dinoflagellate,Prorocentrum minimum,DF-Prorocentrum minimum,1260
6518,2013,Jun,6,06/06/2013,,16.39578,119.90667,RVA3,,1,Diatom,Thalassiosira spp.,D-Thalassiosira spp.,560
6519,2013,Jun,6,06/06/2013,,16.30944,119.92063,TS1,,NB,Dinoflagellate,Gonyaulax spinifera,DF-Gonyaulax spinifera,40
6520,2013,Jun,6,06/06/2013,,16.30944,119.92063,TS1,,NB,Raphidophyte,Chattonnella subsalsa,RD-Chattonnella subsalsa,240
6521,2013,Jun,6,06/06/2013,,16.30944,119.92063,TS1,,NB,Dinoflagellate,Gonyaulax spinifera,DF-Gonyaulax spinifera,20
6522,2013,Jun,6,06/06/2013,,16.30944,119.92063,TS1,,NB,Dinoflagellate,Prototoperidnium pallidum,DF-Prototoperidnium pallidum,40
6523,2013,Jun,6,06/06/2013,,16.30944,119.92063,TS1,,NB,Dinoflagellate,Protoperidinium pallidum,DF-Protoperidinium pallidum,40
6524,2013,Jun,6,06/06/2013,,16.30944,119.92063,TS1,,NB,Silicoflagellate,Tintinopsis,SF-Tintinopsis,80
6525,2013,Jun,6,06/06/2013,,16.30944,119.92063,TS1,,NB,Diatom,Navicula  spp.,D-Navicula  spp.,40
6526,2013,Jun,6,06/06/2013,,16.30944,119.92063,TS1,,NB,Diatom,Rhizosolenia sp1,D-Rhizosolenia sp. 1,840
6527,2013,Jun,6,06/06/2013,,16.30944,119.92063,TS1,,NB,Diatom,Pleurosigma sp1,D-Pleurosigma sp. 1,880
6528,2013,Jun,6,06/06/2013,,16.30944,119.92063,TS1,,NB,Diatom,Coscinodiscus spp.,D-Coscinodiscus spp.,120
6529,2013,Jun,6,06/06/2013,,16.30944,119.92063,TS1,,NB,Dinoflagellate,Prorocentrum minimum,DF-Prorocentrum minimum,1066200
6530,2013,Jun,6,06/06/2013,,16.30944,119.92063,TS1,,NB,Dinoflagellate,Prorocentrum micans,DF-Prorocentrum micans,1360
6531,2013,Jun,6,06/06/2013,,16.30944,119.92063,TS1,,NB,Dinoflagellate,Karenia  mikimotoi,DF-Karenia  mikimotoi,160
6532,2013,Jun,6,06/06/2013,,16.30944,119.92063,TS1,,NB,Dinoflagellate,Ceratium furca,DF-Ceratium furca,280
6533,2013,Jun,6,06/06/2013,,16.30944,119.92063,TS1,,NB,Diatom,Cylindricotheca closterium,D-Cylindricotheca closterium,40
6534,2013,Jun,6,06/06/2013,,16.30944,119.92063,TS1,,NB,Diatom,Thalassiosira spp.,D-Thalassiosira spp.,700
6535,2013,Jun,6,06/06/2013,,16.30944,119.92063,TS1,,NB,Dinoflagellate,Protoperidinium pellucidum,DF-Protoperidinium pellucidum,720
6536,2013,Jun,6,06/06/2013,,16.30944,119.92063,TS1,,NB,Dinoflagellate,Protoperidinium latispinum,DF-Protoperidinium latispinum,440
6537,2013,Jun,6,06/06/2013,,16.30944,119.92063,TS1,,NB,Dinoflagellate,Protoperdinium  pellucidum,DF-Protoperdinium  pellucidum,120
6538,2013,Jun,6,06/06/2013,,16.30944,119.92063,TS1,,1,Raphidophyte,Chattonnella subsalsa,RD-Chattonnella subsalsa,140
6539,2013,Jun,6,06/06/2013,,16.30944,119.92063,TS1,,1,Dinoflagellate,Protoperidinium pallidum,DF-Protoperidinium pallidum,920
6540,2013,Jun,6,06/06/2013,,16.30944,119.92063,TS1,,1,Silicoflagellate,Tintinopsis,SF-Tintinopsis,14000
6541,2013,Jun,6,06/06/2013,,16.30944,119.92063,TS1,,1,Diatom,Navicula  spp.,D-Navicula  spp.,80
6542,2013,Jun,6,06/06/2013,,16.30944,119.92063,TS1,,1,Diatom,Rhizosolenia sp1,D-Rhizosolenia sp. 1,7180
6543,2013,Jun,6,06/06/2013,,16.30944,119.92063,TS1,,1,Diatom,Pleurosigma sp1,D-Pleurosigma sp. 1,240
6544,2013,Jun,6,06/06/2013,,16.30944,119.92063,TS1,,1,Diatom,Pleurosigma spp.,D-Pleurosigma spp.,40
6545,2013,Jun,6,06/06/2013,,16.30944,119.92063,TS1,,1,Diatom,Coscinodiscus spp.,D-Coscinodiscus spp.,40
6546,2013,Jun,6,06/06/2013,,16.30944,119.92063,TS1,,1,Dinoflagellate,Phalacroma  spp.,DF-Phalacroma  spp.,60
6547,2013,Jun,6,06/06/2013,,16.30944,119.92063,TS1,,1,Dinoflagellate,Prorocentrum minimum,DF-Prorocentrum minimum,2175800
6548,2013,Jun,6,06/06/2013,,16.30944,119.92063,TS1,,1,Dinoflagellate,Prorocentrum micans,DF-Prorocentrum micans,2160
6549,2013,Jun,6,06/06/2013,,16.30944,119.92063,TS1,,1,Dinoflagellate,Karenia  mikimotoi,DF-Karenia  mikimotoi,40
6550,2013,Jun,6,06/06/2013,,16.30944,119.92063,TS1,,1,Dinoflagellate,Ceratium furca,DF-Ceratium furca,40
6551,2013,Jun,6,06/06/2013,,16.30944,119.92063,TS1,,1,Dinoflagellate,Scrippsiella spinifera,DF-Scrippsiella spinifera,40
6552,2013,Jun,6,06/06/2013,,16.30944,119.92063,TS1,,1,Diatom,Thalassiosira spp.,D-Thalassiosira spp.,2140
6553,2013,Jun,6,06/06/2013,,16.30944,119.92063,TS1,,1,Dinoflagellate,Protoperidinium pellucidum,DF-Protoperidinium pellucidum,1540
6554,2013,Jun,6,06/06/2013,,16.38339,119.91585,TS2,,Mid,Dinoflagellate,Protoperidinium conicum,DF-Protoperidinium conicum,40
6555,2013,Jun,6,06/06/2013,,16.38339,119.91585,TS2,,Mid,Diatom,Navicula  spp.,D-Navicula  spp.,40
6556,2013,Jun,6,06/06/2013,,16.38339,119.91585,TS2,,Mid,Diatom,Rhizosolenia sp1,D-Rhizosolenia sp. 1,200
6557,2013,Jun,6,06/06/2013,,16.38339,119.91585,TS2,,Mid,Diatom,Pleurosigma sp1,D-Pleurosigma sp. 1,280
6558,2013,Jun,6,06/06/2013,,16.38339,119.91585,TS2,,Mid,Diatom,Coscinodiscus spp.,D-Coscinodiscus spp.,40
6559,2013,Jun,6,06/06/2013,,16.38339,119.91585,TS2,,Mid,Dinoflagellate,Prorocentrum minimum,DF-Prorocentrum minimum,1260
6560,2013,Jun,6,06/06/2013,,16.38339,119.91585,TS2,,Mid,Dinoflagellate,Prorocentrum micans,DF-Prorocentrum micans,120
6561,2013,Jun,6,06/06/2013,,16.38339,119.91585,TS2,,Mid,Dinoflagellate,Ceratium furca,DF-Ceratium furca,40
6562,2013,Jun,6,06/06/2013,,16.38339,119.91585,TS2,,Mid,Diatom,Thalassiosira spp.,D-Thalassiosira spp.,200
6563,2013,Jun,6,06/06/2013,,16.38339,119.91585,TS2,,Mid,Dinoflagellate,Protoperidinium pellucidum,DF-Protoperidinium pellucidum,120
6564,2013,Jun,6,06/06/2013,,16.38339,119.91585,TS2,,Mid,Dinoflagellate,Protoperidinium latispinum,DF-Protoperidinium latispinum,40
6565,2013,Jun,6,06/06/2013,,16.38339,119.91585,TS2,,NB,Silicoflagellate,Tintinopsis,SF-Tintinopsis,240
6566,2013,Jun,6,06/06/2013,,16.38339,119.91585,TS2,,NB,Diatom,Pleurosigma sp1,D-Pleurosigma sp. 1,240
6567,2013,Jun,6,06/06/2013,,16.38339,119.91585,TS2,,NB,Dinoflagellate,Prorocentrum minimum,DF-Prorocentrum minimum,5780
6568,2013,Jun,6,06/06/2013,,16.38339,119.91585,TS2,,NB,Dinoflagellate,Prorocentrum micans,DF-Prorocentrum micans,80
6569,2013,Jun,6,06/06/2013,,16.38339,119.91585,TS2,,NB,Silicoflagellate,Favella sp.,SF-Favella sp.,80
6570,2013,Jun,6,06/06/2013,,16.38339,119.91585,TS2,,NB,Diatom,Thalassiosira spp.,D-Thalassiosira spp.,340
6571,2013,Jun,6,06/06/2013,,16.38339,119.91585,TS2,,NB,Dinoflagellate,Protoperidinium pellucidum,DF-Protoperidinium pellucidum,220
6572,2013,Jun,6,06/06/2013,,16.38339,119.91585,TS2,,NB,Dinoflagellate,Protoperdinium  pellucidum,DF-Protoperdinium  pellucidum,60
6573,2013,Jun,6,06/06/2013,,16.38339,119.91585,TS2,,1,Dinoflagellate,Gonyaulax spinifera,DF-Gonyaulax spinifera,100
6574,2013,Jun,6,06/06/2013,,16.38339,119.91585,TS2,,1,Dinoflagellate,Gonyaulax spinifera,DF-Gonyaulax spinifera,40
6575,2013,Jun,6,06/06/2013,,16.38339,119.91585,TS2,,1,Dinoflagellate,Protoperidinium pallidum,DF-Protoperidinium pallidum,100
6576,2013,Jun,6,06/06/2013,,16.38339,119.91585,TS2,,1,Silicoflagellate,Tintinopsis,SF-Tintinopsis,40
6577,2013,Jun,6,06/06/2013,,16.38339,119.91585,TS2,,1,Diatom,Navicula  spp.,D-Navicula  spp.,260
6578,2013,Jun,6,06/06/2013,,16.38339,119.91585,TS2,,1,Diatom,Rhizosolenia sp1,D-Rhizosolenia sp. 1,120
6579,2013,Jun,6,06/06/2013,,16.38339,119.91585,TS2,,1,Diatom,Pleurosigma sp1,D-Pleurosigma sp. 1,400
6580,2013,Jun,6,06/06/2013,,16.38339,119.91585,TS2,,1,Diatom,Pleurosigma sp2,D-Pleurosigma sp. 2,40
6581,2013,Jun,6,06/06/2013,,16.38339,119.91585,TS2,,1,Diatom,Coscinodiscus spp.,D-Coscinodiscus spp.,40
6582,2013,Jun,6,06/06/2013,,16.38339,119.91585,TS2,,1,Dinoflagellate,Prorocentrum minimum,DF-Prorocentrum minimum,14400
6583,2013,Jun,6,06/06/2013,,16.38339,119.91585,TS2,,1,Dinoflagellate,Prorocentrum micans,DF-Prorocentrum micans,200
6584,2013,Jun,6,06/06/2013,,16.38339,119.91585,TS2,,1,Dinoflagellate,Karenia  mikimotoi,DF-Karenia  mikimotoi,60
6585,2013,Jun,6,06/06/2013,,16.38339,119.91585,TS2,,1,Diatom,Thalassiosira spp.,D-Thalassiosira spp.,400
6586,2013,Jun,6,06/06/2013,,16.38339,119.91585,TS2,,1,Dinoflagellate,Protoperidinium pellucidum,DF-Protoperidinium pellucidum,40
6587,2013,Jun,6,06/06/2013,,16.34927,119.94606,W1,,1,Diatom,Thalassionema spp.,D-Thalassionema spp.,80
6588,2013,Jun,6,06/06/2013,,16.34927,119.94606,W1,,1,Dinoflagellate,Oxytoxum spp.,DF-Oxytoxum spp.,320
6589,2013,Jun,6,06/06/2013,,16.34927,119.94606,W1,,1,Silicoflagellate,Tintinopsis,SF-Tintinopsis,3980
6590,2013,Jun,6,06/06/2013,,16.34927,119.94606,W1,,1,Raphidophyte,Chattonnella subsalsa,RD-Chattonnella subsalsa,140
6591,2013,Jun,6,06/06/2013,,16.34927,119.94606,W1,,1,Diatom,Navicula  spp.,D-Navicula  spp.,140
6592,2013,Jun,6,06/06/2013,,16.34927,119.94606,W1,,1,Diatom,Rhizosolenia sp1,D-Rhizosolenia sp. 1,2080
6593,2013,Jun,6,06/06/2013,,16.34927,119.94606,W1,,1,Diatom,Pleurosigma sp1,D-Pleurosigma sp. 1,120
6594,2013,Jun,6,06/06/2013,,16.34927,119.94606,W1,,1,Diatom,Coscinodiscus spp.,D-Coscinodiscus spp.,80
6595,2013,Jun,6,06/06/2013,,16.34927,119.94606,W1,,1,Dinoflagellate,Prorocentrum minimum,DF-Prorocentrum minimum,2593020
6596,2013,Jun,6,06/06/2013,,16.34927,119.94606,W1,,1,Dinoflagellate,Prorocentrum micans,DF-Prorocentrum micans,1000
6597,2013,Jun,6,06/06/2013,,16.34927,119.94606,W1,,1,Dinoflagellate,Ceratium furca,DF-Ceratium furca,80
6598,2013,Jun,6,06/06/2013,,16.34927,119.94606,W1,,1,Diatom,Cylindricotheca closterium,D-Cylindricotheca closterium,40
6599,2013,Jun,6,06/06/2013,,16.34927,119.94606,W1,,1,Dinoflagellate,Scrippsiella spinifera,DF-Scrippsiella spinifera,700
6600,2013,Jun,6,06/06/2013,,16.34927,119.94606,W1,,1,Dinoflagellate,Scrippsiella spinifera,DF-Scrippsiella spinifera,200
6601,2013,Jun,6,06/06/2013,,16.34927,119.94606,W1,,1,Diatom,Thalassiosira spp.,D-Thalassiosira spp.,1080
6602,2013,Jun,6,06/06/2013,,16.34927,119.94606,W1,,1,Dinoflagellate,Protoperidinium pellucidum,DF-Protoperidinium pellucidum,2700
6603,2013,Jun,6,06/06/2013,,16.34927,119.94606,W1,,1,Dinoflagellate,Protoperidinium latispinum,DF-Protoperidinium latispinum,400
6604,2013,Jun,6,06/06/2013,,16.34927,119.94606,W1,,1,Dinoflagellate,Protoperdinium  pellucidum,DF-Protoperdinium  pellucidum,80
6605,2013,Jun,6,06/06/2013,,16.33668,119.94476,W2A,,1,Silicoflagellate,Tintinopsis,SF-Tintinopsis,2200
6606,2013,Jun,6,06/06/2013,,16.33668,119.94476,W2A,,1,Raphidophyte,Chattonnella subsalsa,RD-Chattonnella subsalsa,40
6607,2013,Jun,6,06/06/2013,,16.33668,119.94476,W2A,,1,Diatom,Navicula  spp.,D-Navicula  spp.,240
6608,2013,Jun,6,06/06/2013,,16.33668,119.94476,W2A,,1,Diatom,Rhizosolenia sp1,D-Rhizosolenia sp. 1,3280
6609,2013,Jun,6,06/06/2013,,16.33668,119.94476,W2A,,1,Diatom,Pleurosigma sp1,D-Pleurosigma sp. 1,440
6610,2013,Jun,6,06/06/2013,,16.33668,119.94476,W2A,,1,Diatom,Pleurosigma sp2,D-Pleurosigma sp. 2,40
6611,2013,Jun,6,06/06/2013,,16.33668,119.94476,W2A,,1,Diatom,Pleurosigma spp.,D-Pleurosigma spp.,120
6612,2013,Jun,6,06/06/2013,,16.33668,119.94476,W2A,,1,Diatom,Coscinodiscus spp.,D-Coscinodiscus spp.,40
6613,2013,Jun,6,06/06/2013,,16.33668,119.94476,W2A,,1,Dinoflagellate,Prorocentrum minimum,DF-Prorocentrum minimum,1454180
6614,2013,Jun,6,06/06/2013,,16.33668,119.94476,W2A,,1,Dinoflagellate,Prorocentrum micans,DF-Prorocentrum micans,520
6615,2013,Jun,6,06/06/2013,,16.33668,119.94476,W2A,,1,Dinoflagellate,Ceratium furca,DF-Ceratium furca,40
6616,2013,Jun,6,06/06/2013,,16.33668,119.94476,W2A,,1,Dinoflagellate,Scrippsiella spinifera,DF-Scrippsiella spinifera,40
6617,2013,Jun,6,06/06/2013,,16.33668,119.94476,W2A,,1,Diatom,Thalassiosira spp.,D-Thalassiosira spp.,1240
6618,2013,Jun,6,06/06/2013,,16.33668,119.94476,W2A,,1,Dinoflagellate,Protoperidinium pellucidum,DF-Protoperidinium pellucidum,580
6619,2013,Jun,6,06/06/2013,,16.37073,119.93401,W3,,NB,Silicoflagellate,Tintinopsis,SF-Tintinopsis,80
6620,2013,Jun,6,06/06/2013,,16.37073,119.93401,W3,,NB,Diatom,Rhizosolenia sp1,D-Rhizosolenia sp. 1,40
6621,2013,Jun,6,06/06/2013,,16.37073,119.93401,W3,,NB,Diatom,Pleurosigma sp1,D-Pleurosigma sp. 1,120
6622,2013,Jun,6,06/06/2013,,16.37073,119.93401,W3,,NB,Diatom,Coscinodiscus spp.,D-Coscinodiscus spp.,80
6623,2013,Jun,6,06/06/2013,,16.37073,119.93401,W3,,NB,Dinoflagellate,Prorocentrum minimum,DF-Prorocentrum minimum,4500
6624,2013,Jun,6,06/06/2013,,16.37073,119.93401,W3,,NB,Diatom,Thalassiosira spp.,D-Thalassiosira spp.,400
6625,2013,Jun,6,06/06/2013,,16.37073,119.93401,W3,,NB,Dinoflagellate,Protoperidinium pellucidum,DF-Protoperidinium pellucidum,180
6626,2013,Jun,6,06/06/2013,,16.37073,119.93401,W3,,NB,Dinoflagellate,Protoperidinium latispinum,DF-Protoperidinium latispinum,560
6627,2013,Jun,6,06/06/2013,,16.37073,119.93401,W3,,NB,Dinoflagellate,Protoperdinium  pellucidum,DF-Protoperdinium  pellucidum,40
6628,2013,Jun,6,06/06/2013,,16.37073,119.93401,W3,,1,Raphidophyte,Chattonnella subsalsa,RD-Chattonnella subsalsa,380
6629,2013,Jun,6,06/06/2013,,16.37073,119.93401,W3,,1,Dinoflagellate,Gonyaulax spinifera,DF-Gonyaulax spinifera,40
6630,2013,Jun,6,06/06/2013,,16.37073,119.93401,W3,,1,Dinoflagellate,Protoperidinium conicum,DF-Protoperidinium conicum,40
6631,2013,Jun,6,06/06/2013,,16.37073,119.93401,W3,,1,Diatom,Rhizosolenia sp1,D-Rhizosolenia sp. 1,1360
6632,2013,Jun,6,06/06/2013,,16.37073,119.93401,W3,,1,Diatom,Pleurosigma sp1,D-Pleurosigma sp. 1,500
6633,2013,Jun,6,06/06/2013,,16.37073,119.93401,W3,,1,Diatom,Coscinodiscus spp.,D-Coscinodiscus spp.,120
6634,2013,Jun,6,06/06/2013,,16.37073,119.93401,W3,,1,Dinoflagellate,Prorocentrum minimum,DF-Prorocentrum minimum,1113540
6635,2013,Jun,6,06/06/2013,,16.37073,119.93401,W3,,1,Dinoflagellate,Prorocentrum micans,DF-Prorocentrum micans,1000
6636,2013,Jun,6,06/06/2013,,16.37073,119.93401,W3,,1,Dinoflagellate,Karenia  mikimotoi,DF-Karenia  mikimotoi,100
6637,2013,Jun,6,06/06/2013,,16.37073,119.93401,W3,,1,Dinoflagellate,Ceratium furca,DF-Ceratium furca,80
6638,2013,Jun,6,06/06/2013,,16.37073,119.93401,W3,,1,Diatom,Cylindricotheca closterium,D-Cylindricotheca closterium,80
6639,2013,Jun,6,06/06/2013,,16.37073,119.93401,W3,,1,Diatom,Thalassiosira spp.,D-Thalassiosira spp.,320
6640,2013,Jun,6,06/06/2013,,16.37073,119.93401,W3,,1,Dinoflagellate,Protoperidinium pellucidum,DF-Protoperidinium pellucidum,520
6641,2013,Jun,6,06/06/2013,,16.37073,119.93401,W3,,1,Dinoflagellate,Protoperidinium latispinum,DF-Protoperidinium latispinum,40
6642,2013,Jun,6,06/06/2013,,16.37073,119.93401,W3,,1,Dinoflagellate,Protoperdinium  pellucidum,DF-Protoperdinium  pellucidum,40
6643,2013,Jun,6,06/06/2013,,16.32003,119.93384,W8,,1,Dinoflagellate,Protoperidinium pallidum,DF-Protoperidinium pallidum,120
6644,2013,Jun,6,06/06/2013,,16.32003,119.93384,W8,,1,Dinoflagellate,Oxytoxum spp.,DF-Oxytoxum spp.,160
6645,2013,Jun,6,06/06/2013,,16.32003,119.93384,W8,,1,Silicoflagellate,Tintinopsis,SF-Tintinopsis,4200
6646,2013,Jun,6,06/06/2013,,16.32003,119.93384,W8,,1,Diatom,Navicula  spp.,D-Navicula  spp.,120
6647,2013,Jun,6,06/06/2013,,16.32003,119.93384,W8,,1,Diatom,Rhizosolenia sp1,D-Rhizosolenia sp. 1,6020
6648,2013,Jun,6,06/06/2013,,16.32003,119.93384,W8,,1,Diatom,Pleurosigma sp1,D-Pleurosigma sp. 1,80
6649,2013,Jun,6,06/06/2013,,16.32003,119.93384,W8,,1,Dinoflagellate,Phalacroma  spp.,DF-Phalacroma  spp.,40
6650,2013,Jun,6,06/06/2013,,16.32003,119.93384,W8,,1,Dinoflagellate,Prorocentrum minimum,DF-Prorocentrum minimum,1794200
6651,2013,Jun,6,06/06/2013,,16.32003,119.93384,W8,,1,Dinoflagellate,Prorocentrum micans,DF-Prorocentrum micans,1040
6652,2013,Jun,6,06/06/2013,,16.32003,119.93384,W8,,1,Dinoflagellate,Ceratium furca,DF-Ceratium furca,40
6653,2013,Jun,6,06/06/2013,,16.32003,119.93384,W8,,1,Diatom,Thalassiosira spp.,D-Thalassiosira spp.,2000
6654,2013,Jun,6,06/06/2013,,16.32003,119.93384,W8,,1,Dinoflagellate,Protoperidinium pellucidum,DF-Protoperidinium pellucidum,1320
6655,2013,Jun,6,06/06/2013,,16.34775,119.93452,W9,,1,Raphidophyte,Chattonnella subsalsa,RD-Chattonnella subsalsa,4600
6656,2013,Jun,6,06/06/2013,,16.34775,119.93452,W9,,1,Dinoflagellate,Protoperidinium conicum,DF-Protoperidinium conicum,80
6657,2013,Jun,6,06/06/2013,,16.34775,119.93452,W9,,1,Dinoflagellate,Oxytoxum spp.,DF-Oxytoxum spp.,140
6658,2013,Jun,6,06/06/2013,,16.34775,119.93452,W9,,1,Silicoflagellate,Tintinopsis,SF-Tintinopsis,320
6659,2013,Jun,6,06/06/2013,,16.34775,119.93452,W9,,1,Diatom,Rhizosolenia sp1,D-Rhizosolenia sp. 1,1220
6660,2013,Jun,6,06/06/2013,,16.34775,119.93452,W9,,1,Diatom,Pleurosigma sp1,D-Pleurosigma sp. 1,560
6661,2013,Jun,6,06/06/2013,,16.34775,119.93452,W9,,1,Diatom,Pleurosigma spp.,D-Pleurosigma spp.,80
6662,2013,Jun,6,06/06/2013,,16.34775,119.93452,W9,,1,Diatom,Coscinodiscus spp.,D-Coscinodiscus spp.,40
6663,2013,Jun,6,06/06/2013,,16.34775,119.93452,W9,,1,Dinoflagellate,Prorocentrum minimum,DF-Prorocentrum minimum,73620
6664,2013,Jun,6,06/06/2013,,16.34775,119.93452,W9,,1,Dinoflagellate,Prorocentrum micans,DF-Prorocentrum micans,800
6665,2013,Jun,6,06/06/2013,,16.34775,119.93452,W9,,1,Dinoflagellate,Karenia  mikimotoi,DF-Karenia  mikimotoi,40
6666,2013,Jun,6,06/06/2013,,16.34775,119.93452,W9,,1,Dinoflagellate,Ceratium furca,DF-Ceratium furca,80
6667,2013,Jun,6,06/06/2013,,16.34775,119.93452,W9,,1,Dinoflagellate,Scrippsiella spinifera,DF-Scrippsiella spinifera,40
6668,2013,Jun,6,06/06/2013,,16.34775,119.93452,W9,,1,Diatom,Thalassiosira spp.,D-Thalassiosira spp.,1980
6669,2013,Jun,6,06/06/2013,,16.34775,119.93452,W9,,1,Dinoflagellate,Protoperidinium pellucidum,DF-Protoperidinium pellucidum,440
6670,2013,Jun,6,06/06/2013,,16.34775,119.93452,W9,,1,Dinoflagellate,Protoperidinium latispinum,DF-Protoperidinium latispinum,40
6671,2013,Jun,6,06/06/2013,,16.37052,119.94857,W10,,1,Dinoflagellate,Protoperidinium pallidum,DF-Protoperidinium pallidum,280
6672,2013,Jun,6,06/06/2013,,16.37052,119.94857,W10,,1,Dinoflagellate,Oxytoxum spp.,DF-Oxytoxum spp.,520
6673,2013,Jun,6,06/06/2013,,16.37052,119.94857,W10,,1,Diatom,Navicula  spp.,D-Navicula  spp.,40
6674,2013,Jun,6,06/06/2013,,16.37052,119.94857,W10,,1,Diatom,Rhizosolenia sp1,D-Rhizosolenia sp. 1,1220
6675,2013,Jun,6,06/06/2013,,16.37052,119.94857,W10,,1,Diatom,Pleurosigma sp1,D-Pleurosigma sp. 1,400
6676,2013,Jun,6,06/06/2013,,16.37052,119.94857,W10,,1,Diatom,Pleurosigma sp2,D-Pleurosigma sp. 2,40
6677,2013,Jun,6,06/06/2013,,16.37052,119.94857,W10,,1,Diatom,Coscinodiscus spp.,D-Coscinodiscus spp.,40
6678,2013,Jun,6,06/06/2013,,16.37052,119.94857,W10,,1,Dinoflagellate,Prorocentrum minimum,DF-Prorocentrum minimum,373860
6679,2013,Jun,6,06/06/2013,,16.37052,119.94857,W10,,1,Dinoflagellate,Prorocentrum micans,DF-Prorocentrum micans,1320
6680,2013,Jun,6,06/06/2013,,16.37052,119.94857,W10,,1,Dinoflagellate,Ceratium furca,DF-Ceratium furca,40
6681,2013,Jun,6,06/06/2013,,16.37052,119.94857,W10,,1,Dinoflagellate,Scrippsiella spinifera,DF-Scrippsiella spinifera,140
6682,2013,Jun,6,06/06/2013,,16.37052,119.94857,W10,,1,Diatom,Thalassiosira spp.,D-Thalassiosira spp.,960
6683,2013,Jun,6,06/06/2013,,16.37052,119.94857,W10,,1,Dinoflagellate,Protoperidinium pellucidum,DF-Protoperidinium pellucidum,4000
6684,2013,Jun,6,06/06/2013,,16.37052,119.94857,W10,,1,Dinoflagellate,Protoperdinium  pellucidum,DF-Protoperdinium  pellucidum,40
6685,2013,Jun,6,06/06/2013,,16.38326,119.92616,W11,,Mid,Raphidophyte,Chattonnella subsalsa,RD-Chattonnella subsalsa,80
6686,2013,Jun,6,06/06/2013,,16.38326,119.92616,W11,,Mid,Dinoflagellate,Protoperidinium pallidum,DF-Protoperidinium pallidum,400
6687,2013,Jun,6,06/06/2013,,16.38326,119.92616,W11,,Mid,Dinoflagellate,Oxytoxum spp.,DF-Oxytoxum spp.,80
6688,2013,Jun,6,06/06/2013,,16.38326,119.92616,W11,,Mid,Silicoflagellate,Tintinopsis,SF-Tintinopsis,80
6689,2013,Jun,6,06/06/2013,,16.38326,119.92616,W11,,Mid,Diatom,Navicula  spp.,D-Navicula  spp.,80
6690,2013,Jun,6,06/06/2013,,16.38326,119.92616,W11,,Mid,Diatom,Rhizosolenia sp1,D-Rhizosolenia sp. 1,400
6691,2013,Jun,6,06/06/2013,,16.38326,119.92616,W11,,Mid,Diatom,Pleurosigma sp1,D-Pleurosigma sp. 1,280
6692,2013,Jun,6,06/06/2013,,16.38326,119.92616,W11,,Mid,Diatom,Pleurosigma spp.,D-Pleurosigma spp.,40
6693,2013,Jun,6,06/06/2013,,16.38326,119.92616,W11,,Mid,Diatom,Coscinodiscus spp.,D-Coscinodiscus spp.,80
6694,2013,Jun,6,06/06/2013,,16.38326,119.92616,W11,,Mid,Dinoflagellate,Prorocentrum minimum,DF-Prorocentrum minimum,95520
6695,2013,Jun,6,06/06/2013,,16.38326,119.92616,W11,,Mid,Dinoflagellate,Prorocentrum micans,DF-Prorocentrum micans,320
6696,2013,Jun,6,06/06/2013,,16.38326,119.92616,W11,,Mid,Dinoflagellate,Karenia  mikimotoi,DF-Karenia  mikimotoi,20
6697,2013,Jun,6,06/06/2013,,16.38326,119.92616,W11,,Mid,Dinoflagellate,Ceratium furca,DF-Ceratium furca,80
6698,2013,Jun,6,06/06/2013,,16.38326,119.92616,W11,,Mid,Diatom,Thalassiosira spp.,D-Thalassiosira spp.,460
6699,2013,Jun,6,06/06/2013,,16.38326,119.92616,W11,,Mid,Dinoflagellate,Protoperidinium pellucidum,DF-Protoperidinium pellucidum,480
6700,2013,Jun,6,06/06/2013,,16.38326,119.92616,W11,,NB,Dinoflagellate,Gonyaulax spinifera,DF-Gonyaulax spinifera,20
6701,2013,Jun,6,06/06/2013,,16.38326,119.92616,W11,,NB,Diatom,Navicula  spp.,D-Navicula  spp.,40
6702,2013,Jun,6,06/06/2013,,16.38326,119.92616,W11,,NB,Diatom,Pleurosigma sp1,D-Pleurosigma sp. 1,40
6703,2013,Jun,6,06/06/2013,,16.38326,119.92616,W11,,NB,Diatom,Coscinodiscus spp.,D-Coscinodiscus spp.,40
6704,2013,Jun,6,06/06/2013,,16.38326,119.92616,W11,,NB,Dinoflagellate,Prorocentrum minimum,DF-Prorocentrum minimum,1440
6705,2013,Jun,6,06/06/2013,,16.38326,119.92616,W11,,NB,Dinoflagellate,Prorocentrum micans,DF-Prorocentrum micans,20
6706,2013,Jun,6,06/06/2013,,16.38326,119.92616,W11,,NB,Silicoflagellate,Favella sp.,SF-Favella sp.,80
6707,2013,Jun,6,06/06/2013,,16.38326,119.92616,W11,,NB,Diatom,Thalassiosira spp.,D-Thalassiosira spp.,240
6708,2013,Jun,6,06/06/2013,,16.38326,119.92616,W11,,NB,Dinoflagellate,Protoperidinium pellucidum,DF-Protoperidinium pellucidum,80
6709,2013,Jun,6,06/06/2013,,16.38326,119.92616,W11,,1,Raphidophyte,Chattonnella subsalsa,RD-Chattonnella subsalsa,160
6710,2013,Jun,6,06/06/2013,,16.38326,119.92616,W11,,1,Dinoflagellate,Gonyaulax spinifera,DF-Gonyaulax spinifera,160
6711,2013,Jun,6,06/06/2013,,16.38326,119.92616,W11,,1,Silicoflagellate,Tintinopsis,SF-Tintinopsis,40
6712,2013,Jun,6,06/06/2013,,16.38326,119.92616,W11,,1,Diatom,Navicula  spp.,D-Navicula  spp.,80
6713,2013,Jun,6,06/06/2013,,16.38326,119.92616,W11,,1,Diatom,Rhizosolenia sp1,D-Rhizosolenia sp. 1,1000
6714,2013,Jun,6,06/06/2013,,16.38326,119.92616,W11,,1,Diatom,Pleurosigma sp1,D-Pleurosigma sp. 1,520
6715,2013,Jun,6,06/06/2013,,16.38326,119.92616,W11,,1,Diatom,Coscinodiscus spp.,D-Coscinodiscus spp.,80
6716,2013,Jun,6,06/06/2013,,16.38326,119.92616,W11,,1,Dinoflagellate,Prorocentrum minimum,DF-Prorocentrum minimum,159780
6717,2013,Jun,6,06/06/2013,,16.38326,119.92616,W11,,1,Dinoflagellate,Prorocentrum micans,DF-Prorocentrum micans,240
6718,2013,Jun,6,06/06/2013,,16.38326,119.92616,W11,,1,Dinoflagellate,Ceratium furca,DF-Ceratium furca,160
6719,2013,Jun,6,06/06/2013,,16.38326,119.92616,W11,,1,Diatom,Cylindricotheca closterium,D-Cylindricotheca closterium,40
6720,2013,Jun,6,06/06/2013,,16.38326,119.92616,W11,,1,Diatom,Thalassiosira spp.,D-Thalassiosira spp.,560
6721,2013,Jun,6,06/06/2013,,16.38326,119.92616,W11,,1,Dinoflagellate,Protoperidinium pellucidum,DF-Protoperidinium pellucidum,200
6722,2013,Jun,6,06/06/2013,,16.38326,119.92616,W11,,1,Dinoflagellate,Protoperidinium latispinum,DF-Protoperidinium latispinum,320
6723,2013,Jun,10,10/06/2013,,16.34775,119.93375,A1,,1,Dinoflagellate,Karenia  mikimotoi,DF-Karenia  mikimotoi,40
6724,2013,Jun,10,10/06/2013,,16.34775,119.93375,A1,,1,Dinoflagellate,Oxytoxum spp.,DF-Oxytoxum spp.,40
6725,2013,Jun,10,10/06/2013,,16.34775,119.93375,A1,,1,Diatom,Pleurosigma sp1,D-Pleurosigma sp. 1,440
6726,2013,Jun,10,10/06/2013,,16.34775,119.93375,A1,,1,Dinoflagellate,Prorocentrum micans,DF-Prorocentrum micans,280
6727,2013,Jun,10,10/06/2013,,16.34775,119.93375,A1,,1,Dinoflagellate,Prorocentrum minimum,DF-Prorocentrum minimum,221980
6728,2013,Jun,10,10/06/2013,,16.34775,119.93375,A1,,1,Dinoflagellate,Protoperidinium pellucidum,DF-Protoperidinium pellucidum,960
6729,2013,Jun,10,10/06/2013,,16.34775,119.93375,A1,,1,Dinoflagellate,Protoperidinium latispinum,DF-Protoperidinium latispinum,40
6730,2013,Jun,10,10/06/2013,,16.34775,119.93375,A1,,1,Dinoflagellate,Protoperdinium  pellucidum,DF-Protoperdinium  pellucidum,80
6731,2013,Jun,10,10/06/2013,,16.34775,119.93375,A1,,1,Diatom,Rhizosolenia sp1,D-Rhizosolenia sp. 1,600
6732,2013,Jun,10,10/06/2013,,16.34775,119.93375,A1,,1,Dinoflagellate,Scrippsiella spinifera,DF-Scrippsiella spinifera,80
6733,2013,Jun,10,10/06/2013,,16.34775,119.93375,A1,,1,Raphidophyte,Chattonnella subsalsa,RD-Chattonnella subsalsa,3920
6734,2013,Jun,10,10/06/2013,,16.34775,119.93375,A1,,1,Diatom,Thalassiosira spp.,D-Thalassiosira spp.,240
6735,2013,Jun,10,10/06/2013,,16.34775,119.93375,A1,,1,Raphidophyte,Chattonnella subsalsa,RD-Chattonnella subsalsa,40
6736,2013,Jun,10,10/06/2013,,16.34775,119.93452,A2,,1,Dinoflagellate,Alexandrium spp.,DF-Alexandrium spp.,60
6737,2013,Jun,10,10/06/2013,,16.34775,119.93452,A2,,1,Dinoflagellate,Ceratium furca,DF-Ceratium furca,40
6738,2013,Jun,10,10/06/2013,,16.34775,119.93452,A2,,1,Diatom,Coscinodiscus spp.,D-Coscinodiscus spp.,200
6739,2013,Jun,10,10/06/2013,,16.34775,119.93452,A2,,1,Dinoflagellate,Karenia  mikimotoi,DF-Karenia  mikimotoi,80
6740,2013,Jun,10,10/06/2013,,16.34775,119.93452,A2,,1,Diatom,Navicula  spp.,D-Navicula  spp.,440
6741,2013,Jun,10,10/06/2013,,16.34775,119.93452,A2,,1,Dinoflagellate,Oxytoxum spp.,DF-Oxytoxum spp.,80
6742,2013,Jun,10,10/06/2013,,16.34775,119.93452,A2,,1,Diatom,Pleurosigma sp1,D-Pleurosigma sp. 1,320
6743,2013,Jun,10,10/06/2013,,16.34775,119.93452,A2,,1,Dinoflagellate,Prorocentrum micans,DF-Prorocentrum micans,540
6744,2013,Jun,10,10/06/2013,,16.34775,119.93452,A2,,1,Dinoflagellate,Prorocentrum minimum,DF-Prorocentrum minimum,261080
6745,2013,Jun,10,10/06/2013,,16.34775,119.93452,A2,,1,Dinoflagellate,Protoperidinium pellucidum,DF-Protoperidinium pellucidum,1200
6746,2013,Jun,10,10/06/2013,,16.34775,119.93452,A2,,1,Dinoflagellate,Protoperidinium pallidum,DF-Protoperidinium pallidum,360
6747,2013,Jun,10,10/06/2013,,16.34775,119.93452,A2,,1,Dinoflagellate,Protoperdinium  pellucidum,DF-Protoperdinium  pellucidum,40
6748,2013,Jun,10,10/06/2013,,16.34775,119.93452,A2,,1,Diatom,Pseudonitzschia spp.,D-Pseudonitzschia spp.,160
6749,2013,Jun,10,10/06/2013,,16.34775,119.93452,A2,,1,Diatom,Rhizosolenia sp1,D-Rhizosolenia sp. 1,1760
6750,2013,Jun,10,10/06/2013,,16.34775,119.93452,A2,,1,Dinoflagellate,Scrippsiella spinifera,DF-Scrippsiella spinifera,200
6751,2013,Jun,10,10/06/2013,,16.34775,119.93452,A2,,1,Raphidophyte,Chattonnella subsalsa,RD-Chattonnella subsalsa,880
6752,2013,Jun,10,10/06/2013,,16.34775,119.93452,A2,,1,Diatom,Thalassiosira spp.,D-Thalassiosira spp.,880
6753,2013,Jun,10,10/06/2013,,16.34775,119.93452,A2,,1,Silicoflagellate,Tintinopsis,SF-Tintinopsis,2040
6754,2013,Jun,10,10/06/2013,,16.34775,119.93452,A2,,1,Raphidophyte,Chattonnella subsalsa,RD-Chattonnella subsalsa,40
6755,2013,Jun,10,10/06/2013,,16.33431,119.95731,A3,,1,Dinoflagellate,Ceratium furca,DF-Ceratium furca,160
6756,2013,Jun,10,10/06/2013,,16.33431,119.95731,A3,,1,Diatom,Coscinodiscus spp.,D-Coscinodiscus spp.,160
6757,2013,Jun,10,10/06/2013,,16.33431,119.95731,A3,,1,Dinoflagellate,Gonyaulax spinifera,DF-Gonyaulax spinifera,60
6758,2013,Jun,10,10/06/2013,,16.33431,119.95731,A3,,1,Dinoflagellate,Karenia  mikimotoi,DF-Karenia  mikimotoi,160
6759,2013,Jun,10,10/06/2013,,16.33431,119.95731,A3,,1,Diatom,Navicula  spp.,D-Navicula  spp.,160
6760,2013,Jun,10,10/06/2013,,16.33431,119.95731,A3,,1,Dinoflagellate,Oxytoxum spp.,DF-Oxytoxum spp.,560
6761,2013,Jun,10,10/06/2013,,16.33431,119.95731,A3,,1,Silicoflagellate,Favella sp.,SF-Favella sp.,40
6762,2013,Jun,10,10/06/2013,,16.33431,119.95731,A3,,1,Diatom,Pleurosigma sp1,D-Pleurosigma sp. 1,320
6763,2013,Jun,10,10/06/2013,,16.33431,119.95731,A3,,1,Diatom,Pleurosigma spp.,D-Pleurosigma spp.,80
6764,2013,Jun,10,10/06/2013,,16.33431,119.95731,A3,,1,Dinoflagellate,Prorocentrum micans,DF-Prorocentrum micans,2640
6765,2013,Jun,10,10/06/2013,,16.33431,119.95731,A3,,1,Dinoflagellate,Prorocentrum minimum,DF-Prorocentrum minimum,4974200
6766,2013,Jun,10,10/06/2013,,16.33431,119.95731,A3,,1,Dinoflagellate,Protoperidinium pellucidum,DF-Protoperidinium pellucidum,1040
6767,2013,Jun,10,10/06/2013,,16.33431,119.95731,A3,,1,Dinoflagellate,Protoperidinium pallidum,DF-Protoperidinium pallidum,320
6768,2013,Jun,10,10/06/2013,,16.33431,119.95731,A3,,1,Dinoflagellate,Protoperidinium latispinum,DF-Protoperidinium latispinum,80
6769,2013,Jun,10,10/06/2013,,16.33431,119.95731,A3,,1,Diatom,Rhizosolenia sp1,D-Rhizosolenia sp. 1,1700
6770,2013,Jun,10,10/06/2013,,16.33431,119.95731,A3,,1,Raphidophyte,Chattonnella subsalsa,RD-Chattonnella subsalsa,1560
6771,2013,Jun,10,10/06/2013,,16.33431,119.95731,A3,,1,Diatom,Thalassiosira spp.,D-Thalassiosira spp.,360
6772,2013,Jun,10,10/06/2013,,16.33431,119.95731,A3,,1,Silicoflagellate,Tintinopsis,SF-Tintinopsis,2500
6773,2013,Jun,10,10/06/2013,,16.33431,119.95731,A3,,1,Raphidophyte,Chattonnella subsalsa,RD-Chattonnella subsalsa,80
6774,2013,Jun,10,10/06/2013,,16.28459,119.92285,A4,,1,Diatom,Coscinodiscus spp.,D-Coscinodiscus spp.,280
6775,2013,Jun,10,10/06/2013,,16.28459,119.92285,A4,,1,Diatom,Navicula  spp.,D-Navicula  spp.,160
6776,2013,Jun,10,10/06/2013,,16.28459,119.92285,A4,,1,Silicoflagellate,Favella sp.,SF-Favella sp.,40
6777,2013,Jun,10,10/06/2013,,16.28459,119.92285,A4,,1,Diatom,Pleurosigma sp1,D-Pleurosigma sp. 1,120
6778,2013,Jun,10,10/06/2013,,16.28459,119.92285,A4,,1,Diatom,Pleurosigma spp.,D-Pleurosigma spp.,240
6779,2013,Jun,10,10/06/2013,,16.28459,119.92285,A4,,1,Dinoflagellate,Prorocentrum micans,DF-Prorocentrum micans,200
6780,2013,Jun,10,10/06/2013,,16.28459,119.92285,A4,,1,Dinoflagellate,Prorocentrum minimum,DF-Prorocentrum minimum,480380
6781,2013,Jun,10,10/06/2013,,16.28459,119.92285,A4,,1,Dinoflagellate,Protoperidinium pellucidum,DF-Protoperidinium pellucidum,600
6782,2013,Jun,10,10/06/2013,,16.28459,119.92285,A4,,1,Diatom,Pseudonitzschia spp.,D-Pseudonitzschia spp.,200
6783,2013,Jun,10,10/06/2013,,16.28459,119.92285,A4,,1,Diatom,Rhizosolenia sp1,D-Rhizosolenia sp. 1,19000
6784,2013,Jun,10,10/06/2013,,16.28459,119.92285,A4,,1,Dinoflagellate,Scrippsiella spinifera,DF-Scrippsiella spinifera,40
6785,2013,Jun,10,10/06/2013,,16.28459,119.92285,A4,,1,Diatom,Thalassiosira spp.,D-Thalassiosira spp.,1720
6786,2013,Jun,10,10/06/2013,,16.28459,119.92285,A4,,1,Silicoflagellate,Tintinopsis,SF-Tintinopsis,12380
6787,2013,Jun,10,10/06/2013,,16.27365,119.92599,A5,,1,Diatom,Coscinodiscus spp.,D-Coscinodiscus spp.,320
6788,2013,Jun,10,10/06/2013,,16.27365,119.92599,A5,,1,Diatom,Navicula  spp.,D-Navicula  spp.,1280
6789,2013,Jun,10,10/06/2013,,16.27365,119.92599,A5,,1,Dinoflagellate,Oxytoxum spp.,DF-Oxytoxum spp.,80
6790,2013,Jun,10,10/06/2013,,16.27365,119.92599,A5,,1,Silicoflagellate,Favella sp.,SF-Favella sp.,240
6791,2013,Jun,10,10/06/2013,,16.27365,119.92599,A5,,1,Diatom,Pleurosigma spp.,D-Pleurosigma spp.,80
6792,2013,Jun,10,10/06/2013,,16.27365,119.92599,A5,,1,Dinoflagellate,Prorocentrum micans,DF-Prorocentrum micans,720
6793,2013,Jun,10,10/06/2013,,16.27365,119.92599,A5,,1,Dinoflagellate,Prorocentrum minimum,DF-Prorocentrum minimum,297720
6794,2013,Jun,10,10/06/2013,,16.27365,119.92599,A5,,1,Dinoflagellate,Protoperidinium pellucidum,DF-Protoperidinium pellucidum,2640
6795,2013,Jun,10,10/06/2013,,16.27365,119.92599,A5,,1,Diatom,Pseudonitzschia spp.,D-Pseudonitzschia spp.,640
6796,2013,Jun,10,10/06/2013,,16.27365,119.92599,A5,,1,Diatom,Rhizosolenia sp1,D-Rhizosolenia sp. 1,42560
6797,2013,Jun,10,10/06/2013,,16.27365,119.92599,A5,,1,Dinoflagellate,Scrippsiella spinifera,DF-Scrippsiella spinifera,640
6798,2013,Jun,10,10/06/2013,,16.27365,119.92599,A5,,1,Diatom,Thalassiosira spp.,D-Thalassiosira spp.,3280
6799,2013,Jun,10,10/06/2013,,16.27365,119.92599,A5,,1,Silicoflagellate,Tintinopsis,SF-Tintinopsis,25760
6800,2013,Jun,10,10/06/2013,,16.3743,119.93198,PP,,1,Diatom,Bacteriastrum spp.,D-Bacteriastrum spp.,20
6801,2013,Jun,10,10/06/2013,,16.3743,119.93198,PP,,NB,Diatom,Coscinodiscus spp.,D-Coscinodiscus spp.,160
6802,2013,Jun,10,10/06/2013,,16.3743,119.93198,PP,,1,Diatom,Coscinodiscus spp.,D-Coscinodiscus spp.,20
6803,2013,Jun,10,10/06/2013,,16.3743,119.93198,PP,,1,Diatom,Cylindricotheca closterium,D-Cylindricotheca closterium,20
6804,2013,Jun,10,10/06/2013,,16.3743,119.93198,PP,,NB,Diatom,Pleurosigma sp1,D-Pleurosigma sp. 1,440
6805,2013,Jun,10,10/06/2013,,16.3743,119.93198,PP,,1,Diatom,Pleurosigma sp1,D-Pleurosigma sp. 1,160
6806,2013,Jun,10,10/06/2013,,16.3743,119.93198,PP,,1,Dinoflagellate,Prorocentrum micans,DF-Prorocentrum micans,140
6807,2013,Jun,10,10/06/2013,,16.3743,119.93198,PP,,NB,Dinoflagellate,Prorocentrum minimum,DF-Prorocentrum minimum,1420
6808,2013,Jun,10,10/06/2013,,16.3743,119.93198,PP,,1,Dinoflagellate,Prorocentrum minimum,DF-Prorocentrum minimum,1740
6809,2013,Jun,10,10/06/2013,,16.3743,119.93198,PP,,1,Dinoflagellate,Protoperidinium pellucidum,DF-Protoperidinium pellucidum,100
6810,2013,Jun,10,10/06/2013,,16.3743,119.93198,PP,,1,Dinoflagellate,Protoperdinium  pellucidum,DF-Protoperdinium  pellucidum,40
6811,2013,Jun,10,10/06/2013,,16.3743,119.93198,PP,,1,Dinoflagellate,Protoperidinium conicum,DF-Protoperidinium conicum,20
6812,2013,Jun,10,10/06/2013,,16.3743,119.93198,PP,,1,Diatom,Rhizosolenia sp1,D-Rhizosolenia sp. 1,180
6813,2013,Jun,10,10/06/2013,,16.3743,119.93198,PP,,1,Raphidophyte,Chattonnella subsalsa,RD-Chattonnella subsalsa,680
6814,2013,Jun,10,10/06/2013,,16.3743,119.93198,PP,,NB,Diatom,Thalassiosira spp.,D-Thalassiosira spp.,200
6815,2013,Jun,10,10/06/2013,,16.3743,119.93198,PP,,1,Diatom,Thalassiosira spp.,D-Thalassiosira spp.,120
6816,2013,Jun,10,10/06/2013,,16.3743,119.93198,PP,,1,Silicoflagellate,Tintinopsis,SF-Tintinopsis,20
6817,2013,Jun,10,10/06/2013,,16.39578,119.90667,RVA3,,Mid,Diatom,Chaetoceros spp.,D-Chaetoceros spp.,20
6818,2013,Jun,10,10/06/2013,,16.39578,119.90667,RVA3,,1,Diatom,Chaetoceros spp.,D-Chaetoceros spp.,20
6819,2013,Jun,10,10/06/2013,,16.39578,119.90667,RVA3,,NB,Diatom,Cylindricotheca closterium,D-Cylindricotheca closterium,120
6820,2013,Jun,10,10/06/2013,,16.39578,119.90667,RVA3,,NB,Diatom,Guinardia,D-Guinardia,20
6821,2013,Jun,10,10/06/2013,,16.39578,119.90667,RVA3,,Mid,Dinoflagellate,Gyrodinium,DF-Gyrodinium,20
6822,2013,Jun,10,10/06/2013,,16.39578,119.90667,RVA3,,NB,Diatom,Navicula  spp.,D-Navicula  spp.,40
6823,2013,Jun,10,10/06/2013,,16.39578,119.90667,RVA3,,NB,Dinoflagellate,Oxytoxum spp.,DF-Oxytoxum spp.,40
6824,2013,Jun,10,10/06/2013,,16.39578,119.90667,RVA3,,NB,Diatom,Pleurosigma sp1,D-Pleurosigma sp. 1,40
6825,2013,Jun,10,10/06/2013,,16.39578,119.90667,RVA3,,1,Diatom,Pleurosigma sp1,D-Pleurosigma sp. 1,20
6826,2013,Jun,10,10/06/2013,,16.39578,119.90667,RVA3,,NB,Diatom,Pleurosigma spp.,D-Pleurosigma spp.,1420
6827,2013,Jun,10,10/06/2013,,16.39578,119.90667,RVA3,,NB,Dinoflagellate,Prorocentrum micans,DF-Prorocentrum micans,40
6828,2013,Jun,10,10/06/2013,,16.39578,119.90667,RVA3,,Mid,Dinoflagellate,Prorocentrum minimum,DF-Prorocentrum minimum,160
6829,2013,Jun,10,10/06/2013,,16.39578,119.90667,RVA3,,NB,Dinoflagellate,Prorocentrum minimum,DF-Prorocentrum minimum,160
6830,2013,Jun,10,10/06/2013,,16.39578,119.90667,RVA3,,1,Dinoflagellate,Prorocentrum minimum,DF-Prorocentrum minimum,40
6831,2013,Jun,10,10/06/2013,,16.39578,119.90667,RVA3,,NB,Diatom,Rhizosolenia sp1,D-Rhizosolenia sp. 1,80
6832,2013,Jun,10,10/06/2013,,16.30944,119.92063,TS1,,1,Dinoflagellate,Alexandrium spp.,DF-Alexandrium spp.,40
6833,2013,Jun,10,10/06/2013,,16.30944,119.92063,TS1,,1,Dinoflagellate,Ceratium furca,DF-Ceratium furca,40
6834,2013,Jun,10,10/06/2013,,16.30944,119.92063,TS1,,NB,Diatom,Coscinodiscus spp.,D-Coscinodiscus spp.,180
6835,2013,Jun,10,10/06/2013,,16.30944,119.92063,TS1,,1,Diatom,Coscinodiscus spp.,D-Coscinodiscus spp.,200
6836,2013,Jun,10,10/06/2013,,16.30944,119.92063,TS1,,NB,Diatom,Navicula  spp.,D-Navicula  spp.,200
6837,2013,Jun,10,10/06/2013,,16.30944,119.92063,TS1,,1,Diatom,Navicula  spp.,D-Navicula  spp.,80
6838,2013,Jun,10,10/06/2013,,16.30944,119.92063,TS1,,NB,Dinoflagellate,Oxytoxum spp.,DF-Oxytoxum spp.,120
6839,2013,Jun,10,10/06/2013,,16.30944,119.92063,TS1,,1,Dinoflagellate,Oxytoxum spp.,DF-Oxytoxum spp.,120
6840,2013,Jun,10,10/06/2013,,16.30944,119.92063,TS1,,1,Silicoflagellate,Favella sp.,SF-Favella sp.,40
6841,2013,Jun,10,10/06/2013,,16.30944,119.92063,TS1,,NB,Diatom,Pleurosigma sp1,D-Pleurosigma sp. 1,120
6842,2013,Jun,10,10/06/2013,,16.30944,119.92063,TS1,,NB,Diatom,Pleurosigma spp.,D-Pleurosigma spp.,160
6843,2013,Jun,10,10/06/2013,,16.30944,119.92063,TS1,,1,Diatom,Pleurosigma spp.,D-Pleurosigma spp.,80
6844,2013,Jun,10,10/06/2013,,16.30944,119.92063,TS1,,NB,Dinoflagellate,Prorocentrum micans,DF-Prorocentrum micans,680
6845,2013,Jun,10,10/06/2013,,16.30944,119.92063,TS1,,1,Dinoflagellate,Prorocentrum micans,DF-Prorocentrum micans,640
6846,2013,Jun,10,10/06/2013,,16.30944,119.92063,TS1,,NB,Dinoflagellate,Prorocentrum minimum,DF-Prorocentrum minimum,1216700
6847,2013,Jun,10,10/06/2013,,16.30944,119.92063,TS1,,1,Dinoflagellate,Prorocentrum minimum,DF-Prorocentrum minimum,1379700
6848,2013,Jun,10,10/06/2013,,16.30944,119.92063,TS1,,NB,Dinoflagellate,Protoperidinium pellucidum,DF-Protoperidinium pellucidum,340
6849,2013,Jun,10,10/06/2013,,16.30944,119.92063,TS1,,1,Dinoflagellate,Protoperidinium pellucidum,DF-Protoperidinium pellucidum,800
6850,2013,Jun,10,10/06/2013,,16.30944,119.92063,TS1,,NB,Dinoflagellate,Protoperdinium  pellucidum,DF-Protoperdinium  pellucidum,40
6851,2013,Jun,10,10/06/2013,,16.30944,119.92063,TS1,,1,Diatom,Pseudonitzschia spp.,D-Pseudonitzschia spp.,80
6852,2013,Jun,10,10/06/2013,,16.30944,119.92063,TS1,,1,Diatom,Rhizosolenia sp1,D-Rhizosolenia sp. 1,1760
6853,2013,Jun,10,10/06/2013,,16.30944,119.92063,TS1,,NB,Diatom,Rhizosolenia sp1,D-Rhizosolenia sp. 1,1640
6854,2013,Jun,10,10/06/2013,,16.30944,119.92063,TS1,,1,Dinoflagellate,Scrippsiella spinifera,DF-Scrippsiella spinifera,80
6855,2013,Jun,10,10/06/2013,,16.30944,119.92063,TS1,,1,Dinoflagellate,Scrippsiella spinifera,DF-Scrippsiella spinifera,120
6856,2013,Jun,10,10/06/2013,,16.30944,119.92063,TS1,,1,Raphidophyte,Chattonnella subsalsa,RD-Chattonnella subsalsa,1000
6857,2013,Jun,10,10/06/2013,,16.30944,119.92063,TS1,,NB,Diatom,Thalassiosira spp.,D-Thalassiosira spp.,720
6858,2013,Jun,10,10/06/2013,,16.30944,119.92063,TS1,,1,Diatom,Thalassiosira spp.,D-Thalassiosira spp.,1440
6859,2013,Jun,10,10/06/2013,,16.30944,119.92063,TS1,,NB,Silicoflagellate,Tintinopsis,SF-Tintinopsis,29360
6860,2013,Jun,10,10/06/2013,,16.30944,119.92063,TS1,,1,Silicoflagellate,Tintinopsis,SF-Tintinopsis,12800
6861,2013,Jun,10,10/06/2013,,16.38339,119.91585,TS2,,Mid,Diatom,Bacteriastrum spp.,D-Bacteriastrum spp.,360
6862,2013,Jun,10,10/06/2013,,16.38339,119.91585,TS2,,Mid,Dinoflagellate,Ceratium furca,DF-Ceratium furca,40
6863,2013,Jun,10,10/06/2013,,16.38339,119.91585,TS2,,1,Dinoflagellate,Ceratium furca,DF-Ceratium furca,40
6864,2013,Jun,10,10/06/2013,,16.38339,119.91585,TS2,,Mid,Diatom,Chaetoceros spp.,D-Chaetoceros spp.,600
6865,2013,Jun,10,10/06/2013,,16.38339,119.91585,TS2,,1,Diatom,Chaetoceros spp.,D-Chaetoceros spp.,800
6866,2013,Jun,10,10/06/2013,,16.38339,119.91585,TS2,,Mid,Diatom,Coscinodiscus spp.,D-Coscinodiscus spp.,40
6867,2013,Jun,10,10/06/2013,,16.38339,119.91585,TS2,,1,Diatom,Coscinodiscus spp.,D-Coscinodiscus spp.,40
6868,2013,Jun,10,10/06/2013,,16.38339,119.91585,TS2,,Mid,Diatom,Navicula  spp.,D-Navicula  spp.,80
6869,2013,Jun,10,10/06/2013,,16.38339,119.91585,TS2,,Mid,Dinoflagellate,Oxytoxum spp.,DF-Oxytoxum spp.,40
6870,2013,Jun,10,10/06/2013,,16.38339,119.91585,TS2,,1,Dinoflagellate,Oxytoxum spp.,DF-Oxytoxum spp.,120
6871,2013,Jun,10,10/06/2013,,16.38339,119.91585,TS2,,Mid,Diatom,Pleurosigma sp1,D-Pleurosigma sp. 1,80
6872,2013,Jun,10,10/06/2013,,16.38339,119.91585,TS2,,NB,Diatom,Pleurosigma sp1,D-Pleurosigma sp. 1,140
6873,2013,Jun,10,10/06/2013,,16.38339,119.91585,TS2,,1,Diatom,Pleurosigma sp1,D-Pleurosigma sp. 1,160
6874,2013,Jun,10,10/06/2013,,16.38339,119.91585,TS2,,Mid,Dinoflagellate,Prorocentrum micans,DF-Prorocentrum micans,80
6875,2013,Jun,10,10/06/2013,,16.38339,119.91585,TS2,,1,Dinoflagellate,Prorocentrum micans,DF-Prorocentrum micans,580
6876,2013,Jun,10,10/06/2013,,16.38339,119.91585,TS2,,Mid,Dinoflagellate,Prorocentrum minimum,DF-Prorocentrum minimum,2560
6877,2013,Jun,10,10/06/2013,,16.38339,119.91585,TS2,,NB,Dinoflagellate,Prorocentrum minimum,DF-Prorocentrum minimum,60
6878,2013,Jun,10,10/06/2013,,16.38339,119.91585,TS2,,1,Dinoflagellate,Prorocentrum minimum,DF-Prorocentrum minimum,5500
6879,2013,Jun,10,10/06/2013,,16.38339,119.91585,TS2,,Mid,Dinoflagellate,Protoperidinium pellucidum,DF-Protoperidinium pellucidum,80
6880,2013,Jun,10,10/06/2013,,16.38339,119.91585,TS2,,1,Dinoflagellate,Protoperidinium pellucidum,DF-Protoperidinium pellucidum,80
6881,2013,Jun,10,10/06/2013,,16.38339,119.91585,TS2,,Mid,Dinoflagellate,Protoperidinium pallidum,DF-Protoperidinium pallidum,80
6882,2013,Jun,10,10/06/2013,,16.38339,119.91585,TS2,,1,Dinoflagellate,Protoperidinium pallidum,DF-Protoperidinium pallidum,80
6883,2013,Jun,10,10/06/2013,,16.38339,119.91585,TS2,,Mid,Dinoflagellate,Protoperdinium  pellucidum,DF-Protoperdinium  pellucidum,40
6884,2013,Jun,10,10/06/2013,,16.38339,119.91585,TS2,,1,Dinoflagellate,Protoperdinium  pellucidum,DF-Protoperdinium  pellucidum,40
6885,2013,Jun,10,10/06/2013,,16.38339,119.91585,TS2,,Mid,Dinoflagellate,Protoperidinium conicum,DF-Protoperidinium conicum,40
6886,2013,Jun,10,10/06/2013,,16.38339,119.91585,TS2,,1,Diatom,Rhizosolenia sp1,D-Rhizosolenia sp. 1,80
6887,2013,Jun,10,10/06/2013,,16.38339,119.91585,TS2,,1,Raphidophyte,Chattonnella subsalsa,RD-Chattonnella subsalsa,40
6888,2013,Jun,10,10/06/2013,,16.38339,119.91585,TS2,,Mid,Diatom,Thalassiosira spp.,D-Thalassiosira spp.,120
6889,2013,Jun,10,10/06/2013,,16.38339,119.91585,TS2,,NB,Diatom,Thalassiosira spp.,D-Thalassiosira spp.,140
6890,2013,Jun,10,10/06/2013,,16.38339,119.91585,TS2,,1,Diatom,Thalassiosira spp.,D-Thalassiosira spp.,80
6891,2013,Jun,10,10/06/2013,,16.38339,119.91585,TS2,,Mid,Silicoflagellate,Tintinopsis,SF-Tintinopsis,40
6892,2013,Jun,10,10/06/2013,,16.38339,119.91585,TS2,,NB,Silicoflagellate,Tintinopsis,SF-Tintinopsis,80
6893,2013,Jun,10,10/06/2013,,16.34927,119.94606,W1,,1,Dinoflagellate,Alexandrium spp.,DF-Alexandrium spp.,20
6894,2013,Jun,10,10/06/2013,,16.34927,119.94606,W1,,1,Diatom,Coscinodiscus spp.,D-Coscinodiscus spp.,120
6895,2013,Jun,10,10/06/2013,,16.34927,119.94606,W1,,1,Dinoflagellate,Gonyaulax spinifera,DF-Gonyaulax spinifera,40
6896,2013,Jun,10,10/06/2013,,16.34927,119.94606,W1,,1,Dinoflagellate,Karenia  mikimotoi,DF-Karenia  mikimotoi,20
6897,2013,Jun,10,10/06/2013,,16.34927,119.94606,W1,,1,Diatom,Navicula  spp.,D-Navicula  spp.,120
6898,2013,Jun,10,10/06/2013,,16.34927,119.94606,W1,,1,Dinoflagellate,Oxytoxum spp.,DF-Oxytoxum spp.,100
6899,2013,Jun,10,10/06/2013,,16.34927,119.94606,W1,,1,Diatom,Pleurosigma sp1,D-Pleurosigma sp. 1,300
6900,2013,Jun,10,10/06/2013,,16.34927,119.94606,W1,,1,Diatom,Pleurosigma spp.,D-Pleurosigma spp.,160
6901,2013,Jun,10,10/06/2013,,16.34927,119.94606,W1,,1,Diatom,Pleurosigma sp2,D-Pleurosigma sp. 2,60
6902,2013,Jun,10,10/06/2013,,16.34927,119.94606,W1,,1,Dinoflagellate,Prorocentrum micans,DF-Prorocentrum micans,400
6903,2013,Jun,10,10/06/2013,,16.34927,119.94606,W1,,1,Dinoflagellate,Prorocentrum minimum,DF-Prorocentrum minimum,603920
6904,2013,Jun,10,10/06/2013,,16.34927,119.94606,W1,,1,Dinoflagellate,Protoperidinium pellucidum,DF-Protoperidinium pellucidum,1040
6905,2013,Jun,10,10/06/2013,,16.34927,119.94606,W1,,1,Dinoflagellate,Protoperidinium pallidum,DF-Protoperidinium pallidum,1420
6906,2013,Jun,10,10/06/2013,,16.34927,119.94606,W1,,1,Dinoflagellate,Protoperidinium latispinum,DF-Protoperidinium latispinum,140
6907,2013,Jun,10,10/06/2013,,16.34927,119.94606,W1,,1,Dinoflagellate,Protoperdinium  pellucidum,DF-Protoperdinium  pellucidum,20
6908,2013,Jun,10,10/06/2013,,16.34927,119.94606,W1,,1,Diatom,Rhizosolenia sp1,D-Rhizosolenia sp. 1,3160
6909,2013,Jun,10,10/06/2013,,16.34927,119.94606,W1,,1,Dinoflagellate,Scrippsiella spinifera,DF-Scrippsiella spinifera,60
6910,2013,Jun,10,10/06/2013,,16.34927,119.94606,W1,,1,Raphidophyte,Chattonnella subsalsa,RD-Chattonnella subsalsa,2140
6911,2013,Jun,10,10/06/2013,,16.34927,119.94606,W1,,1,Diatom,Thalassiosira spp.,D-Thalassiosira spp.,200
6912,2013,Jun,10,10/06/2013,,16.37052,119.94857,W10,,1,Dinoflagellate,Ceratium furca,DF-Ceratium furca,80
6913,2013,Jun,10,10/06/2013,,16.37052,119.94857,W10,,1,Diatom,Coscinodiscus spp.,D-Coscinodiscus spp.,20
6914,2013,Jun,10,10/06/2013,,16.37052,119.94857,W10,,1,Dinoflagellate,Karenia  mikimotoi,DF-Karenia  mikimotoi,60
6915,2013,Jun,10,10/06/2013,,16.37052,119.94857,W10,,1,Dinoflagellate,Oxytoxum spp.,DF-Oxytoxum spp.,560
6916,2013,Jun,10,10/06/2013,,16.37052,119.94857,W10,,1,Diatom,Pleurosigma sp1,D-Pleurosigma sp. 1,400
6917,2013,Jun,10,10/06/2013,,16.37052,119.94857,W10,,1,Dinoflagellate,Phalacroma  spp.,DF-Phalacroma  spp.,60
6918,2013,Jun,10,10/06/2013,,16.37052,119.94857,W10,,1,Diatom,Pleurosigma sp2,D-Pleurosigma sp. 2,160
6919,2013,Jun,10,10/06/2013,,16.37052,119.94857,W10,,1,Dinoflagellate,Prorocentrum micans,DF-Prorocentrum micans,700
6920,2013,Jun,10,10/06/2013,,16.37052,119.94857,W10,,1,Dinoflagellate,Prorocentrum minimum,DF-Prorocentrum minimum,548600
6921,2013,Jun,10,10/06/2013,,16.37052,119.94857,W10,,1,Dinoflagellate,Protoperidinium pellucidum,DF-Protoperidinium pellucidum,2880
6922,2013,Jun,10,10/06/2013,,16.37052,119.94857,W10,,1,Dinoflagellate,Protoperidinium pallidum,DF-Protoperidinium pallidum,800
6923,2013,Jun,10,10/06/2013,,16.37052,119.94857,W10,,1,Diatom,Rhizosolenia sp1,D-Rhizosolenia sp. 1,2100
6924,2013,Jun,10,10/06/2013,,16.37052,119.94857,W10,,1,Raphidophyte,Chattonnella subsalsa,RD-Chattonnella subsalsa,1760
6925,2013,Jun,10,10/06/2013,,16.37052,119.94857,W10,,1,Diatom,Thalassiosira spp.,D-Thalassiosira spp.,160
6926,2013,Jun,10,10/06/2013,,16.38326,119.92616,W11,,1,Diatom,Biddulphia,D-Biddulphia,80
6927,2013,Jun,10,10/06/2013,,16.38326,119.92616,W11,,Mid,Diatom,Chaetoceros spp.,D-Chaetoceros spp.,320
6928,2013,Jun,10,10/06/2013,,16.38326,119.92616,W11,,1,Diatom,Coscinodiscus spp.,D-Coscinodiscus spp.,160
6929,2013,Jun,10,10/06/2013,,16.38326,119.92616,W11,,Mid,Diatom,Coscinodiscus spp.,D-Coscinodiscus spp.,40
6930,2013,Jun,10,10/06/2013,,16.38326,119.92616,W11,,1,Diatom,Cylindricotheca closterium,D-Cylindricotheca closterium,160
6931,2013,Jun,10,10/06/2013,,16.38326,119.92616,W11,,1,Diatom,Navicula  spp.,D-Navicula  spp.,80
6932,2013,Jun,10,10/06/2013,,16.38326,119.92616,W11,,NB,Silicoflagellate,Favella sp.,SF-Favella sp.,80
6933,2013,Jun,10,10/06/2013,,16.38326,119.92616,W11,,Mid,Diatom,Pleurosigma sp1,D-Pleurosigma sp. 1,40
6934,2013,Jun,10,10/06/2013,,16.38326,119.92616,W11,,NB,Diatom,Pleurosigma sp1,D-Pleurosigma sp. 1,80
6935,2013,Jun,10,10/06/2013,,16.38326,119.92616,W11,,1,Dinoflagellate,Prorocentrum micans,DF-Prorocentrum micans,80
6936,2013,Jun,10,10/06/2013,,16.38326,119.92616,W11,,Mid,Dinoflagellate,Prorocentrum micans,DF-Prorocentrum micans,120
6937,2013,Jun,10,10/06/2013,,16.38326,119.92616,W11,,NB,Dinoflagellate,Prorocentrum micans,DF-Prorocentrum micans,80
6938,2013,Jun,10,10/06/2013,,16.38326,119.92616,W11,,1,Dinoflagellate,Prorocentrum minimum,DF-Prorocentrum minimum,1040
6939,2013,Jun,10,10/06/2013,,16.38326,119.92616,W11,,Mid,Dinoflagellate,Prorocentrum minimum,DF-Prorocentrum minimum,5660
6940,2013,Jun,10,10/06/2013,,16.38326,119.92616,W11,,NB,Dinoflagellate,Prorocentrum minimum,DF-Prorocentrum minimum,1560
6941,2013,Jun,10,10/06/2013,,16.38326,119.92616,W11,,1,Dinoflagellate,Protoperidinium pellucidum,DF-Protoperidinium pellucidum,80
6942,2013,Jun,10,10/06/2013,,16.38326,119.92616,W11,,Mid,Dinoflagellate,Protoperidinium pellucidum,DF-Protoperidinium pellucidum,120
6943,2013,Jun,10,10/06/2013,,16.38326,119.92616,W11,,NB,Dinoflagellate,Protoperidinium pellucidum,DF-Protoperidinium pellucidum,80
6944,2013,Jun,10,10/06/2013,,16.38326,119.92616,W11,,1,Dinoflagellate,Protoperidinium latispinum,DF-Protoperidinium latispinum,80
6945,2013,Jun,10,10/06/2013,,16.38326,119.92616,W11,,1,Dinoflagellate,Protoperidinium conicum,DF-Protoperidinium conicum,80
6946,2013,Jun,10,10/06/2013,,16.38326,119.92616,W11,,1,Diatom,Rhizosolenia sp1,D-Rhizosolenia sp. 1,80
6947,2013,Jun,10,10/06/2013,,16.38326,119.92616,W11,,1,Raphidophyte,Chattonnella subsalsa,RD-Chattonnella subsalsa,320
6948,2013,Jun,10,10/06/2013,,16.38326,119.92616,W11,,NB,Raphidophyte,Chattonnella subsalsa,RD-Chattonnella subsalsa,100
6949,2013,Jun,10,10/06/2013,,16.38326,119.92616,W11,,1,Diatom,Thalassiosira spp.,D-Thalassiosira spp.,160
6950,2013,Jun,10,10/06/2013,,16.38326,119.92616,W11,,Mid,Diatom,Thalassiosira spp.,D-Thalassiosira spp.,200
6951,2013,Jun,10,10/06/2013,,16.38326,119.92616,W11,,NB,Diatom,Thalassiosira spp.,D-Thalassiosira spp.,640
6952,2013,Jun,10,10/06/2013,,16.33668,119.94476,W2A,,1,Diatom,Coscinodiscus spp.,D-Coscinodiscus spp.,120
6953,2013,Jun,10,10/06/2013,,16.33668,119.94476,W2A,,1,Diatom,Navicula  spp.,D-Navicula  spp.,240
6954,2013,Jun,10,10/06/2013,,16.33668,119.94476,W2A,,1,Dinoflagellate,Oxytoxum spp.,DF-Oxytoxum spp.,240
6955,2013,Jun,10,10/06/2013,,16.33668,119.94476,W2A,,1,Diatom,Pleurosigma sp1,D-Pleurosigma sp. 1,200
6956,2013,Jun,10,10/06/2013,,16.33668,119.94476,W2A,,1,Diatom,Pleurosigma spp.,D-Pleurosigma spp.,80
6957,2013,Jun,10,10/06/2013,,16.33668,119.94476,W2A,,1,Dinoflagellate,Prorocentrum micans,DF-Prorocentrum micans,320
6958,2013,Jun,10,10/06/2013,,16.33668,119.94476,W2A,,1,Dinoflagellate,Prorocentrum minimum,DF-Prorocentrum minimum,317520
6959,2013,Jun,10,10/06/2013,,16.33668,119.94476,W2A,,1,Dinoflagellate,Protoperidinium pellucidum,DF-Protoperidinium pellucidum,360
6960,2013,Jun,10,10/06/2013,,16.33668,119.94476,W2A,,1,Dinoflagellate,Protoperidinium pallidum,DF-Protoperidinium pallidum,40
6961,2013,Jun,10,10/06/2013,,16.33668,119.94476,W2A,,1,Diatom,Pseudonitzschia spp.,D-Pseudonitzschia spp.,60
6962,2013,Jun,10,10/06/2013,,16.33668,119.94476,W2A,,1,Diatom,Rhizosolenia sp1,D-Rhizosolenia sp. 1,1780
6963,2013,Jun,10,10/06/2013,,16.33668,119.94476,W2A,,1,Dinoflagellate,Scrippsiella spinifera,DF-Scrippsiella spinifera,200
6964,2013,Jun,10,10/06/2013,,16.33668,119.94476,W2A,,1,Raphidophyte,Chattonnella subsalsa,RD-Chattonnella subsalsa,440
6965,2013,Jun,10,10/06/2013,,16.33668,119.94476,W2A,,1,Diatom,Thalassiosira spp.,D-Thalassiosira spp.,520
6966,2013,Jun,10,10/06/2013,,16.33668,119.94476,W2A,,1,Silicoflagellate,Tintinopsis,SF-Tintinopsis,640
6967,2013,Jun,10,10/06/2013,,16.37073,119.93401,W3,,NB,Diatom,Bacteriastrum spp.,D-Bacteriastrum spp.,220
6968,2013,Jun,10,10/06/2013,,16.37073,119.93401,W3,,1,Dinoflagellate,Ceratium furca,DF-Ceratium furca,20
6969,2013,Jun,10,10/06/2013,,16.37073,119.93401,W3,,Mid,Dinoflagellate,Ceratium furca,DF-Ceratium furca,200
6970,2013,Jun,10,10/06/2013,,16.37073,119.93401,W3,,1,Dinoflagellate,Ceratium fusus,DF-Ceratium fusus,20
6971,2013,Jun,10,10/06/2013,,16.37073,119.93401,W3,,1,Diatom,Coscinodiscus spp.,D-Coscinodiscus spp.,40
6972,2013,Jun,10,10/06/2013,,16.37073,119.93401,W3,,Mid,Diatom,Coscinodiscus spp.,D-Coscinodiscus spp.,40
6973,2013,Jun,10,10/06/2013,,16.37073,119.93401,W3,,1,Diatom,Cylindricotheca closterium,D-Cylindricotheca closterium,20
6974,2013,Jun,10,10/06/2013,,16.37073,119.93401,W3,,Mid,Dinoflagellate,Gonyaulax spinifera,DF-Gonyaulax spinifera,80
6975,2013,Jun,10,10/06/2013,,16.37073,119.93401,W3,,1,Diatom,Guinardia,D-Guinardia,100
6976,2013,Jun,10,10/06/2013,,16.37073,119.93401,W3,,NB,Dinoflagellate,Karenia  mikimotoi,DF-Karenia  mikimotoi,80
6977,2013,Jun,10,10/06/2013,,16.37073,119.93401,W3,,1,Diatom,Navicula  spp.,D-Navicula  spp.,20
6978,2013,Jun,10,10/06/2013,,16.37073,119.93401,W3,,1,Dinoflagellate,Oxytoxum spp.,DF-Oxytoxum spp.,20
6979,2013,Jun,10,10/06/2013,,16.37073,119.93401,W3,,1,Silicoflagellate,Favella sp.,SF-Favella sp.,20
6980,2013,Jun,10,10/06/2013,,16.37073,119.93401,W3,,1,Diatom,Pleurosigma sp1,D-Pleurosigma sp. 1,140
6981,2013,Jun,10,10/06/2013,,16.37073,119.93401,W3,,Mid,Diatom,Pleurosigma sp1,D-Pleurosigma sp. 1,480
6982,2013,Jun,10,10/06/2013,,16.37073,119.93401,W3,,NB,Diatom,Pleurosigma sp1,D-Pleurosigma sp. 1,440
6983,2013,Jun,10,10/06/2013,,16.37073,119.93401,W3,,NB,Diatom,Pleurosigma sp2,D-Pleurosigma sp. 2,40
6984,2013,Jun,10,10/06/2013,,16.37073,119.93401,W3,,1,Dinoflagellate,Prorocentrum micans,DF-Prorocentrum micans,220
6985,2013,Jun,10,10/06/2013,,16.37073,119.93401,W3,,NB,Dinoflagellate,Prorocentrum micans,DF-Prorocentrum micans,120
6986,2013,Jun,10,10/06/2013,,16.37073,119.93401,W3,,1,Dinoflagellate,Prorocentrum minimum,DF-Prorocentrum minimum,56960
6987,2013,Jun,10,10/06/2013,,16.37073,119.93401,W3,,Mid,Dinoflagellate,Prorocentrum minimum,DF-Prorocentrum minimum,25080
6988,2013,Jun,10,10/06/2013,,16.37073,119.93401,W3,,NB,Dinoflagellate,Prorocentrum minimum,DF-Prorocentrum minimum,32320
6989,2013,Jun,10,10/06/2013,,16.37073,119.93401,W3,,1,Dinoflagellate,Protoperidinium pellucidum,DF-Protoperidinium pellucidum,280
6990,2013,Jun,10,10/06/2013,,16.37073,119.93401,W3,,Mid,Dinoflagellate,Protoperidinium pellucidum,DF-Protoperidinium pellucidum,120
6991,2013,Jun,10,10/06/2013,,16.37073,119.93401,W3,,NB,Dinoflagellate,Protoperidinium pellucidum,DF-Protoperidinium pellucidum,160
6992,2013,Jun,10,10/06/2013,,16.37073,119.93401,W3,,NB,Dinoflagellate,Protoperidinium pallidum,DF-Protoperidinium pallidum,80
6993,2013,Jun,10,10/06/2013,,16.37073,119.93401,W3,,NB,Dinoflagellate,Protoperdinium  pellucidum,DF-Protoperdinium  pellucidum,80
6994,2013,Jun,10,10/06/2013,,16.37073,119.93401,W3,,1,Diatom,Pseudonitzschia spp.,D-Pseudonitzschia spp.,20
6995,2013,Jun,10,10/06/2013,,16.37073,119.93401,W3,,1,Diatom,Rhizosolenia sp1,D-Rhizosolenia sp. 1,240
6996,2013,Jun,10,10/06/2013,,16.37073,119.93401,W3,,Mid,Diatom,Rhizosolenia sp1,D-Rhizosolenia sp. 1,40
6997,2013,Jun,10,10/06/2013,,16.37073,119.93401,W3,,NB,Diatom,Rhizosolenia sp1,D-Rhizosolenia sp. 1,480
6998,2013,Jun,10,10/06/2013,,16.37073,119.93401,W3,,Mid,Dinoflagellate,Scrippsiella spinifera,DF-Scrippsiella spinifera,40
6999,2013,Jun,10,10/06/2013,,16.37073,119.93401,W3,,1,Raphidophyte,Chattonnella subsalsa,RD-Chattonnella subsalsa,760
7000,2013,Jun,10,10/06/2013,,16.37073,119.93401,W3,,Mid,Raphidophyte,Chattonnella subsalsa,RD-Chattonnella subsalsa,420
7001,2013,Jun,10,10/06/2013,,16.37073,119.93401,W3,,NB,Raphidophyte,Chattonnella subsalsa,RD-Chattonnella subsalsa,820
7002,2013,Jun,10,10/06/2013,,16.37073,119.93401,W3,,1,Diatom,Thalassiosira spp.,D-Thalassiosira spp.,80
7003,2013,Jun,10,10/06/2013,,16.37073,119.93401,W3,,Mid,Diatom,Thalassiosira spp.,D-Thalassiosira spp.,80
7004,2013,Jun,10,10/06/2013,,16.37073,119.93401,W3,,NB,Diatom,Thalassiosira spp.,D-Thalassiosira spp.,460
7005,2013,Jun,10,10/06/2013,,16.37073,119.93401,W3,,NB,Silicoflagellate,Tintinopsis,SF-Tintinopsis,80
7006,2013,Jun,10,10/06/2013,,16.32003,119.93384,W8,,1,Dinoflagellate,Alexandrium spp.,DF-Alexandrium spp.,20
7007,2013,Jun,10,10/06/2013,,16.32003,119.93384,W8,,1,Diatom,Coscinodiscus spp.,D-Coscinodiscus spp.,140
7008,2013,Jun,10,10/06/2013,,16.32003,119.93384,W8,,1,Dinoflagellate,Gonyaulax spinifera,DF-Gonyaulax spinifera,40
7009,2013,Jun,10,10/06/2013,,16.32003,119.93384,W8,,1,Dinoflagellate,Gyrodinium,DF-Gyrodinium,60
7010,2013,Jun,10,10/06/2013,,16.32003,119.93384,W8,,1,Diatom,Navicula  spp.,D-Navicula  spp.,80
7011,2013,Jun,10,10/06/2013,,16.32003,119.93384,W8,,1,Dinoflagellate,Oxytoxum spp.,DF-Oxytoxum spp.,260
7012,2013,Jun,10,10/06/2013,,16.32003,119.93384,W8,,1,Silicoflagellate,Favella sp.,SF-Favella sp.,40
7013,2013,Jun,10,10/06/2013,,16.32003,119.93384,W8,,1,Diatom,Pleurosigma sp1,D-Pleurosigma sp. 1,180
7014,2013,Jun,10,10/06/2013,,16.32003,119.93384,W8,,1,Diatom,Pleurosigma spp.,D-Pleurosigma spp.,20
7015,2013,Jun,10,10/06/2013,,16.32003,119.93384,W8,,1,Dinoflagellate,Prorocentrum micans,DF-Prorocentrum micans,1000
7016,2013,Jun,10,10/06/2013,,16.32003,119.93384,W8,,1,Dinoflagellate,Prorocentrum minimum,DF-Prorocentrum minimum,1113820
7017,2013,Jun,10,10/06/2013,,16.32003,119.93384,W8,,1,Dinoflagellate,Protoperidinium pellucidum,DF-Protoperidinium pellucidum,600
7018,2013,Jun,10,10/06/2013,,16.32003,119.93384,W8,,1,Dinoflagellate,Protoperidinium latispinum,DF-Protoperidinium latispinum,20
7019,2013,Jun,10,10/06/2013,,16.32003,119.93384,W8,,1,Dinoflagellate,Protoperdinium  pellucidum,DF-Protoperdinium  pellucidum,20
7020,2013,Jun,10,10/06/2013,,16.32003,119.93384,W8,,1,Diatom,Pseudonitzschia spp.,D-Pseudonitzschia spp.,40
7021,2013,Jun,10,10/06/2013,,16.32003,119.93384,W8,,1,Diatom,Rhizosolenia sp1,D-Rhizosolenia sp. 1,860
7022,2013,Jun,10,10/06/2013,,16.32003,119.93384,W8,,1,Dinoflagellate,Scrippsiella spinifera,DF-Scrippsiella spinifera,80
7023,2013,Jun,10,10/06/2013,,16.32003,119.93384,W8,,1,Dinoflagellate,Scrippsiella spinifera,DF-Scrippsiella spinifera,80
7024,2013,Jun,10,10/06/2013,,16.32003,119.93384,W8,,1,Diatom,Skeletonema,D-Skeletonema,220
7025,2013,Jun,10,10/06/2013,,16.32003,119.93384,W8,,1,Raphidophyte,Chattonnella subsalsa,RD-Chattonnella subsalsa,540
7026,2013,Jun,10,10/06/2013,,16.32003,119.93384,W8,,1,Diatom,Thalassiosira spp.,D-Thalassiosira spp.,420
7027,2013,Jun,10,10/06/2013,,16.32003,119.93384,W8,,1,Silicoflagellate,Tintinopsis,SF-Tintinopsis,1340
7028,2013,Jun,10,10/06/2013,,16.32003,119.93384,W8,,1,Raphidophyte,Chattonnella subsalsa,RD-Chattonnella subsalsa,20
7029,2013,Jun,10,10/06/2013,,16.34775,119.93452,W9,,1,Dinoflagellate,Ceratium furca,DF-Ceratium furca,60
7030,2013,Jun,10,10/06/2013,,16.34775,119.93452,W9,,1,Diatom,Pleurosigma sp1,D-Pleurosigma sp. 1,240
7031,2013,Jun,10,10/06/2013,,16.34775,119.93452,W9,,1,Dinoflagellate,Phalacroma  spp.,DF-Phalacroma  spp.,60
7032,2013,Jun,10,10/06/2013,,16.34775,119.93452,W9,,1,Dinoflagellate,Prorocentrum micans,DF-Prorocentrum micans,60
7033,2013,Jun,10,10/06/2013,,16.34775,119.93452,W9,,1,Dinoflagellate,Prorocentrum minimum,DF-Prorocentrum minimum,186020
7034,2013,Jun,10,10/06/2013,,16.34775,119.93452,W9,,1,Dinoflagellate,Protoperidinium pellucidum,DF-Protoperidinium pellucidum,140
7035,2013,Jun,10,10/06/2013,,16.34775,119.93452,W9,,1,Dinoflagellate,Protoperdinium  pellucidum,DF-Protoperdinium  pellucidum,160
7036,2013,Jun,10,10/06/2013,,16.34775,119.93452,W9,,1,Diatom,Rhizosolenia sp1,D-Rhizosolenia sp. 1,720
7037,2013,Jun,10,10/06/2013,,16.34775,119.93452,W9,,1,Raphidophyte,Chattonnella subsalsa,RD-Chattonnella subsalsa,1520
7038,2013,Jun,10,10/06/2013,,16.34775,119.93452,W9,,1,Diatom,Thalassiosira spp.,D-Thalassiosira spp.,160
7039,2013,Jun,10,10/06/2013,,16.34775,119.93452,W9,,1,Silicoflagellate,Tintinopsis,SF-Tintinopsis,320
7040,2013,Jun,10,10/06/2013,,16.34775,119.93452,W9,,1,Raphidophyte,Chattonnella subsalsa,RD-Chattonnella subsalsa,80
7041,2013,Jun,13,13/06/2013,,16.28459,119.92285,A4,,1,Diatom,Coscinodiscus spp.,D-Coscinodiscus spp.,2160
7042,2013,Jun,13,13/06/2013,,16.28459,119.92285,A4,,1,Diatom,Navicula  spp.,D-Navicula  spp.,80
7043,2013,Jun,13,13/06/2013,,16.28459,119.92285,A4,,1,Silicoflagellate,Favella sp.,SF-Favella sp.,160
7044,2013,Jun,13,13/06/2013,,16.28459,119.92285,A4,,1,Diatom,Pleurosigma sp1,D-Pleurosigma sp. 1,240
7045,2013,Jun,13,13/06/2013,,16.28459,119.92285,A4,,1,Diatom,Pleurosigma spp.,D-Pleurosigma spp.,80
7046,2013,Jun,13,13/06/2013,,16.28459,119.92285,A4,,1,Dinoflagellate,Prorocentrum micans,DF-Prorocentrum micans,320
7047,2013,Jun,13,13/06/2013,,16.28459,119.92285,A4,,1,Dinoflagellate,Prorocentrum minimum,DF-Prorocentrum minimum,276160
7048,2013,Jun,13,13/06/2013,,16.28459,119.92285,A4,,1,Dinoflagellate,Protoperidinium pellucidum,DF-Protoperidinium pellucidum,160
7049,2013,Jun,13,13/06/2013,,16.28459,119.92285,A4,,1,Dinoflagellate,Prototoperidnium pallidum,DF-Prototoperidnium pallidum,80
7050,2013,Jun,13,13/06/2013,,16.28459,119.92285,A4,,1,Diatom,Rhizosolenia sp1,D-Rhizosolenia sp. 1,18960
7051,2013,Jun,13,13/06/2013,,16.28459,119.92285,A4,,1,Diatom,Thalassiosira spp.,D-Thalassiosira spp.,1120
7052,2013,Jun,13,13/06/2013,,16.28459,119.92285,A4,,1,Silicoflagellate,Tintinopsis,SF-Tintinopsis,1040
7053,2013,Jun,13,13/06/2013,,16.3743,119.93198,PP,,NB,Diatom,Coscinodiscus spp.,D-Coscinodiscus spp.,240
7054,2013,Jun,13,13/06/2013,,16.3743,119.93198,PP,,NB,Silicoflagellate,Favella sp.,SF-Favella sp.,80
7055,2013,Jun,13,13/06/2013,,16.3743,119.93198,PP,,NB,Diatom,Pleurosigma sp1,D-Pleurosigma sp. 1,240
7056,2013,Jun,13,13/06/2013,,16.3743,119.93198,PP,,NB,Diatom,Pleurosigma spp.,D-Pleurosigma spp.,80
7057,2013,Jun,13,13/06/2013,,16.3743,119.93198,PP,,NB,Dinoflagellate,Prorocentrum minimum,DF-Prorocentrum minimum,32000
7058,2013,Jun,13,13/06/2013,,16.39578,119.90667,RVA3,,NB,Diatom,Ephemera,D-Ephemera,80
7059,2013,Jun,13,13/06/2013,,16.39578,119.90667,RVA3,,NB,Diatom,Navicula  spp.,D-Navicula  spp.,80
7060,2013,Jun,13,13/06/2013,,16.39578,119.90667,RVA3,,NB,Diatom,Pleurosigma sp1,D-Pleurosigma sp. 1,160
7061,2013,Jun,13,13/06/2013,,16.39578,119.90667,RVA3,,NB,Diatom,Pleurosigma spp.,D-Pleurosigma spp.,1200
7062,2013,Jun,13,13/06/2013,,16.39578,119.90667,RVA3,,NB,Dinoflagellate,Prorocentrum minimum,DF-Prorocentrum minimum,220
7063,2013,Jun,13,13/06/2013,,16.39578,119.90667,RVA3,,NB,Diatom,Thalassiosira spp.,D-Thalassiosira spp.,80
7064,2013,Jun,13,13/06/2013,,16.32003,119.93384,W8,,1,Diatom,Coscinodiscus spp.,D-Coscinodiscus spp.,80
7065,2013,Jun,13,13/06/2013,,16.32003,119.93384,W8,,1,Dinoflagellate,Gyrodinium,DF-Gyrodinium,80
7066,2013,Jun,13,13/06/2013,,16.32003,119.93384,W8,,1,Diatom,Navicula  spp.,D-Navicula  spp.,160
7067,2013,Jun,13,13/06/2013,,16.32003,119.93384,W8,,1,Dinoflagellate,Oxytoxum spp.,DF-Oxytoxum spp.,80
7068,2013,Jun,13,13/06/2013,,16.32003,119.93384,W8,,1,Silicoflagellate,Favella sp.,SF-Favella sp.,80
7069,2013,Jun,13,13/06/2013,,16.32003,119.93384,W8,,1,Diatom,Pleurosigma sp1,D-Pleurosigma sp. 1,400
7070,2013,Jun,13,13/06/2013,,16.32003,119.93384,W8,,1,Diatom,Pleurosigma spp.,D-Pleurosigma spp.,80
7071,2013,Jun,13,13/06/2013,,16.32003,119.93384,W8,,1,Dinoflagellate,Prorocentrum micans,DF-Prorocentrum micans,1360
7072,2013,Jun,13,13/06/2013,,16.32003,119.93384,W8,,1,Dinoflagellate,Prorocentrum minimum,DF-Prorocentrum minimum,1204440
7073,2013,Jun,13,13/06/2013,,16.32003,119.93384,W8,,1,Dinoflagellate,Protoperidinium pellucidum,DF-Protoperidinium pellucidum,80
7074,2013,Jun,13,13/06/2013,,16.32003,119.93384,W8,,1,Dinoflagellate,Prototoperidnium pallidum,DF-Prototoperidnium pallidum,80
7075,2013,Jun,13,13/06/2013,,16.32003,119.93384,W8,,1,Diatom,Rhizosolenia sp1,D-Rhizosolenia sp. 1,160
7076,2013,Jun,13,13/06/2013,,16.32003,119.93384,W8,,1,Dinoflagellate,Scrippsiella spinifera,DF-Scrippsiella spinifera,80
7077,2013,Jun,13,13/06/2013,,16.32003,119.93384,W8,,1,Raphidophyte,Chattonnella subsalsa,RD-Chattonnella subsalsa,400
7078,2013,Jun,13,13/06/2013,,16.32003,119.93384,W8,,1,Diatom,Thalassiosira spp.,D-Thalassiosira spp.,720
7079,2013,Jun,13,13/06/2013,,16.32003,119.93384,W8,,1,Silicoflagellate,Tintinopsis,SF-Tintinopsis,240
7080,2013,Jun,13,13/06/2013,,16.37052,119.94857,W10,,1,Diatom,Coscinodiscus spp.,D-Coscinodiscus spp.,80
7081,2013,Jun,13,13/06/2013,,16.37052,119.94857,W10,,1,Dinoflagellate,Gonyaulax spinifera,DF-Gonyaulax spinifera,160
7082,2013,Jun,13,13/06/2013,,16.37052,119.94857,W10,,1,Dinoflagellate,Karenia  mikimotoi,DF-Karenia  mikimotoi,80
7083,2013,Jun,13,13/06/2013,,16.37052,119.94857,W10,,1,Dinoflagellate,Oxytoxum spp.,DF-Oxytoxum spp.,160
7084,2013,Jun,13,13/06/2013,,16.37052,119.94857,W10,,1,Silicoflagellate,Favella sp.,SF-Favella sp.,80
7085,2013,Jun,13,13/06/2013,,16.37052,119.94857,W10,,1,Diatom,Pleurosigma sp1,D-Pleurosigma sp. 1,240
7086,2013,Jun,13,13/06/2013,,16.37052,119.94857,W10,,1,Dinoflagellate,Prorocentrum micans,DF-Prorocentrum micans,1120
7087,2013,Jun,13,13/06/2013,,16.37052,119.94857,W10,,1,Dinoflagellate,Prorocentrum minimum,DF-Prorocentrum minimum,1450420
7088,2013,Jun,13,13/06/2013,,16.37052,119.94857,W10,,1,Dinoflagellate,Protoperidinium pellucidum,DF-Protoperidinium pellucidum,160
7089,2013,Jun,13,13/06/2013,,16.37052,119.94857,W10,,1,Diatom,Rhizosolenia sp1,D-Rhizosolenia sp. 1,80
7090,2013,Jun,13,13/06/2013,,16.37052,119.94857,W10,,1,Dinoflagellate,Scrippsiella spinifera,DF-Scrippsiella spinifera,160
7091,2013,Jun,13,13/06/2013,,16.37052,119.94857,W10,,1,Raphidophyte,Chattonnella subsalsa,RD-Chattonnella subsalsa,3280
7092,2013,Jun,13,13/06/2013,,16.37052,119.94857,W10,,1,Diatom,Thalassiosira spp.,D-Thalassiosira spp.,320
7093,2013,Jun,13,13/06/2013,,16.37052,119.94857,W10,,1,Raphidophyte,Chattonnella subsalsa,RD-Chattonnella subsalsa,160
7094,2013,Jun,13,13/06/2013,,16.38326,119.92616,W11,,1,Diatom,Pleurosigma sp1,D-Pleurosigma sp. 1,640
7095,2013,Jun,13,13/06/2013,,16.38326,119.92616,W11,,1,Dinoflagellate,Prorocentrum micans,DF-Prorocentrum micans,400
7096,2013,Jun,13,13/06/2013,,16.38326,119.92616,W11,,1,Dinoflagellate,Prorocentrum minimum,DF-Prorocentrum minimum,222400
7097,2013,Jun,13,13/06/2013,,16.38326,119.92616,W11,,1,Diatom,Rhizosolenia sp1,D-Rhizosolenia sp. 1,1520
7098,2013,Jun,13,13/06/2013,,16.38326,119.92616,W11,,1,Dinoflagellate,Scrippsiella spinifera,DF-Scrippsiella spinifera,80
7099,2013,Jun,13,13/06/2013,,16.38326,119.92616,W11,,1,Diatom,Thalassiosira spp.,D-Thalassiosira spp.,80
7100,2013,Jun,13,13/06/2013,,16.38326,119.92616,W11,,1,Raphidophyte,Chattonnella subsalsa,RD-Chattonnella subsalsa,160
7101,2013,Jun,13,13/06/2013,,16.34775,119.93452,A2,,1,Diatom,Navicula  spp.,D-Navicula  spp.,880
7102,2013,Jun,13,13/06/2013,,16.34775,119.93452,A2,,1,Raphidophyte,Chattonnella subsalsa,RD-Chattonnella subsalsa,320
7103,2013,Jun,13,13/06/2013,,16.34775,119.93452,A2,,1,Diatom,Thalassiosira spp.,D-Thalassiosira spp.,960
7104,2013,Jun,13,13/06/2013,,16.34775,119.93452,A2,,1,Diatom,Pleurosigma sp1,D-Pleurosigma sp. 1,80
7105,2013,Jun,13,13/06/2013,,16.34775,119.93452,A2,,1,Diatom,Rhizosolenia sp1,D-Rhizosolenia sp. 1,9440
7106,2013,Jun,13,13/06/2013,,16.34775,119.93452,A2,,1,Silicoflagellate,Favella sp.,SF-Favella sp.,160
7107,2013,Jun,13,13/06/2013,,16.34775,119.93452,A2,,1,Dinoflagellate,Oxytoxum spp.,DF-Oxytoxum spp.,240
7108,2013,Jun,13,13/06/2013,,16.34775,119.93452,A2,,1,Silicoflagellate,Tintinopsis,SF-Tintinopsis,3440
7109,2013,Jun,13,13/06/2013,,16.34775,119.93452,A2,,1,Diatom,Coscinodiscus spp.,D-Coscinodiscus spp.,400
7110,2013,Jun,13,13/06/2013,,16.34775,119.93452,A2,,1,Dinoflagellate,Prorocentrum minimum,DF-Prorocentrum minimum,455220
7111,2013,Jun,13,13/06/2013,,16.34775,119.93452,A2,,1,Dinoflagellate,Prorocentrum micans,DF-Prorocentrum micans,1120
7112,2013,Jun,13,13/06/2013,,16.34775,119.93452,A2,,1,Diatom,Pleurosigma spp.,D-Pleurosigma spp.,80
7113,2013,Jun,13,13/06/2013,,16.27365,119.92599,A5,,1,Raphidophyte,Chattonnella subsalsa,RD-Chattonnella subsalsa,80
7114,2013,Jun,13,13/06/2013,,16.27365,119.92599,A5,,1,Silicoflagellate,Tintinopsis,SF-Tintinopsis,240
7115,2013,Jun,13,13/06/2013,,16.27365,119.92599,A5,,1,Diatom,Navicula  spp.,D-Navicula  spp.,160
7116,2013,Jun,13,13/06/2013,,16.27365,119.92599,A5,,1,Diatom,Rhizosolenia sp1,D-Rhizosolenia sp. 1,5920
7117,2013,Jun,13,13/06/2013,,16.27365,119.92599,A5,,1,Diatom,Pleurosigma spp.,D-Pleurosigma spp.,80
7118,2013,Jun,13,13/06/2013,,16.27365,119.92599,A5,,1,Dinoflagellate,Prorocentrum minimum,DF-Prorocentrum minimum,17980
7119,2013,Jun,13,13/06/2013,,16.27365,119.92599,A5,,1,Dinoflagellate,Prorocentrum micans,DF-Prorocentrum micans,320
7120,2013,Jun,13,13/06/2013,,16.27365,119.92599,A5,,1,Diatom,Thalassiosira spp.,D-Thalassiosira spp.,3280
7121,2013,Jun,13,13/06/2013,,16.27365,119.92599,A5,,1,Dinoflagellate,Protoperidinium pellucidum,DF-Protoperidinium pellucidum,80
7122,2013,Jun,13,13/06/2013,,16.27365,119.92599,A5,,1,Dinoflagellate,Protoperdinium  pellucidum,DF-Protoperdinium  pellucidum,80
7123,2013,Jun,13,13/06/2013,,16.3743,119.93198,PP,,1,Raphidophyte,Chattonnella subsalsa,RD-Chattonnella subsalsa,880
7124,2013,Jun,13,13/06/2013,,16.3743,119.93198,PP,,1,Dinoflagellate,Protoperidinium pallidum,DF-Protoperidinium pallidum,80
7125,2013,Jun,13,13/06/2013,,16.3743,119.93198,PP,,1,Silicoflagellate,Tintinopsis,SF-Tintinopsis,160
7126,2013,Jun,13,13/06/2013,,16.3743,119.93198,PP,,1,Diatom,Rhizosolenia sp1,D-Rhizosolenia sp. 1,880
7127,2013,Jun,13,13/06/2013,,16.3743,119.93198,PP,,1,Diatom,Pleurosigma sp1,D-Pleurosigma sp. 1,320
7128,2013,Jun,13,13/06/2013,,16.3743,119.93198,PP,,1,Dinoflagellate,Prorocentrum minimum,DF-Prorocentrum minimum,812780
7129,2013,Jun,13,13/06/2013,,16.3743,119.93198,PP,,1,Dinoflagellate,Prorocentrum micans,DF-Prorocentrum micans,400
7130,2013,Jun,13,13/06/2013,,16.3743,119.93198,PP,,1,Dinoflagellate,Ceratium furca,DF-Ceratium furca,80
7131,2013,Jun,13,13/06/2013,,16.3743,119.93198,PP,,1,Dinoflagellate,Scrippsiella spinifera,DF-Scrippsiella spinifera,320
7132,2013,Jun,13,13/06/2013,,16.3743,119.93198,PP,,1,Dinoflagellate,Protoperidinium pellucidum,DF-Protoperidinium pellucidum,240
7133,2013,Jun,13,13/06/2013,,16.3743,119.93198,PP,,1,Dinoflagellate,Protoperdinium  pellucidum,DF-Protoperdinium  pellucidum,80
7134,2013,Jun,13,13/06/2013,,16.39578,119.90667,RVA3,,1,Diatom,Rhizosolenia sp2,D-Rhizosolenia sp. 2,80
7135,2013,Jun,13,13/06/2013,,16.39578,119.90667,RVA3,,1,Diatom,Thalassiosira spp.,D-Thalassiosira spp.,160
7136,2013,Jun,13,13/06/2013,,16.39578,119.90667,RVA3,,1,Diatom,Pleurosigma sp1,D-Pleurosigma sp. 1,160
7137,2013,Jun,13,13/06/2013,,16.39578,119.90667,RVA3,,1,Diatom,Rhizosolenia sp1,D-Rhizosolenia sp. 1,160
7138,2013,Jun,13,13/06/2013,,16.39578,119.90667,RVA3,,1,Dinoflagellate,Prorocentrum minimum,DF-Prorocentrum minimum,14400
7139,2013,Jun,13,13/06/2013,,16.39578,119.90667,RVA3,,1,Dinoflagellate,Prorocentrum micans,DF-Prorocentrum micans,80
7140,2013,Jun,13,13/06/2013,,16.39578,119.90667,RVA3,,1,Dinoflagellate,Protoperidinium pellucidum,DF-Protoperidinium pellucidum,80
7141,2013,Jun,13,13/06/2013,,16.30944,119.92063,TS1,,NB,Diatom,Navicula  spp.,D-Navicula  spp.,1760
7142,2013,Jun,13,13/06/2013,,16.30944,119.92063,TS1,,NB,Diatom,Pseudonitzschia spp.,D-Pseudonitzschia spp.,160
7143,2013,Jun,13,13/06/2013,,16.30944,119.92063,TS1,,NB,Diatom,Thalassiosira spp.,D-Thalassiosira spp.,3840
7144,2013,Jun,13,13/06/2013,,16.30944,119.92063,TS1,,NB,Diatom,Pleurosigma sp1,D-Pleurosigma sp. 1,80
7145,2013,Jun,13,13/06/2013,,16.30944,119.92063,TS1,,NB,Diatom,Rhizosolenia sp1,D-Rhizosolenia sp. 1,23040
7146,2013,Jun,13,13/06/2013,,16.30944,119.92063,TS1,,NB,Silicoflagellate,Favella sp.,SF-Favella sp.,160
7147,2013,Jun,13,13/06/2013,,16.30944,119.92063,TS1,,NB,Dinoflagellate,Oxytoxum spp.,DF-Oxytoxum spp.,160
7148,2013,Jun,13,13/06/2013,,16.30944,119.92063,TS1,,NB,Silicoflagellate,Tintinopsis,SF-Tintinopsis,880
7149,2013,Jun,13,13/06/2013,,16.30944,119.92063,TS1,,NB,Diatom,Coscinodiscus spp.,D-Coscinodiscus spp.,160
7150,2013,Jun,13,13/06/2013,,16.30944,119.92063,TS1,,NB,Dinoflagellate,Ceratium furca,DF-Ceratium furca,80
7151,2013,Jun,13,13/06/2013,,16.30944,119.92063,TS1,,NB,Dinoflagellate,Prorocentrum minimum,DF-Prorocentrum minimum,220180
7152,2013,Jun,13,13/06/2013,,16.30944,119.92063,TS1,,NB,Dinoflagellate,Prorocentrum micans,DF-Prorocentrum micans,480
7153,2013,Jun,13,13/06/2013,,16.30944,119.92063,TS1,,NB,Diatom,Pleurosigma spp.,D-Pleurosigma spp.,480
7154,2013,Jun,13,13/06/2013,,16.38339,119.91585,TS2,,Mid,Diatom,Rhizosolenia sp1,D-Rhizosolenia sp. 1,160
7155,2013,Jun,13,13/06/2013,,16.38339,119.91585,TS2,,Mid,Diatom,Pleurosigma sp1,D-Pleurosigma sp. 1,80
7156,2013,Jun,13,13/06/2013,,16.38339,119.91585,TS2,,Mid,Dinoflagellate,Phalacroma  spp.,DF-Phalacroma  spp.,80
7157,2013,Jun,13,13/06/2013,,16.38339,119.91585,TS2,,Mid,Dinoflagellate,Prorocentrum minimum,DF-Prorocentrum minimum,1560
7158,2013,Jun,13,13/06/2013,,16.38339,119.91585,TS2,,Mid,Diatom,Thalassiosira spp.,D-Thalassiosira spp.,80
7159,2013,Jun,13,13/06/2013,,16.38339,119.91585,TS2,,Mid,Dinoflagellate,Protoperdinium  pellucidum,DF-Protoperdinium  pellucidum,80
7160,2013,Jun,13,13/06/2013,,16.38339,119.91585,TS2,,1,Raphidophyte,Chattonnella subsalsa,RD-Chattonnella subsalsa,80
7161,2013,Jun,13,13/06/2013,,16.38339,119.91585,TS2,,1,Diatom,Navicula  spp.,D-Navicula  spp.,160
7162,2013,Jun,13,13/06/2013,,16.38339,119.91585,TS2,,1,Diatom,Rhizosolenia sp1,D-Rhizosolenia sp. 1,1360
7163,2013,Jun,13,13/06/2013,,16.38339,119.91585,TS2,,1,Diatom,Pleurosigma sp1,D-Pleurosigma sp. 1,160
7164,2013,Jun,13,13/06/2013,,16.38339,119.91585,TS2,,1,Dinoflagellate,Prorocentrum minimum,DF-Prorocentrum minimum,168180
7165,2013,Jun,13,13/06/2013,,16.38339,119.91585,TS2,,1,Dinoflagellate,Prorocentrum micans,DF-Prorocentrum micans,240
7166,2013,Jun,13,13/06/2013,,16.38339,119.91585,TS2,,1,Dinoflagellate,Ceratium furca,DF-Ceratium furca,80
7167,2013,Jun,13,13/06/2013,,16.38339,119.91585,TS2,,1,Diatom,Thalassiosira spp.,D-Thalassiosira spp.,80
7168,2013,Jun,13,13/06/2013,,16.38339,119.91585,TS2,,1,Dinoflagellate,Protoperidinium pellucidum,DF-Protoperidinium pellucidum,240
7169,2013,Jun,13,13/06/2013,,16.38339,119.91585,TS2,,1,Dinoflagellate,Protoperdinium  pellucidum,DF-Protoperdinium  pellucidum,80
7170,2013,Jun,13,13/06/2013,,16.34927,119.94606,W1,,1,Diatom,Navicula  spp.,D-Navicula  spp.,1120
7171,2013,Jun,13,13/06/2013,,16.34927,119.94606,W1,,1,Raphidophyte,Chattonnella subsalsa,RD-Chattonnella subsalsa,1840
7172,2013,Jun,13,13/06/2013,,16.34927,119.94606,W1,,1,Diatom,Pleurosigma sp2,D-Pleurosigma sp. 2,240
7173,2013,Jun,13,13/06/2013,,16.34927,119.94606,W1,,1,Diatom,Pleurosigma sp1,D-Pleurosigma sp. 1,160
7174,2013,Jun,13,13/06/2013,,16.34927,119.94606,W1,,1,Diatom,Rhizosolenia sp1,D-Rhizosolenia sp. 1,640
7175,2013,Jun,13,13/06/2013,,16.34927,119.94606,W1,,1,Raphidophyte,Chattonnella subsalsa,RD-Chattonnella subsalsa,80
7176,2013,Jun,13,13/06/2013,,16.34927,119.94606,W1,,1,Silicoflagellate,Tintinopsis,SF-Tintinopsis,80
7177,2013,Jun,13,13/06/2013,,16.34927,119.94606,W1,,1,Diatom,Coscinodiscus spp.,D-Coscinodiscus spp.,320
7178,2013,Jun,13,13/06/2013,,16.34927,119.94606,W1,,1,Dinoflagellate,Prorocentrum minimum,DF-Prorocentrum minimum,1491100
7179,2013,Jun,13,13/06/2013,,16.34927,119.94606,W1,,1,Dinoflagellate,Prorocentrum micans,DF-Prorocentrum micans,320
7180,2013,Jun,13,13/06/2013,,16.34927,119.94606,W1,,1,Dinoflagellate,Phalacroma  spp.,DF-Phalacroma  spp.,80
7181,2013,Jun,13,13/06/2013,,16.34927,119.94606,W1,,1,Dinoflagellate,Protoperidinium pellucidum,DF-Protoperidinium pellucidum,800
7182,2013,Jun,13,13/06/2013,,16.34927,119.94606,W1,,1,Dinoflagellate,Prototoperidnium pallidum,DF-Prototoperidnium pallidum,160
7183,2013,Jun,13,13/06/2013,,16.34927,119.94606,W1,,1,Diatom,Pleurosigma spp.,D-Pleurosigma spp.,160
7184,2013,Jun,13,13/06/2013,,16.34927,119.94606,W1,,1,Diatom,Cylindricotheca closterium,D-Cylindricotheca closterium,320
7185,2013,Jun,13,13/06/2013,,16.34927,119.94606,W1,,1,Dinoflagellate,Protoperidinium latispinum,DF-Protoperidinium latispinum,80
7186,2013,Jun,13,13/06/2013,,16.37073,119.93401,W3,,Mid,Diatom,Guinardia,D-Guinardia,160
7187,2013,Jun,13,13/06/2013,,16.37073,119.93401,W3,,Mid,Diatom,Navicula  spp.,D-Navicula  spp.,240
7188,2013,Jun,13,13/06/2013,,16.37073,119.93401,W3,,Mid,Diatom,Thalassiosira spp.,D-Thalassiosira spp.,80
7189,2013,Jun,13,13/06/2013,,16.37073,119.93401,W3,,Mid,Diatom,Pleurosigma sp1,D-Pleurosigma sp. 1,880
7190,2013,Jun,13,13/06/2013,,16.37073,119.93401,W3,,Mid,Diatom,Rhizosolenia sp1,D-Rhizosolenia sp. 1,1840
7191,2013,Jun,13,13/06/2013,,16.37073,119.93401,W3,,Mid,Dinoflagellate,Oxytoxum spp.,DF-Oxytoxum spp.,80
7192,2013,Jun,13,13/06/2013,,16.37073,119.93401,W3,,Mid,Silicoflagellate,Tintinopsis,SF-Tintinopsis,80
7193,2013,Jun,13,13/06/2013,,16.37073,119.93401,W3,,Mid,Diatom,Coscinodiscus spp.,D-Coscinodiscus spp.,320
7194,2013,Jun,13,13/06/2013,,16.37073,119.93401,W3,,Mid,Dinoflagellate,Prorocentrum minimum,DF-Prorocentrum minimum,713640
7195,2013,Jun,13,13/06/2013,,16.37073,119.93401,W3,,Mid,Dinoflagellate,Prorocentrum micans,DF-Prorocentrum micans,560
7196,2013,Jun,13,13/06/2013,,16.37073,119.93401,W3,,Mid,Dinoflagellate,Protoperidinium pellucidum,DF-Protoperidinium pellucidum,480
7197,2013,Jun,13,13/06/2013,,16.37073,119.93401,W3,,Mid,Dinoflagellate,Scrippsiella spinifera,DF-Scrippsiella spinifera,80
7198,2013,Jun,13,13/06/2013,,16.37073,119.93401,W3,,Mid,Dinoflagellate,Prototoperidnium pallidum,DF-Prototoperidnium pallidum,400
7199,2013,Jun,13,13/06/2013,,16.37073,119.93401,W3,,Mid,Dinoflagellate,Karenia  mikimotoi,DF-Karenia  mikimotoi,80
7200,2013,Jun,13,13/06/2013,,16.38326,119.92616,W11,,Mid,Diatom,Guinardia,D-Guinardia,320
7201,2013,Jun,13,13/06/2013,,16.38326,119.92616,W11,,Mid,Diatom,Pseudonitzschia spp.,D-Pseudonitzschia spp.,160
7202,2013,Jun,13,13/06/2013,,16.38326,119.92616,W11,,Mid,Raphidophyte,Chattonnella subsalsa,RD-Chattonnella subsalsa,560
7203,2013,Jun,13,13/06/2013,,16.38326,119.92616,W11,,Mid,Diatom,Pleurosigma sp2,D-Pleurosigma sp. 2,80
7204,2013,Jun,13,13/06/2013,,16.38326,119.92616,W11,,Mid,Diatom,Thalassiosira spp.,D-Thalassiosira spp.,160
7205,2013,Jun,13,13/06/2013,,16.38326,119.92616,W11,,Mid,Diatom,Pleurosigma sp1,D-Pleurosigma sp. 1,240
7206,2013,Jun,13,13/06/2013,,16.38326,119.92616,W11,,Mid,Diatom,Rhizosolenia sp1,D-Rhizosolenia sp. 1,1840
7207,2013,Jun,13,13/06/2013,,16.38326,119.92616,W11,,Mid,Silicoflagellate,Favella sp.,SF-Favella sp.,80
7208,2013,Jun,13,13/06/2013,,16.38326,119.92616,W11,,Mid,Dinoflagellate,Oxytoxum spp.,DF-Oxytoxum spp.,240
7209,2013,Jun,13,13/06/2013,,16.38326,119.92616,W11,,Mid,Raphidophyte,Chattonnella subsalsa,RD-Chattonnella subsalsa,240
7210,2013,Jun,13,13/06/2013,,16.38326,119.92616,W11,,Mid,Dinoflagellate,Prorocentrum minimum,DF-Prorocentrum minimum,318160
7211,2013,Jun,13,13/06/2013,,16.38326,119.92616,W11,,Mid,Dinoflagellate,Prorocentrum micans,DF-Prorocentrum micans,320
7212,2013,Jun,13,13/06/2013,,16.38326,119.92616,W11,,Mid,Dinoflagellate,Protoperidinium pellucidum,DF-Protoperidinium pellucidum,80
7213,2013,Jun,13,13/06/2013,,16.38326,119.92616,W11,,Mid,Dinoflagellate,Scrippsiella spinifera,DF-Scrippsiella spinifera,320
7214,2013,Jun,13,13/06/2013,,16.38326,119.92616,W11,,Mid,Dinoflagellate,Prototoperidnium pallidum,DF-Prototoperidnium pallidum,160
7215,2013,Jun,13,13/06/2013,,16.38326,119.92616,W11,,Mid,Dinoflagellate,Protoperidinium latispinum,DF-Protoperidinium latispinum,160
7216,2013,Jun,13,13/06/2013,,16.34775,119.93375,A1,,1,Raphidophyte,Chattonnella subsalsa,RD-Chattonnella subsalsa,560
7217,2013,Jun,13,13/06/2013,,16.34775,119.93375,A1,,1,Diatom,Pseudonitzschia spp.,D-Pseudonitzschia spp.,80
7218,2013,Jun,13,13/06/2013,,16.34775,119.93375,A1,,1,Dinoflagellate,Oxytoxum spp.,DF-Oxytoxum spp.,40
7219,2013,Jun,13,13/06/2013,,16.34775,119.93375,A1,,1,Silicoflagellate,Tintinopsis,SF-Tintinopsis,40
7220,2013,Jun,13,13/06/2013,,16.34775,119.93375,A1,,1,Diatom,Navicula  spp.,D-Navicula  spp.,80
7221,2013,Jun,13,13/06/2013,,16.34775,119.93375,A1,,1,Diatom,Rhizosolenia sp1,D-Rhizosolenia sp. 1,1080
7222,2013,Jun,13,13/06/2013,,16.34775,119.93375,A1,,1,Diatom,Pleurosigma sp1,D-Pleurosigma sp. 1,360
7223,2013,Jun,13,13/06/2013,,16.34775,119.93375,A1,,1,Diatom,Pleurosigma sp2,D-Pleurosigma sp. 2,40
7224,2013,Jun,13,13/06/2013,,16.34775,119.93375,A1,,1,Diatom,Pleurosigma spp.,D-Pleurosigma spp.,40
7225,2013,Jun,13,13/06/2013,,16.34775,119.93375,A1,,1,Diatom,Coscinodiscus spp.,D-Coscinodiscus spp.,80
7226,2013,Jun,13,13/06/2013,,16.34775,119.93375,A1,,1,Dinoflagellate,Phalacroma  spp.,DF-Phalacroma  spp.,40
7227,2013,Jun,13,13/06/2013,,16.34775,119.93375,A1,,1,Dinoflagellate,Prorocentrum minimum,DF-Prorocentrum minimum,542980
7228,2013,Jun,13,13/06/2013,,16.34775,119.93375,A1,,1,Dinoflagellate,Prorocentrum micans,DF-Prorocentrum micans,480
7229,2013,Jun,13,13/06/2013,,16.34775,119.93375,A1,,1,Dinoflagellate,Ceratium furca,DF-Ceratium furca,40
7230,2013,Jun,13,13/06/2013,,16.34775,119.93375,A1,,1,Dinoflagellate,Scrippsiella spinifera,DF-Scrippsiella spinifera,440
7231,2013,Jun,13,13/06/2013,,16.34775,119.93375,A1,,1,Diatom,Thalassiosira spp.,D-Thalassiosira spp.,520
7232,2013,Jun,13,13/06/2013,,16.34775,119.93375,A1,,1,Dinoflagellate,Protoperidinium pellucidum,DF-Protoperidinium pellucidum,120
7233,2013,Jun,13,13/06/2013,,16.34775,119.93375,A1,,1,Dinoflagellate,Protoperidinium latispinum,DF-Protoperidinium latispinum,40
7234,2013,Jun,13,13/06/2013,,16.34775,119.93375,A1,,1,Dinoflagellate,Protoperdinium  pellucidum,DF-Protoperdinium  pellucidum,40
7235,2013,Jun,13,13/06/2013,,16.33431,119.95731,A3,,1,Diatom,Biddulphia,D-Biddulphia,40
7236,2013,Jun,13,13/06/2013,,16.33431,119.95731,A3,,1,Raphidophyte,Chattonnella subsalsa,RD-Chattonnella subsalsa,1520
7237,2013,Jun,13,13/06/2013,,16.33431,119.95731,A3,,1,Dinoflagellate,Gonyaulax spinifera,DF-Gonyaulax spinifera,80
7238,2013,Jun,13,13/06/2013,,16.33431,119.95731,A3,,1,Dinoflagellate,Protoperidinium pallidum,DF-Protoperidinium pallidum,120
7239,2013,Jun,13,13/06/2013,,16.33431,119.95731,A3,,1,Dinoflagellate,Alexandrium spp.,DF-Alexandrium spp.,120
7240,2013,Jun,13,13/06/2013,,16.33431,119.95731,A3,,1,Dinoflagellate,Oxytoxum spp.,DF-Oxytoxum spp.,160
7241,2013,Jun,13,13/06/2013,,16.33431,119.95731,A3,,1,Silicoflagellate,Tintinopsis,SF-Tintinopsis,80
7242,2013,Jun,13,13/06/2013,,16.33431,119.95731,A3,,1,Diatom,Navicula  spp.,D-Navicula  spp.,240
7243,2013,Jun,13,13/06/2013,,16.33431,119.95731,A3,,1,Diatom,Rhizosolenia sp1,D-Rhizosolenia sp. 1,600
7244,2013,Jun,13,13/06/2013,,16.33431,119.95731,A3,,1,Diatom,Pleurosigma sp1,D-Pleurosigma sp. 1,440
7245,2013,Jun,13,13/06/2013,,16.33431,119.95731,A3,,1,Diatom,Pleurosigma spp.,D-Pleurosigma spp.,40
7246,2013,Jun,13,13/06/2013,,16.33431,119.95731,A3,,1,Dinoflagellate,Gyrodinium,DF-Gyrodinium,40
7247,2013,Jun,13,13/06/2013,,16.33431,119.95731,A3,,1,Diatom,Coscinodiscus spp.,D-Coscinodiscus spp.,120
7248,2013,Jun,13,13/06/2013,,16.33431,119.95731,A3,,1,Dinoflagellate,Phalacroma  spp.,DF-Phalacroma  spp.,40
7249,2013,Jun,13,13/06/2013,,16.33431,119.95731,A3,,1,Dinoflagellate,Prorocentrum minimum,DF-Prorocentrum minimum,920180
7250,2013,Jun,13,13/06/2013,,16.33431,119.95731,A3,,1,Dinoflagellate,Prorocentrum micans,DF-Prorocentrum micans,1960
7251,2013,Jun,13,13/06/2013,,16.33431,119.95731,A3,,1,Diatom,Cylindricotheca closterium,D-Cylindricotheca closterium,40
7252,2013,Jun,13,13/06/2013,,16.33431,119.95731,A3,,1,Dinoflagellate,Scrippsiella spinifera,DF-Scrippsiella spinifera,80
7253,2013,Jun,13,13/06/2013,,16.33431,119.95731,A3,,1,Silicoflagellate,Favella sp.,SF-Favella sp.,80
7254,2013,Jun,13,13/06/2013,,16.33431,119.95731,A3,,1,Diatom,Thalassiosira spp.,D-Thalassiosira spp.,360
7255,2013,Jun,13,13/06/2013,,16.33431,119.95731,A3,,1,Dinoflagellate,Protoperidinium pellucidum,DF-Protoperidinium pellucidum,400
7256,2013,Jun,13,13/06/2013,,16.33431,119.95731,A3,,1,Dinoflagellate,Protoperidinium latispinum,DF-Protoperidinium latispinum,40
7257,2013,Jun,13,13/06/2013,,16.39578,119.90667,RVA3,,Mid,Raphidophyte,Chattonnella subsalsa,RD-Chattonnella subsalsa,80
7258,2013,Jun,13,13/06/2013,,16.39578,119.90667,RVA3,,Mid,Diatom,Rhizosolenia sp1,D-Rhizosolenia sp. 1,200
7259,2013,Jun,13,13/06/2013,,16.39578,119.90667,RVA3,,Mid,Diatom,Pleurosigma sp1,D-Pleurosigma sp. 1,120
7260,2013,Jun,13,13/06/2013,,16.39578,119.90667,RVA3,,Mid,Diatom,Pleurosigma spp.,D-Pleurosigma spp.,80
7261,2013,Jun,13,13/06/2013,,16.39578,119.90667,RVA3,,Mid,Diatom,Coscinodiscus spp.,D-Coscinodiscus spp.,40
7262,2013,Jun,13,13/06/2013,,16.39578,119.90667,RVA3,,Mid,Dinoflagellate,Prorocentrum minimum,DF-Prorocentrum minimum,320
7263,2013,Jun,13,13/06/2013,,16.39578,119.90667,RVA3,,Mid,Dinoflagellate,Prorocentrum micans,DF-Prorocentrum micans,40
7264,2013,Jun,13,13/06/2013,,16.39578,119.90667,RVA3,,Mid,Diatom,Cylindricotheca closterium,D-Cylindricotheca closterium,40
7265,2013,Jun,13,13/06/2013,,16.39578,119.90667,RVA3,,Mid,Dinoflagellate,Protoperidinium pellucidum,DF-Protoperidinium pellucidum,40
7266,2013,Jun,13,13/06/2013,,16.30944,119.92063,TS1,,1,Raphidophyte,Chattonnella subsalsa,RD-Chattonnella subsalsa,160
7267,2013,Jun,13,13/06/2013,,16.30944,119.92063,TS1,,1,Dinoflagellate,Prototoperidnium pallidum,DF-Prototoperidnium pallidum,40
7268,2013,Jun,13,13/06/2013,,16.30944,119.92063,TS1,,1,Dinoflagellate,Oxytoxum spp.,DF-Oxytoxum spp.,120
7269,2013,Jun,13,13/06/2013,,16.30944,119.92063,TS1,,1,Silicoflagellate,Tintinopsis,SF-Tintinopsis,2120
7270,2013,Jun,13,13/06/2013,,16.30944,119.92063,TS1,,1,Diatom,Navicula  spp.,D-Navicula  spp.,160
7271,2013,Jun,13,13/06/2013,,16.30944,119.92063,TS1,,1,Diatom,Rhizosolenia sp1,D-Rhizosolenia sp. 1,25520
7272,2013,Jun,13,13/06/2013,,16.30944,119.92063,TS1,,1,Diatom,Pleurosigma sp1,D-Pleurosigma sp. 1,40
7273,2013,Jun,13,13/06/2013,,16.30944,119.92063,TS1,,1,Diatom,Pleurosigma spp.,D-Pleurosigma spp.,120
7274,2013,Jun,13,13/06/2013,,16.30944,119.92063,TS1,,1,Diatom,Coscinodiscus spp.,D-Coscinodiscus spp.,240
7275,2013,Jun,13,13/06/2013,,16.30944,119.92063,TS1,,1,Dinoflagellate,Prorocentrum minimum,DF-Prorocentrum minimum,640140
7276,2013,Jun,13,13/06/2013,,16.30944,119.92063,TS1,,1,Dinoflagellate,Prorocentrum micans,DF-Prorocentrum micans,560
7277,2013,Jun,13,13/06/2013,,16.30944,119.92063,TS1,,1,Diatom,Thalassiosira spp.,D-Thalassiosira spp.,1080
7278,2013,Jun,13,13/06/2013,,16.30944,119.92063,TS1,,1,Dinoflagellate,Protoperidinium pellucidum,DF-Protoperidinium pellucidum,160
7279,2013,Jun,13,13/06/2013,,16.30944,119.92063,TS1,,1,Dinoflagellate,Protoperdinium  pellucidum,DF-Protoperdinium  pellucidum,40
7280,2013,Jun,13,13/06/2013,,16.33668,119.94476,W2A,,1,Raphidophyte,Chattonnella subsalsa,RD-Chattonnella subsalsa,1520
7281,2013,Jun,13,13/06/2013,,16.33668,119.94476,W2A,,1,Dinoflagellate,Alexandrium spp.,DF-Alexandrium spp.,80
7282,2013,Jun,13,13/06/2013,,16.33668,119.94476,W2A,,1,Silicoflagellate,Tintinopsis,SF-Tintinopsis,400
7283,2013,Jun,13,13/06/2013,,16.33668,119.94476,W2A,,1,Diatom,Navicula  spp.,D-Navicula  spp.,440
7284,2013,Jun,13,13/06/2013,,16.33668,119.94476,W2A,,1,Diatom,Rhizosolenia sp1,D-Rhizosolenia sp. 1,1120
7285,2013,Jun,13,13/06/2013,,16.33668,119.94476,W2A,,1,Diatom,Pleurosigma sp1,D-Pleurosigma sp. 1,240
7286,2013,Jun,13,13/06/2013,,16.33668,119.94476,W2A,,1,Diatom,Pleurosigma spp.,D-Pleurosigma spp.,40
7287,2013,Jun,13,13/06/2013,,16.33668,119.94476,W2A,,1,Dinoflagellate,Gyrodinium,DF-Gyrodinium,120
7288,2013,Jun,13,13/06/2013,,16.33668,119.94476,W2A,,1,Diatom,Coscinodiscus spp.,D-Coscinodiscus spp.,80
7289,2013,Jun,13,13/06/2013,,16.33668,119.94476,W2A,,1,Dinoflagellate,Prorocentrum minimum,DF-Prorocentrum minimum,1315960
7290,2013,Jun,13,13/06/2013,,16.33668,119.94476,W2A,,1,Dinoflagellate,Prorocentrum micans,DF-Prorocentrum micans,1680
7291,2013,Jun,13,13/06/2013,,16.33668,119.94476,W2A,,1,Diatom,Cylindricotheca closterium,D-Cylindricotheca closterium,40
7292,2013,Jun,13,13/06/2013,,16.33668,119.94476,W2A,,1,Dinoflagellate,Scrippsiella spinifera,DF-Scrippsiella spinifera,200
7293,2013,Jun,13,13/06/2013,,16.33668,119.94476,W2A,,1,Dinoflagellate,Scrippsiella spinifera,DF-Scrippsiella spinifera,320
7294,2013,Jun,13,13/06/2013,,16.33668,119.94476,W2A,,1,Silicoflagellate,Favella sp.,SF-Favella sp.,80
7295,2013,Jun,13,13/06/2013,,16.33668,119.94476,W2A,,1,Diatom,Thalassiosira spp.,D-Thalassiosira spp.,400
7296,2013,Jun,13,13/06/2013,,16.33668,119.94476,W2A,,1,Dinoflagellate,Protoperidinium pellucidum,DF-Protoperidinium pellucidum,240
7297,2013,Jun,13,13/06/2013,,16.33668,119.94476,W2A,,1,Dinoflagellate,Protoperdinium  pellucidum,DF-Protoperdinium  pellucidum,80
7298,2013,Jun,13,13/06/2013,,16.34775,119.93452,W9,,1,Raphidophyte,Chattonnella subsalsa,RD-Chattonnella subsalsa,840
7299,2013,Jun,13,13/06/2013,,16.34775,119.93452,W9,,1,Dinoflagellate,Alexandrium spp.,DF-Alexandrium spp.,120
7300,2013,Jun,13,13/06/2013,,16.34775,119.93452,W9,,1,Dinoflagellate,Oxytoxum spp.,DF-Oxytoxum spp.,120
7301,2013,Jun,13,13/06/2013,,16.34775,119.93452,W9,,1,Silicoflagellate,Tintinopsis,SF-Tintinopsis,320
7302,2013,Jun,13,13/06/2013,,16.34775,119.93452,W9,,1,Diatom,Navicula  spp.,D-Navicula  spp.,40
7303,2013,Jun,13,13/06/2013,,16.34775,119.93452,W9,,1,Diatom,Rhizosolenia sp1,D-Rhizosolenia sp. 1,1000
7304,2013,Jun,13,13/06/2013,,16.34775,119.93452,W9,,1,Diatom,Pleurosigma sp1,D-Pleurosigma sp. 1,120
7305,2013,Jun,13,13/06/2013,,16.34775,119.93452,W9,,1,Diatom,Pleurosigma spp.,D-Pleurosigma spp.,40
7306,2013,Jun,13,13/06/2013,,16.34775,119.93452,W9,,1,Diatom,Coscinodiscus spp.,D-Coscinodiscus spp.,160
7307,2013,Jun,13,13/06/2013,,16.34775,119.93452,W9,,1,Dinoflagellate,Prorocentrum minimum,DF-Prorocentrum minimum,1457780
7308,2013,Jun,13,13/06/2013,,16.34775,119.93452,W9,,1,Dinoflagellate,Prorocentrum micans,DF-Prorocentrum micans,1320
7309,2013,Jun,13,13/06/2013,,16.34775,119.93452,W9,,1,Dinoflagellate,Scrippsiella spinifera,DF-Scrippsiella spinifera,1600
7310,2013,Jun,13,13/06/2013,,16.34775,119.93452,W9,,1,Diatom,Thalassiosira spp.,D-Thalassiosira spp.,1160
7311,2013,Jun,13,13/06/2013,,16.34775,119.93452,W9,,1,Dinoflagellate,Protoperidinium pellucidum,DF-Protoperidinium pellucidum,160
7312,2013,Jun,13,13/06/2013,,16.34775,119.93452,W9,,1,Dinoflagellate,Protoperdinium  pellucidum,DF-Protoperdinium  pellucidum,80
7313,2013,Jun,13,13/06/2013,,16.38339,119.91585,TS2,,NB,Silicoflagellate,Tintinopsis,SF-Tintinopsis,20
7314,2013,Jun,13,13/06/2013,,16.38339,119.91585,TS2,,NB,Cyanobacteria,Trichodesmium sp.,CYN-Trichodesmium sp.,20
7315,2013,Jun,13,13/06/2013,,16.38339,119.91585,TS2,,NB,Diatom,Thalassiosira spp.,D-Thalassiosira spp.,60
7316,2013,Jun,13,13/06/2013,,16.38339,119.91585,TS2,,NB,Diatom,Pleurosigma sp1,D-Pleurosigma sp. 1,60
7317,2013,Jun,13,13/06/2013,,16.38339,119.91585,TS2,,NB,Silicoflagellate,Favella sp.,SF-Favella sp.,20
7318,2013,Jun,13,13/06/2013,,16.38339,119.91585,TS2,,NB,Silicoflagellate,Tintinopsis,SF-Tintinopsis,120
7319,2013,Jun,13,13/06/2013,,16.38339,119.91585,TS2,,NB,Dinoflagellate,Ceratium furca,DF-Ceratium furca,20
7320,2013,Jun,13,13/06/2013,,16.38339,119.91585,TS2,,NB,Dinoflagellate,Prorocentrum minimum,DF-Prorocentrum minimum,1060
7321,2013,Jun,13,13/06/2013,,16.38339,119.91585,TS2,,NB,Dinoflagellate,Prorocentrum micans,DF-Prorocentrum micans,40
7322,2013,Jun,13,13/06/2013,,16.37073,119.93401,W3,,NB,Diatom,Guinardia,D-Guinardia,140
7323,2013,Jun,13,13/06/2013,,16.37073,119.93401,W3,,NB,Diatom,Skeletonema,D-Skeletonema,240
7324,2013,Jun,13,13/06/2013,,16.37073,119.93401,W3,,NB,Diatom,Navicula  spp.,D-Navicula  spp.,200
7325,2013,Jun,13,13/06/2013,,16.37073,119.93401,W3,,NB,Diatom,Pseudonitzschia spp.,D-Pseudonitzschia spp.,200
7326,2013,Jun,13,13/06/2013,,16.37073,119.93401,W3,,NB,Raphidophyte,Chattonnella subsalsa,RD-Chattonnella subsalsa,60
7327,2013,Jun,13,13/06/2013,,16.37073,119.93401,W3,,NB,Diatom,Rhizosolenia sp2,D-Rhizosolenia sp. 2,60
7328,2013,Jun,13,13/06/2013,,16.37073,119.93401,W3,,NB,Diatom,Thalassiosira spp.,D-Thalassiosira spp.,960
7329,2013,Jun,13,13/06/2013,,16.37073,119.93401,W3,,NB,Diatom,Pleurosigma sp1,D-Pleurosigma sp. 1,440
7330,2013,Jun,13,13/06/2013,,16.37073,119.93401,W3,,NB,Diatom,Rhizosolenia sp1,D-Rhizosolenia sp. 1,14800
7331,2013,Jun,13,13/06/2013,,16.37073,119.93401,W3,,NB,Silicoflagellate,Favella sp.,SF-Favella sp.,20
7332,2013,Jun,13,13/06/2013,,16.37073,119.93401,W3,,NB,Silicoflagellate,Tintinopsis,SF-Tintinopsis,80
7333,2013,Jun,13,13/06/2013,,16.37073,119.93401,W3,,NB,Diatom,Coscinodiscus spp.,D-Coscinodiscus spp.,80
7334,2013,Jun,13,13/06/2013,,16.37073,119.93401,W3,,NB,Dinoflagellate,Prorocentrum minimum,DF-Prorocentrum minimum,560200
7335,2013,Jun,13,13/06/2013,,16.37073,119.93401,W3,,NB,Dinoflagellate,Prorocentrum micans,DF-Prorocentrum micans,60
7336,2013,Jun,13,13/06/2013,,16.37073,119.93401,W3,,1,Diatom,Navicula  spp.,D-Navicula  spp.,20
7337,2013,Jun,13,13/06/2013,,16.37073,119.93401,W3,,1,Raphidophyte,Chattonnella subsalsa,RD-Chattonnella subsalsa,1060
7338,2013,Jun,13,13/06/2013,,16.37073,119.93401,W3,,1,Diatom,Thalassiosira spp.,D-Thalassiosira spp.,160
7339,2013,Jun,13,13/06/2013,,16.37073,119.93401,W3,,1,Diatom,Pleurosigma sp1,D-Pleurosigma sp. 1,260
7340,2013,Jun,13,13/06/2013,,16.37073,119.93401,W3,,1,Diatom,Rhizosolenia sp1,D-Rhizosolenia sp. 1,980
7341,2013,Jun,13,13/06/2013,,16.37073,119.93401,W3,,1,Dinoflagellate,Oxytoxum spp.,DF-Oxytoxum spp.,100
7342,2013,Jun,13,13/06/2013,,16.37073,119.93401,W3,,1,Silicoflagellate,Tintinopsis,SF-Tintinopsis,380
7343,2013,Jun,13,13/06/2013,,16.37073,119.93401,W3,,1,Diatom,Coscinodiscus spp.,D-Coscinodiscus spp.,60
7344,2013,Jun,13,13/06/2013,,16.37073,119.93401,W3,,1,Dinoflagellate,Ceratium furca,DF-Ceratium furca,20
7345,2013,Jun,13,13/06/2013,,16.37073,119.93401,W3,,1,Dinoflagellate,Prorocentrum minimum,DF-Prorocentrum minimum,914260
7346,2013,Jun,13,13/06/2013,,16.37073,119.93401,W3,,1,Dinoflagellate,Prorocentrum micans,DF-Prorocentrum micans,920
7347,2013,Jun,13,13/06/2013,,16.37073,119.93401,W3,,1,Dinoflagellate,Protoperidinium pellucidum,DF-Protoperidinium pellucidum,120
7348,2013,Jun,13,13/06/2013,,16.37073,119.93401,W3,,1,Dinoflagellate,Scrippsiella spinifera,DF-Scrippsiella spinifera,140
7349,2013,Jun,13,13/06/2013,,16.37073,119.93401,W3,,1,Dinoflagellate,Prototoperidnium pallidum,DF-Prototoperidnium pallidum,20
7350,2013,Jun,13,13/06/2013,,16.38326,119.92616,W11,,NB,Raphidophyte,Chattonnella subsalsa,RD-Chattonnella subsalsa,220
7351,2013,Jun,13,13/06/2013,,16.38326,119.92616,W11,,NB,Silicoflagellate,Tintinopsis,SF-Tintinopsis,60
7352,2013,Jun,13,13/06/2013,,16.38326,119.92616,W11,,NB,Cyanobacteria,Trichodesmium sp.,CYN-Trichodesmium sp.,340
7353,2013,Jun,13,13/06/2013,,16.38326,119.92616,W11,,NB,Diatom,Pleurosigma sp1,D-Pleurosigma sp. 1,300
7354,2013,Jun,13,13/06/2013,,16.38326,119.92616,W11,,NB,Diatom,Rhizosolenia sp1,D-Rhizosolenia sp. 1,520
7355,2013,Jun,13,13/06/2013,,16.38326,119.92616,W11,,NB,Silicoflagellate,Tintinopsis,SF-Tintinopsis,100
7356,2013,Jun,13,13/06/2013,,16.38326,119.92616,W11,,NB,Dinoflagellate,Prorocentrum minimum,DF-Prorocentrum minimum,27800
7357,2013,Jun,13,13/06/2013,,16.38326,119.92616,W11,,NB,Dinoflagellate,Prorocentrum micans,DF-Prorocentrum micans,60
7358,2013,Jun,17,17/06/2013,,16.34775,119.93375,A1,,1,Silicoflagellate,Tintinopsis,SF-Tintinopsis,2320
7359,2013,Jun,17,17/06/2013,,16.34775,119.93375,A1,,1,Diatom,Coscinodiscus spp.,D-Coscinodiscus spp.,160
7360,2013,Jun,17,17/06/2013,,16.34775,119.93375,A1,,1,Diatom,Pleurosigma sp1,D-Pleurosigma sp. 1,320
7361,2013,Jun,17,17/06/2013,,16.34775,119.93375,A1,,1,Diatom,Rhizosolenia sp1,D-Rhizosolenia sp. 1,2640
7362,2013,Jun,17,17/06/2013,,16.34775,119.93375,A1,,1,Diatom,Thalassiosira spp.,D-Thalassiosira spp.,640
7363,2013,Jun,17,17/06/2013,,16.34775,119.93375,A1,,1,Dinoflagellate,Prorocentrum micans,DF-Prorocentrum micans,1120
7364,2013,Jun,17,17/06/2013,,16.34775,119.93375,A1,,1,Dinoflagellate,Prorocentrum minimum,DF-Prorocentrum minimum,1775600
7365,2013,Jun,17,17/06/2013,,16.34775,119.93375,A1,,1,Dinoflagellate,Protoperidinium pellucidum,DF-Protoperidinium pellucidum,160
7366,2013,Jun,17,17/06/2013,,16.34775,119.93375,A1,,1,Dinoflagellate,Protoperidinium latispinum,DF-Protoperidinium latispinum,80
7367,2013,Jun,17,17/06/2013,,16.34775,119.93375,A1,,1,Dinoflagellate,Scrippsiella spinifera,DF-Scrippsiella spinifera,160
7368,2013,Jun,17,17/06/2013,,16.34775,119.93452,A2,,1,Silicoflagellate,Tintinopsis,SF-Tintinopsis,9600
7369,2013,Jun,17,17/06/2013,,16.34775,119.93452,A2,,1,Diatom,Coscinodiscus spp.,D-Coscinodiscus spp.,320
7370,2013,Jun,17,17/06/2013,,16.34775,119.93452,A2,,1,Diatom,Pleurosigma sp1,D-Pleurosigma sp. 1,560
7371,2013,Jun,17,17/06/2013,,16.34775,119.93452,A2,,1,Diatom,Pleurosigma spp.,D-Pleurosigma spp.,80
7372,2013,Jun,17,17/06/2013,,16.34775,119.93452,A2,,1,Diatom,Rhizosolenia sp1,D-Rhizosolenia sp. 1,13120
7373,2013,Jun,17,17/06/2013,,16.34775,119.93452,A2,,1,Diatom,Thalassiosira spp.,D-Thalassiosira spp.,320
7374,2013,Jun,17,17/06/2013,,16.34775,119.93452,A2,,1,Dinoflagellate,Prorocentrum micans,DF-Prorocentrum micans,480
7375,2013,Jun,17,17/06/2013,,16.34775,119.93452,A2,,1,Dinoflagellate,Prorocentrum minimum,DF-Prorocentrum minimum,538380
7376,2013,Jun,17,17/06/2013,,16.34775,119.93452,A2,,1,Dinoflagellate,Protoperidinium pellucidum,DF-Protoperidinium pellucidum,240
7377,2013,Jun,17,17/06/2013,,16.34775,119.93452,A2,,1,Dinoflagellate,Protoperidinium latispinum,DF-Protoperidinium latispinum,240
7378,2013,Jun,17,17/06/2013,,16.34775,119.93452,A2,,1,Dinoflagellate,Scrippsiella spinifera,DF-Scrippsiella spinifera,80
7379,2013,Jun,17,17/06/2013,,16.34775,119.93452,A2,,1,Raphidophyte,Chattonnella subsalsa,RD-Chattonnella subsalsa,80
7380,2013,Jun,17,17/06/2013,,16.33431,119.95731,A3,,1,Diatom,Coscinodiscus spp.,D-Coscinodiscus spp.,400
7381,2013,Jun,17,17/06/2013,,16.33431,119.95731,A3,,1,Diatom,Navicula  spp.,D-Navicula  spp.,320
7382,2013,Jun,17,17/06/2013,,16.33431,119.95731,A3,,1,Diatom,Pleurosigma sp1,D-Pleurosigma sp. 1,400
7383,2013,Jun,17,17/06/2013,,16.33431,119.95731,A3,,1,Dinoflagellate,Prorocentrum micans,DF-Prorocentrum micans,240
7384,2013,Jun,17,17/06/2013,,16.33431,119.95731,A3,,1,Dinoflagellate,Prorocentrum minimum,DF-Prorocentrum minimum,497560
7385,2013,Jun,17,17/06/2013,,16.33431,119.95731,A3,,1,Dinoflagellate,Protoperidinium pellucidum,DF-Protoperidinium pellucidum,160
7386,2013,Jun,17,17/06/2013,,16.33431,119.95731,A3,,1,Diatom,Rhizosolenia sp1,D-Rhizosolenia sp. 1,2640
7387,2013,Jun,17,17/06/2013,,16.33431,119.95731,A3,,1,Raphidophyte,Chattonnella subsalsa,RD-Chattonnella subsalsa,80
7388,2013,Jun,17,17/06/2013,,16.33431,119.95731,A3,,1,Diatom,Thalassiosira spp.,D-Thalassiosira spp.,160
7389,2013,Jun,17,17/06/2013,,16.28459,119.92285,A4,,1,Diatom,Coscinodiscus spp.,D-Coscinodiscus spp.,80
7390,2013,Jun,17,17/06/2013,,16.28459,119.92285,A4,,1,Diatom,Navicula  spp.,D-Navicula  spp.,80
7391,2013,Jun,17,17/06/2013,,16.28459,119.92285,A4,,1,Dinoflagellate,Oxytoxum spp.,DF-Oxytoxum spp.,480
7392,2013,Jun,17,17/06/2013,,16.28459,119.92285,A4,,1,Diatom,Pleurosigma sp2,D-Pleurosigma sp. 2,40
7393,2013,Jun,17,17/06/2013,,16.28459,119.92285,A4,,1,Diatom,Pleurosigma sp2,D-Pleurosigma sp. 2,40
7394,2013,Jun,17,17/06/2013,,16.28459,119.92285,A4,,1,Dinoflagellate,Prorocentrum micans,DF-Prorocentrum micans,40
7395,2013,Jun,17,17/06/2013,,16.28459,119.92285,A4,,1,Dinoflagellate,Prorocentrum minimum,DF-Prorocentrum minimum,420
7396,2013,Jun,17,17/06/2013,,16.28459,119.92285,A4,,1,Diatom,Rhizosolenia sp1,D-Rhizosolenia sp. 1,80
7397,2013,Jun,17,17/06/2013,,16.28459,119.92285,A4,,1,Diatom,Thalassiosira spp.,D-Thalassiosira spp.,200
7398,2013,Jun,17,17/06/2013,,16.28459,119.92285,A4,,1,Silicoflagellate,Tintinopsis,SF-Tintinopsis,880
7399,2013,Jun,17,17/06/2013,,16.28459,119.92285,A4,,1,Raphidophyte,Chattonnella subsalsa,RD-Chattonnella subsalsa,80
7400,2013,Jun,17,17/06/2013,,16.27365,119.92599,A5,,1,Diatom,Navicula  spp.,D-Navicula  spp.,80
7401,2013,Jun,17,17/06/2013,,16.27365,119.92599,A5,,1,Diatom,Pleurosigma sp2,D-Pleurosigma sp. 2,4400
7402,2013,Jun,17,17/06/2013,,16.27365,119.92599,A5,,1,Dinoflagellate,Prorocentrum minimum,DF-Prorocentrum minimum,680
7403,2013,Jun,17,17/06/2013,,16.27365,119.92599,A5,,1,Diatom,Rhizosolenia sp1,D-Rhizosolenia sp. 1,720
7404,2013,Jun,17,17/06/2013,,16.27365,119.92599,A5,,1,Diatom,Thalassiosira spp.,D-Thalassiosira spp.,80
7405,2013,Jun,17,17/06/2013,,16.27365,119.92599,A5,,1,Silicoflagellate,Tintinopsis,SF-Tintinopsis,400
7406,2013,Jun,17,17/06/2013,,16.3743,119.93198,PP,,NB,Diatom,Coscinodiscus spp.,D-Coscinodiscus spp.,160
7407,2013,Jun,17,17/06/2013,,16.3743,119.93198,PP,,1,Diatom,Coscinodiscus spp.,D-Coscinodiscus spp.,160
7408,2013,Jun,17,17/06/2013,,16.3743,119.93198,PP,,1,Diatom,Ephemera,D-Ephemera,80
7409,2013,Jun,17,17/06/2013,,16.3743,119.93198,PP,,NB,Diatom,Guinardia,D-Guinardia,240
7410,2013,Jun,17,17/06/2013,,16.3743,119.93198,PP,,NB,Diatom,Navicula  spp.,D-Navicula  spp.,160
7411,2013,Jun,17,17/06/2013,,16.3743,119.93198,PP,,1,Dinoflagellate,Oxytoxum spp.,DF-Oxytoxum spp.,80
7412,2013,Jun,17,17/06/2013,,16.3743,119.93198,PP,,NB,Diatom,Pleurosigma sp1,D-Pleurosigma sp. 1,720
7413,2013,Jun,17,17/06/2013,,16.3743,119.93198,PP,,1,Diatom,Pleurosigma sp1,D-Pleurosigma sp. 1,640
7414,2013,Jun,17,17/06/2013,,16.3743,119.93198,PP,,1,Diatom,Pleurosigma spp.,D-Pleurosigma spp.,80
7415,2013,Jun,17,17/06/2013,,16.3743,119.93198,PP,,1,Dinoflagellate,Prorocentrum micans,DF-Prorocentrum micans,320
7416,2013,Jun,17,17/06/2013,,16.3743,119.93198,PP,,NB,Dinoflagellate,Prorocentrum minimum,DF-Prorocentrum minimum,27160
7417,2013,Jun,17,17/06/2013,,16.3743,119.93198,PP,,1,Dinoflagellate,Prorocentrum minimum,DF-Prorocentrum minimum,44040
7418,2013,Jun,17,17/06/2013,,16.3743,119.93198,PP,,1,Dinoflagellate,Protoperidinium pellucidum,DF-Protoperidinium pellucidum,80
7419,2013,Jun,17,17/06/2013,,16.3743,119.93198,PP,,NB,Diatom,Rhizosolenia sp1,D-Rhizosolenia sp. 1,2160
7420,2013,Jun,17,17/06/2013,,16.3743,119.93198,PP,,1,Diatom,Rhizosolenia sp1,D-Rhizosolenia sp. 1,320
7421,2013,Jun,17,17/06/2013,,16.3743,119.93198,PP,,1,Raphidophyte,Chattonnella subsalsa,RD-Chattonnella subsalsa,160
7422,2013,Jun,17,17/06/2013,,16.3743,119.93198,PP,,NB,Diatom,Thalassiosira spp.,D-Thalassiosira spp.,560
7423,2013,Jun,17,17/06/2013,,16.3743,119.93198,PP,,1,Diatom,Thalassiosira spp.,D-Thalassiosira spp.,480
7424,2013,Jun,17,17/06/2013,,16.3743,119.93198,PP,,NB,Silicoflagellate,Tintinopsis,SF-Tintinopsis,320
7425,2013,Jun,17,17/06/2013,,16.3743,119.93198,PP,,1,Silicoflagellate,Tintinopsis,SF-Tintinopsis,240
7426,2013,Jun,17,17/06/2013,,16.39578,119.90667,RVA3,,Mid,Dinoflagellate,Ceratium fusus,DF-Ceratium fusus,40
7427,2013,Jun,17,17/06/2013,,16.39578,119.90667,RVA3,,1,Diatom,Coscinodiscus spp.,D-Coscinodiscus spp.,40
7428,2013,Jun,17,17/06/2013,,16.39578,119.90667,RVA3,,NB,Diatom,Cylindricotheca closterium,D-Cylindricotheca closterium,80
7429,2013,Jun,17,17/06/2013,,16.39578,119.90667,RVA3,,NB,Diatom,Ephemera,D-Ephemera,80
7430,2013,Jun,17,17/06/2013,,16.39578,119.90667,RVA3,,NB,Diatom,Guinardia,D-Guinardia,320
7431,2013,Jun,17,17/06/2013,,16.39578,119.90667,RVA3,,Mid,Diatom,Guinardia,D-Guinardia,560
7432,2013,Jun,17,17/06/2013,,16.39578,119.90667,RVA3,,1,Diatom,Navicula  spp.,D-Navicula  spp.,40
7433,2013,Jun,17,17/06/2013,,16.39578,119.90667,RVA3,,Mid,Dinoflagellate,Oxytoxum spp.,DF-Oxytoxum spp.,40
7434,2013,Jun,17,17/06/2013,,16.39578,119.90667,RVA3,,1,Silicoflagellate,Favella sp.,SF-Favella sp.,80
7435,2013,Jun,17,17/06/2013,,16.39578,119.90667,RVA3,,NB,Diatom,Pleurosigma sp1,D-Pleurosigma sp. 1,560
7436,2013,Jun,17,17/06/2013,,16.39578,119.90667,RVA3,,Mid,Diatom,Pleurosigma sp1,D-Pleurosigma sp. 1,1800
7437,2013,Jun,17,17/06/2013,,16.39578,119.90667,RVA3,,1,Diatom,Pleurosigma sp1,D-Pleurosigma sp. 1,1160
7438,2013,Jun,17,17/06/2013,,16.39578,119.90667,RVA3,,NB,Diatom,Pleurosigma spp.,D-Pleurosigma spp.,640
7439,2013,Jun,17,17/06/2013,,16.39578,119.90667,RVA3,,NB,Diatom,Pleurosigma sp2,D-Pleurosigma sp. 2,80
7440,2013,Jun,17,17/06/2013,,16.39578,119.90667,RVA3,,Mid,Dinoflagellate,Prorocentrum micans,DF-Prorocentrum micans,80
7441,2013,Jun,17,17/06/2013,,16.39578,119.90667,RVA3,,1,Dinoflagellate,Prorocentrum micans,DF-Prorocentrum micans,80
7442,2013,Jun,17,17/06/2013,,16.39578,119.90667,RVA3,,NB,Dinoflagellate,Prorocentrum minimum,DF-Prorocentrum minimum,200
7443,2013,Jun,17,17/06/2013,,16.39578,119.90667,RVA3,,Mid,Dinoflagellate,Prorocentrum minimum,DF-Prorocentrum minimum,400
7444,2013,Jun,17,17/06/2013,,16.39578,119.90667,RVA3,,1,Dinoflagellate,Prorocentrum minimum,DF-Prorocentrum minimum,1200
7445,2013,Jun,17,17/06/2013,,16.39578,119.90667,RVA3,,Mid,Dinoflagellate,Protoperidinium pellucidum,DF-Protoperidinium pellucidum,200
7446,2013,Jun,17,17/06/2013,,16.39578,119.90667,RVA3,,1,Dinoflagellate,Protoperidinium pellucidum,DF-Protoperidinium pellucidum,40
7447,2013,Jun,17,17/06/2013,,16.39578,119.90667,RVA3,,1,Dinoflagellate,Protoperdinium  pellucidum,DF-Protoperdinium  pellucidum,120
7448,2013,Jun,17,17/06/2013,,16.39578,119.90667,RVA3,,Mid,Diatom,Pseudonitzschia spp.,D-Pseudonitzschia spp.,120
7449,2013,Jun,17,17/06/2013,,16.39578,119.90667,RVA3,,NB,Diatom,Rhizosolenia sp1,D-Rhizosolenia sp. 1,720
7450,2013,Jun,17,17/06/2013,,16.39578,119.90667,RVA3,,Mid,Diatom,Rhizosolenia sp1,D-Rhizosolenia sp. 1,920
7451,2013,Jun,17,17/06/2013,,16.39578,119.90667,RVA3,,1,Diatom,Rhizosolenia sp1,D-Rhizosolenia sp. 1,400
7452,2013,Jun,17,17/06/2013,,16.39578,119.90667,RVA3,,NB,Diatom,Rhizosolenia sp2,D-Rhizosolenia sp. 2,320
7453,2013,Jun,17,17/06/2013,,16.39578,119.90667,RVA3,,Mid,Diatom,Skeletonema,D-Skeletonema,520
7454,2013,Jun,17,17/06/2013,,16.39578,119.90667,RVA3,,NB,Diatom,Thalassiosira spp.,D-Thalassiosira spp.,160
7455,2013,Jun,17,17/06/2013,,16.39578,119.90667,RVA3,,Mid,Diatom,Thalassiosira spp.,D-Thalassiosira spp.,200
7456,2013,Jun,17,17/06/2013,,16.39578,119.90667,RVA3,,1,Diatom,Thalassiosira spp.,D-Thalassiosira spp.,80
7457,2013,Jun,17,17/06/2013,,16.39578,119.90667,RVA3,,Mid,Silicoflagellate,Tintinopsis,SF-Tintinopsis,40
7458,2013,Jun,17,17/06/2013,,16.39578,119.90667,RVA3,,1,Silicoflagellate,Tintinopsis,SF-Tintinopsis,40
7459,2013,Jun,17,17/06/2013,,16.30944,119.92063,TS1,,NB,Diatom,Coscinodiscus spp.,D-Coscinodiscus spp.,160
7460,2013,Jun,17,17/06/2013,,16.30944,119.92063,TS1,,NB,Diatom,Pleurosigma sp1,D-Pleurosigma sp. 1,80
7461,2013,Jun,17,17/06/2013,,16.30944,119.92063,TS1,,1,Diatom,Rhizosolenia sp1,D-Rhizosolenia sp. 1,400
7462,2013,Jun,17,17/06/2013,,16.30944,119.92063,TS1,,NB,Diatom,Rhizosolenia sp1,D-Rhizosolenia sp. 1,3120
7463,2013,Jun,17,17/06/2013,,16.30944,119.92063,TS1,,1,Diatom,Thalassiosira spp.,D-Thalassiosira spp.,320
7464,2013,Jun,17,17/06/2013,,16.30944,119.92063,TS1,,NB,Diatom,Thalassiosira spp.,D-Thalassiosira spp.,1760
7465,2013,Jun,17,17/06/2013,,16.30944,119.92063,TS1,,NB,Dinoflagellate,Oxytoxum spp.,DF-Oxytoxum spp.,160
7466,2013,Jun,17,17/06/2013,,16.30944,119.92063,TS1,,1,Dinoflagellate,Prorocentrum micans,DF-Prorocentrum micans,160
7467,2013,Jun,17,17/06/2013,,16.30944,119.92063,TS1,,NB,Dinoflagellate,Prorocentrum micans,DF-Prorocentrum micans,80
7468,2013,Jun,17,17/06/2013,,16.30944,119.92063,TS1,,1,Dinoflagellate,Prorocentrum minimum,DF-Prorocentrum minimum,860
7469,2013,Jun,17,17/06/2013,,16.30944,119.92063,TS1,,NB,Dinoflagellate,Prorocentrum minimum,DF-Prorocentrum minimum,460
7470,2013,Jun,17,17/06/2013,,16.30944,119.92063,TS1,,NB,Dinoflagellate,Protoperidinium latispinum,DF-Protoperidinium latispinum,80
7471,2013,Jun,17,17/06/2013,,16.30944,119.92063,TS1,,1,Silicoflagellate,Tintinopsis,SF-Tintinopsis,3120
7472,2013,Jun,17,17/06/2013,,16.30944,119.92063,TS1,,NB,Silicoflagellate,Tintinopsis,SF-Tintinopsis,13360
7473,2013,Jun,17,17/06/2013,,16.38339,119.91585,TS2,,1,Diatom,Coscinodiscus spp.,D-Coscinodiscus spp.,80
7474,2013,Jun,17,17/06/2013,,16.38339,119.91585,TS2,,NB,Diatom,Coscinodiscus spp.,D-Coscinodiscus spp.,80
7475,2013,Jun,17,17/06/2013,,16.38339,119.91585,TS2,,Mid,Diatom,Guinardia,D-Guinardia,680
7476,2013,Jun,17,17/06/2013,,16.38339,119.91585,TS2,,1,Dinoflagellate,Gyrodinium,DF-Gyrodinium,80
7477,2013,Jun,17,17/06/2013,,16.38339,119.91585,TS2,,1,Diatom,Navicula  spp.,D-Navicula  spp.,80
7478,2013,Jun,17,17/06/2013,,16.38339,119.91585,TS2,,1,Dinoflagellate,Oxytoxum spp.,DF-Oxytoxum spp.,160
7479,2013,Jun,17,17/06/2013,,16.38339,119.91585,TS2,,1,Silicoflagellate,Favella sp.,SF-Favella sp.,160
7480,2013,Jun,17,17/06/2013,,16.38339,119.91585,TS2,,NB,Silicoflagellate,Favella sp.,SF-Favella sp.,40
7481,2013,Jun,17,17/06/2013,,16.38339,119.91585,TS2,,1,Diatom,Pleurosigma sp1,D-Pleurosigma sp. 1,1040
7482,2013,Jun,17,17/06/2013,,16.38339,119.91585,TS2,,NB,Diatom,Pleurosigma sp1,D-Pleurosigma sp. 1,80
7483,2013,Jun,17,17/06/2013,,16.38339,119.91585,TS2,,Mid,Diatom,Pleurosigma sp1,D-Pleurosigma sp. 1,520
7484,2013,Jun,17,17/06/2013,,16.38339,119.91585,TS2,,NB,Diatom,Pleurosigma spp.,D-Pleurosigma spp.,40
7485,2013,Jun,17,17/06/2013,,16.38339,119.91585,TS2,,1,Dinoflagellate,Prorocentrum micans,DF-Prorocentrum micans,480
7486,2013,Jun,17,17/06/2013,,16.38339,119.91585,TS2,,Mid,Dinoflagellate,Prorocentrum micans,DF-Prorocentrum micans,80
7487,2013,Jun,17,17/06/2013,,16.38339,119.91585,TS2,,1,Dinoflagellate,Prorocentrum minimum,DF-Prorocentrum minimum,442680
7488,2013,Jun,17,17/06/2013,,16.38339,119.91585,TS2,,NB,Dinoflagellate,Prorocentrum minimum,DF-Prorocentrum minimum,60
7489,2013,Jun,17,17/06/2013,,16.38339,119.91585,TS2,,Mid,Dinoflagellate,Prorocentrum minimum,DF-Prorocentrum minimum,44000
7490,2013,Jun,17,17/06/2013,,16.38339,119.91585,TS2,,1,Dinoflagellate,Protoperidinium pellucidum,DF-Protoperidinium pellucidum,80
7491,2013,Jun,17,17/06/2013,,16.38339,119.91585,TS2,,Mid,Dinoflagellate,Protoperidinium pellucidum,DF-Protoperidinium pellucidum,80
7492,2013,Jun,17,17/06/2013,,16.38339,119.91585,TS2,,1,Dinoflagellate,Prototoperidnium pallidum,DF-Prototoperidnium pallidum,80
7493,2013,Jun,17,17/06/2013,,16.38339,119.91585,TS2,,1,Diatom,Rhizosolenia sp1,D-Rhizosolenia sp. 1,2400
7494,2013,Jun,17,17/06/2013,,16.38339,119.91585,TS2,,Mid,Diatom,Rhizosolenia sp1,D-Rhizosolenia sp. 1,920
7495,2013,Jun,17,17/06/2013,,16.38339,119.91585,TS2,,1,Dinoflagellate,Scrippsiella spinifera,DF-Scrippsiella spinifera,800
7496,2013,Jun,17,17/06/2013,,16.38339,119.91585,TS2,,1,Dinoflagellate,Scrippsiella spinifera,DF-Scrippsiella spinifera,160
7497,2013,Jun,17,17/06/2013,,16.38339,119.91585,TS2,,1,Raphidophyte,Chattonnella subsalsa,RD-Chattonnella subsalsa,720
7498,2013,Jun,17,17/06/2013,,16.38339,119.91585,TS2,,Mid,Raphidophyte,Chattonnella subsalsa,RD-Chattonnella subsalsa,80
7499,2013,Jun,17,17/06/2013,,16.38339,119.91585,TS2,,1,Diatom,Thalassiosira spp.,D-Thalassiosira spp.,80
7500,2013,Jun,17,17/06/2013,,16.38339,119.91585,TS2,,Mid,Diatom,Thalassiosira spp.,D-Thalassiosira spp.,160
7501,2013,Jun,17,17/06/2013,,16.38339,119.91585,TS2,,1,Silicoflagellate,Tintinopsis,SF-Tintinopsis,160
7502,2013,Jun,17,17/06/2013,,16.34927,119.94606,W1,,1,Dinoflagellate,Alexandrium spp.,DF-Alexandrium spp.,40
7503,2013,Jun,17,17/06/2013,,16.34927,119.94606,W1,,1,Diatom,Coscinodiscus spp.,D-Coscinodiscus spp.,40
7504,2013,Jun,17,17/06/2013,,16.34927,119.94606,W1,,1,Diatom,Cylindricotheca closterium,D-Cylindricotheca closterium,80
7505,2013,Jun,17,17/06/2013,,16.34927,119.94606,W1,,1,Diatom,Navicula  spp.,D-Navicula  spp.,320
7506,2013,Jun,17,17/06/2013,,16.34927,119.94606,W1,,1,Diatom,Pleurosigma sp1,D-Pleurosigma sp. 1,720
7507,2013,Jun,17,17/06/2013,,16.34927,119.94606,W1,,1,Dinoflagellate,Phalacroma  spp.,DF-Phalacroma  spp.,40
7508,2013,Jun,17,17/06/2013,,16.34927,119.94606,W1,,1,Diatom,Pleurosigma spp.,D-Pleurosigma spp.,80
7509,2013,Jun,17,17/06/2013,,16.34927,119.94606,W1,,1,Diatom,Pleurosigma sp2,D-Pleurosigma sp. 2,200
7510,2013,Jun,17,17/06/2013,,16.34927,119.94606,W1,,1,Dinoflagellate,Prorocentrum micans,DF-Prorocentrum micans,560
7511,2013,Jun,17,17/06/2013,,16.34927,119.94606,W1,,1,Dinoflagellate,Prorocentrum minimum,DF-Prorocentrum minimum,354400
7512,2013,Jun,17,17/06/2013,,16.34927,119.94606,W1,,1,Dinoflagellate,Protoperidinium pellucidum,DF-Protoperidinium pellucidum,120
7513,2013,Jun,17,17/06/2013,,16.34927,119.94606,W1,,1,Dinoflagellate,Protoperdinium  pellucidum,DF-Protoperdinium  pellucidum,40
7514,2013,Jun,17,17/06/2013,,16.34927,119.94606,W1,,1,Diatom,Pseudonitzschia spp.,D-Pseudonitzschia spp.,80
7515,2013,Jun,17,17/06/2013,,16.34927,119.94606,W1,,1,Diatom,Rhizosolenia sp1,D-Rhizosolenia sp. 1,10920
7516,2013,Jun,17,17/06/2013,,16.34927,119.94606,W1,,1,Dinoflagellate,Scrippsiella spinifera,DF-Scrippsiella spinifera,80
7517,2013,Jun,17,17/06/2013,,16.34927,119.94606,W1,,1,Raphidophyte,Chattonnella subsalsa,RD-Chattonnella subsalsa,400
7518,2013,Jun,17,17/06/2013,,16.34927,119.94606,W1,,1,Diatom,Thalassiosira spp.,D-Thalassiosira spp.,360
7519,2013,Jun,17,17/06/2013,,16.34927,119.94606,W1,,1,Silicoflagellate,Tintinopsis,SF-Tintinopsis,200
7520,2013,Jun,17,17/06/2013,,16.34927,119.94606,W1,,1,Raphidophyte,Chattonnella subsalsa,RD-Chattonnella subsalsa,40
7521,2013,Jun,17,17/06/2013,,16.37052,119.94857,W10,,1,Diatom,Cylindricotheca closterium,D-Cylindricotheca closterium,240
7522,2013,Jun,17,17/06/2013,,16.37052,119.94857,W10,,1,Diatom,Navicula  spp.,D-Navicula  spp.,800
7523,2013,Jun,17,17/06/2013,,16.37052,119.94857,W10,,1,Dinoflagellate,Oxytoxum spp.,DF-Oxytoxum spp.,80
7524,2013,Jun,17,17/06/2013,,16.37052,119.94857,W10,,1,Diatom,Pleurosigma sp1,D-Pleurosigma sp. 1,960
7525,2013,Jun,17,17/06/2013,,16.37052,119.94857,W10,,1,Diatom,Pleurosigma spp.,D-Pleurosigma spp.,160
7526,2013,Jun,17,17/06/2013,,16.37052,119.94857,W10,,1,Diatom,Pleurosigma sp2,D-Pleurosigma sp. 2,80
7527,2013,Jun,17,17/06/2013,,16.37052,119.94857,W10,,1,Dinoflagellate,Prorocentrum micans,DF-Prorocentrum micans,960
7528,2013,Jun,17,17/06/2013,,16.37052,119.94857,W10,,1,Dinoflagellate,Prorocentrum minimum,DF-Prorocentrum minimum,1255480
7529,2013,Jun,17,17/06/2013,,16.37052,119.94857,W10,,1,Dinoflagellate,Protoperidinium pellucidum,DF-Protoperidinium pellucidum,240
7530,2013,Jun,17,17/06/2013,,16.37052,119.94857,W10,,1,Dinoflagellate,Protoperidinium latispinum,DF-Protoperidinium latispinum,320
7531,2013,Jun,17,17/06/2013,,16.37052,119.94857,W10,,1,Dinoflagellate,Prototoperidnium pallidum,DF-Prototoperidnium pallidum,80
7532,2013,Jun,17,17/06/2013,,16.37052,119.94857,W10,,1,Diatom,Pseudonitzschia spp.,D-Pseudonitzschia spp.,80
7533,2013,Jun,17,17/06/2013,,16.37052,119.94857,W10,,1,Diatom,Rhizosolenia sp1,D-Rhizosolenia sp. 1,3280
7534,2013,Jun,17,17/06/2013,,16.37052,119.94857,W10,,1,Raphidophyte,Chattonnella subsalsa,RD-Chattonnella subsalsa,240
7535,2013,Jun,17,17/06/2013,,16.37052,119.94857,W10,,1,Diatom,Thalassiosira spp.,D-Thalassiosira spp.,80
7536,2013,Jun,17,17/06/2013,,16.37052,119.94857,W10,,1,Raphidophyte,Chattonnella subsalsa,RD-Chattonnella subsalsa,80
7537,2013,Jun,17,17/06/2013,,16.38326,119.92616,W11,,NB,Diatom,Biddulphia,D-Biddulphia,160
7538,2013,Jun,17,17/06/2013,,16.38326,119.92616,W11,,NB,Diatom,Coscinodiscus spp.,D-Coscinodiscus spp.,240
7539,2013,Jun,17,17/06/2013,,16.38326,119.92616,W11,,1,Diatom,Coscinodiscus spp.,D-Coscinodiscus spp.,80
7540,2013,Jun,17,17/06/2013,,16.38326,119.92616,W11,,NB,Diatom,Cylindricotheca closterium,D-Cylindricotheca closterium,160
7541,2013,Jun,17,17/06/2013,,16.38326,119.92616,W11,,1,Diatom,Navicula  spp.,D-Navicula  spp.,160
7542,2013,Jun,17,17/06/2013,,16.38326,119.92616,W11,,NB,Silicoflagellate,Favella sp.,SF-Favella sp.,80
7543,2013,Jun,17,17/06/2013,,16.38326,119.92616,W11,,NB,Diatom,Pleurosigma sp1,D-Pleurosigma sp. 1,640
7544,2013,Jun,17,17/06/2013,,16.38326,119.92616,W11,,1,Diatom,Pleurosigma sp1,D-Pleurosigma sp. 1,1440
7545,2013,Jun,17,17/06/2013,,16.38326,119.92616,W11,,1,Dinoflagellate,Prorocentrum micans,DF-Prorocentrum micans,80
7546,2013,Jun,17,17/06/2013,,16.38326,119.92616,W11,,NB,Dinoflagellate,Prorocentrum minimum,DF-Prorocentrum minimum,34780
7547,2013,Jun,17,17/06/2013,,16.38326,119.92616,W11,,1,Dinoflagellate,Prorocentrum minimum,DF-Prorocentrum minimum,177100
7548,2013,Jun,17,17/06/2013,,16.38326,119.92616,W11,,NB,Dinoflagellate,Protoperidinium pellucidum,DF-Protoperidinium pellucidum,80
7549,2013,Jun,17,17/06/2013,,16.38326,119.92616,W11,,1,Dinoflagellate,Protoperidinium pellucidum,DF-Protoperidinium pellucidum,80
7550,2013,Jun,17,17/06/2013,,16.38326,119.92616,W11,,1,Dinoflagellate,Prototoperidnium pallidum,DF-Prototoperidnium pallidum,80
7551,2013,Jun,17,17/06/2013,,16.38326,119.92616,W11,,NB,Diatom,Rhizosolenia sp1,D-Rhizosolenia sp. 1,1840
7552,2013,Jun,17,17/06/2013,,16.38326,119.92616,W11,,1,Diatom,Rhizosolenia sp1,D-Rhizosolenia sp. 1,5200
7553,2013,Jun,17,17/06/2013,,16.38326,119.92616,W11,,1,Raphidophyte,Chattonnella subsalsa,RD-Chattonnella subsalsa,160
7554,2013,Jun,17,17/06/2013,,16.38326,119.92616,W11,,NB,Diatom,Thalassiosira spp.,D-Thalassiosira spp.,240
7555,2013,Jun,17,17/06/2013,,16.38326,119.92616,W11,,1,Diatom,Thalassiosira spp.,D-Thalassiosira spp.,160
7556,2013,Jun,17,17/06/2013,,16.38326,119.92616,W11,,NB,Silicoflagellate,Tintinopsis,SF-Tintinopsis,240
7557,2013,Jun,17,17/06/2013,,16.38326,119.92616,W11,,1,Silicoflagellate,Tintinopsis,SF-Tintinopsis,240
7558,2013,Jun,17,17/06/2013,,16.33668,119.94476,W2A,,1,Diatom,Navicula  spp.,D-Navicula  spp.,560
7559,2013,Jun,17,17/06/2013,,16.33668,119.94476,W2A,,1,Dinoflagellate,Oxytoxum spp.,DF-Oxytoxum spp.,80
7560,2013,Jun,17,17/06/2013,,16.33668,119.94476,W2A,,1,Diatom,Pleurosigma sp1,D-Pleurosigma sp. 1,480
7561,2013,Jun,17,17/06/2013,,16.33668,119.94476,W2A,,1,Diatom,Pleurosigma spp.,D-Pleurosigma spp.,80
7562,2013,Jun,17,17/06/2013,,16.33668,119.94476,W2A,,1,Dinoflagellate,Prorocentrum micans,DF-Prorocentrum micans,1040
7563,2013,Jun,17,17/06/2013,,16.33668,119.94476,W2A,,1,Dinoflagellate,Prorocentrum minimum,DF-Prorocentrum minimum,602220
7564,2013,Jun,17,17/06/2013,,16.33668,119.94476,W2A,,1,Diatom,Rhizosolenia sp1,D-Rhizosolenia sp. 1,8320
7565,2013,Jun,17,17/06/2013,,16.33668,119.94476,W2A,,1,Raphidophyte,Chattonnella subsalsa,RD-Chattonnella subsalsa,240
7566,2013,Jun,17,17/06/2013,,16.33668,119.94476,W2A,,1,Diatom,Thalassiosira spp.,D-Thalassiosira spp.,400
7567,2013,Jun,17,17/06/2013,,16.33668,119.94476,W2A,,1,Silicoflagellate,Tintinopsis,SF-Tintinopsis,640
7568,2013,Jun,17,17/06/2013,,16.37073,119.93401,W3,,NB,Diatom,Coscinodiscus spp.,D-Coscinodiscus spp.,240
7569,2013,Jun,17,17/06/2013,,16.37073,119.93401,W3,,1,Diatom,Coscinodiscus spp.,D-Coscinodiscus spp.,120
7570,2013,Jun,17,17/06/2013,,16.37073,119.93401,W3,,NB,Diatom,Cylindricotheca closterium,D-Cylindricotheca closterium,80
7571,2013,Jun,17,17/06/2013,,16.37073,119.93401,W3,,1,Diatom,Cylindricotheca closterium,D-Cylindricotheca closterium,40
7572,2013,Jun,17,17/06/2013,,16.37073,119.93401,W3,,1,Diatom,Guinardia,D-Guinardia,40
7573,2013,Jun,17,17/06/2013,,16.37073,119.93401,W3,,NB,Diatom,Navicula  spp.,D-Navicula  spp.,80
7574,2013,Jun,17,17/06/2013,,16.37073,119.93401,W3,,1,Diatom,Navicula  spp.,D-Navicula  spp.,200
7575,2013,Jun,17,17/06/2013,,16.37073,119.93401,W3,,NB,Dinoflagellate,Oxytoxum spp.,DF-Oxytoxum spp.,80
7576,2013,Jun,17,17/06/2013,,16.37073,119.93401,W3,,1,Dinoflagellate,Oxytoxum spp.,DF-Oxytoxum spp.,120
7577,2013,Jun,17,17/06/2013,,16.37073,119.93401,W3,,NB,Diatom,Pleurosigma sp1,D-Pleurosigma sp. 1,320
7578,2013,Jun,17,17/06/2013,,16.37073,119.93401,W3,,1,Diatom,Pleurosigma sp1,D-Pleurosigma sp. 1,360
7579,2013,Jun,17,17/06/2013,,16.37073,119.93401,W3,,1,Dinoflagellate,Phalacroma  spp.,DF-Phalacroma  spp.,40
7580,2013,Jun,17,17/06/2013,,16.37073,119.93401,W3,,1,Diatom,Pleurosigma sp2,D-Pleurosigma sp. 2,160
7581,2013,Jun,17,17/06/2013,,16.37073,119.93401,W3,,NB,Dinoflagellate,Prorocentrum micans,DF-Prorocentrum micans,480
7582,2013,Jun,17,17/06/2013,,16.37073,119.93401,W3,,1,Dinoflagellate,Prorocentrum micans,DF-Prorocentrum micans,400
7583,2013,Jun,17,17/06/2013,,16.37073,119.93401,W3,,NB,Dinoflagellate,Prorocentrum minimum,DF-Prorocentrum minimum,977680
7584,2013,Jun,17,17/06/2013,,16.37073,119.93401,W3,,1,Dinoflagellate,Prorocentrum minimum,DF-Prorocentrum minimum,738020
7585,2013,Jun,17,17/06/2013,,16.37073,119.93401,W3,,NB,Dinoflagellate,Protoperidinium pellucidum,DF-Protoperidinium pellucidum,480
7586,2013,Jun,17,17/06/2013,,16.37073,119.93401,W3,,1,Dinoflagellate,Protoperidinium pellucidum,DF-Protoperidinium pellucidum,120
7587,2013,Jun,17,17/06/2013,,16.37073,119.93401,W3,,NB,Dinoflagellate,Protoperdinium  pellucidum,DF-Protoperdinium  pellucidum,80
7588,2013,Jun,17,17/06/2013,,16.37073,119.93401,W3,,1,Dinoflagellate,Prototoperidnium pallidum,DF-Prototoperidnium pallidum,80
7589,2013,Jun,17,17/06/2013,,16.37073,119.93401,W3,,NB,Diatom,Rhizosolenia sp1,D-Rhizosolenia sp. 1,1920
7590,2013,Jun,17,17/06/2013,,16.37073,119.93401,W3,,1,Diatom,Rhizosolenia sp1,D-Rhizosolenia sp. 1,920
7591,2013,Jun,17,17/06/2013,,16.37073,119.93401,W3,,NB,Dinoflagellate,Scrippsiella spinifera,DF-Scrippsiella spinifera,80
7592,2013,Jun,17,17/06/2013,,16.37073,119.93401,W3,,1,Dinoflagellate,Scrippsiella spinifera,DF-Scrippsiella spinifera,520
7593,2013,Jun,17,17/06/2013,,16.37073,119.93401,W3,,1,Raphidophyte,Chattonnella subsalsa,RD-Chattonnella subsalsa,640
7594,2013,Jun,17,17/06/2013,,16.37073,119.93401,W3,,NB,Diatom,Thalassiosira spp.,D-Thalassiosira spp.,160
7595,2013,Jun,17,17/06/2013,,16.37073,119.93401,W3,,1,Diatom,Thalassiosira spp.,D-Thalassiosira spp.,520
7596,2013,Jun,17,17/06/2013,,16.37073,119.93401,W3,,NB,Silicoflagellate,Tintinopsis,SF-Tintinopsis,400
7597,2013,Jun,17,17/06/2013,,16.37073,119.93401,W3,,1,Silicoflagellate,Tintinopsis,SF-Tintinopsis,560
7598,2013,Jun,17,17/06/2013,,,,W4,,Mid,Diatom,Coscinodiscus spp.,D-Coscinodiscus spp.,80
7599,2013,Jun,17,17/06/2013,,,,W4,,Mid,Diatom,Cylindricotheca closterium,D-Cylindricotheca closterium,40
7600,2013,Jun,17,17/06/2013,,,,W4,,Mid,Dinoflagellate,Gyrodinium,DF-Gyrodinium,40
7601,2013,Jun,17,17/06/2013,,,,W4,,Mid,Diatom,Navicula  spp.,D-Navicula  spp.,80
7602,2013,Jun,17,17/06/2013,,,,W4,,Mid,Dinoflagellate,Oxytoxum spp.,DF-Oxytoxum spp.,120
7603,2013,Jun,17,17/06/2013,,,,W4,,Mid,Diatom,Pleurosigma sp1,D-Pleurosigma sp. 1,520
7604,2013,Jun,17,17/06/2013,,,,W4,,Mid,Diatom,Pleurosigma spp.,D-Pleurosigma spp.,40
7605,2013,Jun,17,17/06/2013,,,,W4,,Mid,Dinoflagellate,Prorocentrum micans,DF-Prorocentrum micans,400
7606,2013,Jun,17,17/06/2013,,,,W4,,Mid,Dinoflagellate,Prorocentrum minimum,DF-Prorocentrum minimum,108200
7607,2013,Jun,17,17/06/2013,,,,W4,,Mid,Dinoflagellate,Protoperidinium pellucidum,DF-Protoperidinium pellucidum,120
7608,2013,Jun,17,17/06/2013,,,,W4,,Mid,Diatom,Rhizosolenia sp1,D-Rhizosolenia sp. 1,4160
7609,2013,Jun,17,17/06/2013,,,,W4,,Mid,Dinoflagellate,Scrippsiella spinifera,DF-Scrippsiella spinifera,40
7610,2013,Jun,17,17/06/2013,,,,W4,,Mid,Raphidophyte,Chattonnella subsalsa,RD-Chattonnella subsalsa,120
7611,2013,Jun,17,17/06/2013,,,,W4,,Mid,Diatom,Thalassiosira spp.,D-Thalassiosira spp.,480
7612,2013,Jun,17,17/06/2013,,,,W4,,Mid,Silicoflagellate,Tintinopsis,SF-Tintinopsis,160
7613,2013,Jun,17,17/06/2013,,16.32003,119.93384,W8,,1,Diatom,Coscinodiscus spp.,D-Coscinodiscus spp.,80
7614,2013,Jun,17,17/06/2013,,16.32003,119.93384,W8,,1,Diatom,Cylindricotheca closterium,D-Cylindricotheca closterium,160
7615,2013,Jun,17,17/06/2013,,16.32003,119.93384,W8,,1,Diatom,Navicula  spp.,D-Navicula  spp.,400
7616,2013,Jun,17,17/06/2013,,16.32003,119.93384,W8,,1,Diatom,Pleurosigma sp1,D-Pleurosigma sp. 1,480
7617,2013,Jun,17,17/06/2013,,16.32003,119.93384,W8,,1,Diatom,Pleurosigma spp.,D-Pleurosigma spp.,160
7618,2013,Jun,17,17/06/2013,,16.32003,119.93384,W8,,1,Dinoflagellate,Prorocentrum micans,DF-Prorocentrum micans,240
7619,2013,Jun,17,17/06/2013,,16.32003,119.93384,W8,,1,Dinoflagellate,Prorocentrum minimum,DF-Prorocentrum minimum,1060
7620,2013,Jun,17,17/06/2013,,16.32003,119.93384,W8,,1,Dinoflagellate,Protoperidinium latispinum,DF-Protoperidinium latispinum,80
7621,2013,Jun,17,17/06/2013,,16.32003,119.93384,W8,,1,Dinoflagellate,Prototoperidnium pallidum,DF-Prototoperidnium pallidum,80
7622,2013,Jun,17,17/06/2013,,16.32003,119.93384,W8,,1,Diatom,Rhizosolenia sp1,D-Rhizosolenia sp. 1,10080
7623,2013,Jun,17,17/06/2013,,16.32003,119.93384,W8,,1,Diatom,Thalassiosira spp.,D-Thalassiosira spp.,1200
7624,2013,Jun,17,17/06/2013,,16.32003,119.93384,W8,,1,Silicoflagellate,Tintinopsis,SF-Tintinopsis,4080
7625,2013,Jun,17,17/06/2013,,16.34775,119.93452,W9,,1,Diatom,Coscinodiscus spp.,D-Coscinodiscus spp.,160
7626,2013,Jun,17,17/06/2013,,16.34775,119.93452,W9,,1,Dinoflagellate,Karenia  mikimotoi,DF-Karenia  mikimotoi,80
7627,2013,Jun,17,17/06/2013,,16.34775,119.93452,W9,,1,Diatom,Navicula  spp.,D-Navicula  spp.,160
7628,2013,Jun,17,17/06/2013,,16.34775,119.93452,W9,,1,Diatom,Pleurosigma sp1,D-Pleurosigma sp. 1,320
7629,2013,Jun,17,17/06/2013,,16.34775,119.93452,W9,,1,Diatom,Pleurosigma spp.,D-Pleurosigma spp.,80
7630,2013,Jun,17,17/06/2013,,16.34775,119.93452,W9,,1,Dinoflagellate,Prorocentrum micans,DF-Prorocentrum micans,880
7631,2013,Jun,17,17/06/2013,,16.34775,119.93452,W9,,1,Dinoflagellate,Prorocentrum minimum,DF-Prorocentrum minimum,345840
7632,2013,Jun,17,17/06/2013,,16.34775,119.93452,W9,,1,Dinoflagellate,Protoperidinium pellucidum,DF-Protoperidinium pellucidum,160
7633,2013,Jun,17,17/06/2013,,16.34775,119.93452,W9,,1,Dinoflagellate,Prototoperidnium pallidum,DF-Prototoperidnium pallidum,80
7634,2013,Jun,17,17/06/2013,,16.34775,119.93452,W9,,1,Diatom,Rhizosolenia sp1,D-Rhizosolenia sp. 1,3920
7635,2013,Jun,17,17/06/2013,,16.34775,119.93452,W9,,1,Diatom,Thalassiosira spp.,D-Thalassiosira spp.,160
7636,2013,Jun,17,17/06/2013,,16.34775,119.93452,W9,,1,Silicoflagellate,Tintinopsis,SF-Tintinopsis,880
7637,2013,Jun,20,20/06/2013,,16.34775,119.93375,A1,,1,Silicoflagellate,Tintinopsis,SF-Tintinopsis,80
7638,2013,Jun,20,20/06/2013,,16.34775,119.93375,A1,,1,Diatom,Navicula  spp.,D-Navicula  spp.,240
7639,2013,Jun,20,20/06/2013,,16.34775,119.93375,A1,,1,Dinoflagellate,Oxytoxum spp.,DF-Oxytoxum spp.,80
7640,2013,Jun,20,20/06/2013,,16.34775,119.93375,A1,,1,Diatom,Pleurosigma sp1,D-Pleurosigma sp. 1,160
7641,2013,Jun,20,20/06/2013,,16.34775,119.93375,A1,,1,Dinoflagellate,Phalacroma  spp.,DF-Phalacroma  spp.,80
7642,2013,Jun,20,20/06/2013,,16.34775,119.93375,A1,,1,Dinoflagellate,Prorocentrum micans,DF-Prorocentrum micans,160
7643,2013,Jun,20,20/06/2013,,16.34775,119.93375,A1,,1,Dinoflagellate,Prorocentrum minimum,DF-Prorocentrum minimum,72460
7644,2013,Jun,20,20/06/2013,,16.34775,119.93375,A1,,1,Dinoflagellate,Protoperidinium pellucidum,DF-Protoperidinium pellucidum,240
7645,2013,Jun,20,20/06/2013,,16.34775,119.93375,A1,,1,Dinoflagellate,Protoperdinium  pellucidum,DF-Protoperdinium  pellucidum,80
7646,2013,Jun,20,20/06/2013,,16.34775,119.93375,A1,,1,Dinoflagellate,Prototoperidnium pallidum,DF-Prototoperidnium pallidum,80
7647,2013,Jun,20,20/06/2013,,16.34775,119.93375,A1,,1,Diatom,Rhizosolenia sp1,D-Rhizosolenia sp. 1,1200
7648,2013,Jun,20,20/06/2013,,16.34775,119.93375,A1,,1,Dinoflagellate,Scrippsiella spinifera,DF-Scrippsiella spinifera,80
7649,2013,Jun,20,20/06/2013,,16.34775,119.93375,A1,,1,Diatom,Thalassiosira spp.,D-Thalassiosira spp.,80
7650,2013,Jun,20,20/06/2013,,16.34775,119.93375,A1,,1,Silicoflagellate,Tintinopsis,SF-Tintinopsis,1520
7651,2013,Jun,20,20/06/2013,,16.34775,119.93452,A2,,1,Diatom,Pleurosigma sp1,D-Pleurosigma sp. 1,160
7652,2013,Jun,20,20/06/2013,,16.34775,119.93452,A2,,1,Diatom,Pleurosigma sp2,D-Pleurosigma sp. 2,2000
7653,2013,Jun,20,20/06/2013,,16.34775,119.93452,A2,,1,Dinoflagellate,Prorocentrum micans,DF-Prorocentrum micans,80
7654,2013,Jun,20,20/06/2013,,16.34775,119.93452,A2,,1,Raphidophyte,Chattonnella subsalsa,RD-Chattonnella subsalsa,80
7655,2013,Jun,20,20/06/2013,,16.34775,119.93452,A2,,1,Silicoflagellate,Tintinopsis,SF-Tintinopsis,480
7656,2013,Jun,20,20/06/2013,,16.28459,119.92285,A4,,1,Diatom,Chaetoceros spp.,D-Chaetoceros spp.,240
7657,2013,Jun,20,20/06/2013,,16.28459,119.92285,A4,,1,Diatom,Pleurosigma sp2,D-Pleurosigma sp. 2,27840
7658,2013,Jun,20,20/06/2013,,16.28459,119.92285,A4,,1,Dinoflagellate,Phalacroma  spp.,DF-Phalacroma  spp.,80
7659,2013,Jun,20,20/06/2013,,16.28459,119.92285,A4,,1,Diatom,Pseudonitzschia spp.,D-Pseudonitzschia spp.,3760
7660,2013,Jun,20,20/06/2013,,16.28459,119.92285,A4,,1,Diatom,Rhizosolenia sp2,D-Rhizosolenia sp. 2,7360
7661,2013,Jun,20,20/06/2013,,16.28459,119.92285,A4,,1,Diatom,Thalassiosira spp.,D-Thalassiosira spp.,560
7662,2013,Jun,20,20/06/2013,,16.27365,119.92599,A5,,1,Diatom,Chaetoceros spp.,D-Chaetoceros spp.,240
7663,2013,Jun,20,20/06/2013,,16.27365,119.92599,A5,,1,Diatom,Coscinodiscus spp.,D-Coscinodiscus spp.,160
7664,2013,Jun,20,20/06/2013,,16.27365,119.92599,A5,,1,Diatom,Navicula  spp.,D-Navicula  spp.,80
7665,2013,Jun,20,20/06/2013,,16.27365,119.92599,A5,,1,Dinoflagellate,Oxytoxum spp.,DF-Oxytoxum spp.,80
7666,2013,Jun,20,20/06/2013,,16.27365,119.92599,A5,,1,Diatom,Pleurosigma sp1,D-Pleurosigma sp. 1,80
7667,2013,Jun,20,20/06/2013,,16.27365,119.92599,A5,,1,Diatom,Pleurosigma sp2,D-Pleurosigma sp. 2,1920
7668,2013,Jun,20,20/06/2013,,16.27365,119.92599,A5,,1,Diatom,Pleurosigma spp.,D-Pleurosigma spp.,80
7669,2013,Jun,20,20/06/2013,,16.27365,119.92599,A5,,1,Dinoflagellate,Prorocentrum micans,DF-Prorocentrum micans,80
7670,2013,Jun,20,20/06/2013,,16.27365,119.92599,A5,,1,Dinoflagellate,Prorocentrum minimum,DF-Prorocentrum minimum,1420
7671,2013,Jun,20,20/06/2013,,16.27365,119.92599,A5,,1,Dinoflagellate,Protoperidinium pellucidum,DF-Protoperidinium pellucidum,80
7672,2013,Jun,20,20/06/2013,,16.27365,119.92599,A5,,1,Dinoflagellate,Prototoperidnium pallidum,DF-Prototoperidnium pallidum,80
7673,2013,Jun,20,20/06/2013,,16.27365,119.92599,A5,,1,Diatom,Rhizosolenia sp1,D-Rhizosolenia sp. 1,2640
7674,2013,Jun,20,20/06/2013,,16.27365,119.92599,A5,,1,Diatom,Rhizosolenia sp2,D-Rhizosolenia sp. 2,160
7675,2013,Jun,20,20/06/2013,,16.27365,119.92599,A5,,1,Diatom,Thalassiosira spp.,D-Thalassiosira spp.,720
7676,2013,Jun,20,20/06/2013,,16.27365,119.92599,A5,,1,Silicoflagellate,Tintinopsis,SF-Tintinopsis,2160
7677,2013,Jun,20,20/06/2013,,16.3743,119.93198,PP,,NB,Dinoflagellate,Oxytoxum spp.,DF-Oxytoxum spp.,80
7678,2013,Jun,20,20/06/2013,,16.3743,119.93198,PP,,NB,Diatom,Pleurosigma sp1,D-Pleurosigma sp. 1,800
7679,2013,Jun,20,20/06/2013,,16.3743,119.93198,PP,,NB,Dinoflagellate,Phalacroma  spp.,DF-Phalacroma  spp.,80
7680,2013,Jun,20,20/06/2013,,16.3743,119.93198,PP,,NB,Diatom,Pleurosigma spp.,D-Pleurosigma spp.,80
7681,2013,Jun,20,20/06/2013,,16.3743,119.93198,PP,,NB,Dinoflagellate,Prorocentrum micans,DF-Prorocentrum micans,480
7682,2013,Jun,20,20/06/2013,,16.3743,119.93198,PP,,NB,Dinoflagellate,Prorocentrum minimum,DF-Prorocentrum minimum,296820
7683,2013,Jun,20,20/06/2013,,16.3743,119.93198,PP,,NB,Dinoflagellate,Protoperidinium pellucidum,DF-Protoperidinium pellucidum,240
7684,2013,Jun,20,20/06/2013,,16.3743,119.93198,PP,,NB,Dinoflagellate,Protoperidinium latispinum,DF-Protoperidinium latispinum,80
7685,2013,Jun,20,20/06/2013,,16.3743,119.93198,PP,,NB,Diatom,Rhizosolenia sp1,D-Rhizosolenia sp. 1,240
7686,2013,Jun,20,20/06/2013,,16.3743,119.93198,PP,,NB,Raphidophyte,Chattonnella subsalsa,RD-Chattonnella subsalsa,240
7687,2013,Jun,20,20/06/2013,,16.3743,119.93198,PP,,NB,Diatom,Thalassiosira spp.,D-Thalassiosira spp.,80
7688,2013,Jun,20,20/06/2013,,16.3743,119.93198,PP,,1,Diatom,Coscinodiscus spp.,D-Coscinodiscus spp.,240
7689,2013,Jun,20,20/06/2013,,16.3743,119.93198,PP,,1,Dinoflagellate,Karenia  mikimotoi,DF-Karenia  mikimotoi,80
7690,2013,Jun,20,20/06/2013,,16.3743,119.93198,PP,,1,Dinoflagellate,Oxytoxum spp.,DF-Oxytoxum spp.,320
7691,2013,Jun,20,20/06/2013,,16.3743,119.93198,PP,,1,Diatom,Pleurosigma sp1,D-Pleurosigma sp. 1,560
7692,2013,Jun,20,20/06/2013,,16.3743,119.93198,PP,,1,Dinoflagellate,Prorocentrum micans,DF-Prorocentrum micans,320
7693,2013,Jun,20,20/06/2013,,16.3743,119.93198,PP,,1,Dinoflagellate,Prorocentrum minimum,DF-Prorocentrum minimum,675240
7694,2013,Jun,20,20/06/2013,,16.3743,119.93198,PP,,1,Dinoflagellate,Protoperidinium pellucidum,DF-Protoperidinium pellucidum,80
7695,2013,Jun,20,20/06/2013,,16.3743,119.93198,PP,,1,Dinoflagellate,Protoperidinium latispinum,DF-Protoperidinium latispinum,80
7696,2013,Jun,20,20/06/2013,,16.3743,119.93198,PP,,1,Dinoflagellate,Prototoperidnium pallidum,DF-Prototoperidnium pallidum,80
7697,2013,Jun,20,20/06/2013,,16.3743,119.93198,PP,,1,Diatom,Rhizosolenia sp1,D-Rhizosolenia sp. 1,80
7698,2013,Jun,20,20/06/2013,,16.3743,119.93198,PP,,1,Dinoflagellate,Scrippsiella spinifera,DF-Scrippsiella spinifera,80
7699,2013,Jun,20,20/06/2013,,16.3743,119.93198,PP,,1,Raphidophyte,Chattonnella subsalsa,RD-Chattonnella subsalsa,560
7700,2013,Jun,20,20/06/2013,,16.3743,119.93198,PP,,1,Diatom,Thalassiosira spp.,D-Thalassiosira spp.,160
7701,2013,Jun,20,20/06/2013,,16.3743,119.93198,PP,,1,Silicoflagellate,Tintinopsis,SF-Tintinopsis,160
7702,2013,Jun,20,20/06/2013,,16.39578,119.90667,RVA3,,Mid,Diatom,Navicula  spp.,D-Navicula  spp.,160
7703,2013,Jun,20,20/06/2013,,16.39578,119.90667,RVA3,,Mid,Dinoflagellate,Oxytoxum spp.,DF-Oxytoxum spp.,80
7704,2013,Jun,20,20/06/2013,,16.39578,119.90667,RVA3,,Mid,Silicoflagellate,Favella sp.,SF-Favella sp.,80
7705,2013,Jun,20,20/06/2013,,16.39578,119.90667,RVA3,,Mid,Diatom,Pleurosigma sp1,D-Pleurosigma sp. 1,640
7706,2013,Jun,20,20/06/2013,,16.39578,119.90667,RVA3,,Mid,Diatom,Pleurosigma spp.,D-Pleurosigma spp.,480
7707,2013,Jun,20,20/06/2013,,16.39578,119.90667,RVA3,,Mid,Dinoflagellate,Prorocentrum micans,DF-Prorocentrum micans,80
7708,2013,Jun,20,20/06/2013,,16.39578,119.90667,RVA3,,Mid,Dinoflagellate,Prorocentrum minimum,DF-Prorocentrum minimum,64180
7709,2013,Jun,20,20/06/2013,,16.39578,119.90667,RVA3,,Mid,Dinoflagellate,Protoperidinium pellucidum,DF-Protoperidinium pellucidum,160
7710,2013,Jun,20,20/06/2013,,16.39578,119.90667,RVA3,,Mid,Dinoflagellate,Protoperdinium  pellucidum,DF-Protoperdinium  pellucidum,80
7711,2013,Jun,20,20/06/2013,,16.39578,119.90667,RVA3,,Mid,Diatom,Rhizosolenia sp1,D-Rhizosolenia sp. 1,160
7712,2013,Jun,20,20/06/2013,,16.39578,119.90667,RVA3,,Mid,Raphidophyte,Chattonnella subsalsa,RD-Chattonnella subsalsa,80
7713,2013,Jun,20,20/06/2013,,16.39578,119.90667,RVA3,,NB,Diatom,Coscinodiscus spp.,D-Coscinodiscus spp.,80
7714,2013,Jun,20,20/06/2013,,16.39578,119.90667,RVA3,,NB,Silicoflagellate,Tintinopsis,SF-Tintinopsis,80
7715,2013,Jun,20,20/06/2013,,16.39578,119.90667,RVA3,,NB,Cyanobacteria,Trichodesmium sp.,CYN-Trichodesmium sp.,160
7716,2013,Jun,20,20/06/2013,,16.39578,119.90667,RVA3,,NB,Diatom,Navicula  spp.,D-Navicula  spp.,80
7717,2013,Jun,20,20/06/2013,,16.39578,119.90667,RVA3,,NB,Diatom,Pleurosigma sp1,D-Pleurosigma sp. 1,960
7718,2013,Jun,20,20/06/2013,,16.39578,119.90667,RVA3,,NB,Diatom,Pleurosigma spp.,D-Pleurosigma spp.,880
7719,2013,Jun,20,20/06/2013,,16.39578,119.90667,RVA3,,NB,Dinoflagellate,Prorocentrum micans,DF-Prorocentrum micans,80
7720,2013,Jun,20,20/06/2013,,16.39578,119.90667,RVA3,,NB,Dinoflagellate,Prorocentrum minimum,DF-Prorocentrum minimum,580
7721,2013,Jun,20,20/06/2013,,16.39578,119.90667,RVA3,,NB,Diatom,Rhizosolenia sp1,D-Rhizosolenia sp. 1,240
7722,2013,Jun,20,20/06/2013,,16.39578,119.90667,RVA3,,NB,Diatom,Skeletonema,D-Skeletonema,560
7723,2013,Jun,20,20/06/2013,,16.39578,119.90667,RVA3,,NB,Raphidophyte,Chattonnella subsalsa,RD-Chattonnella subsalsa,80
7724,2013,Jun,20,20/06/2013,,16.39578,119.90667,RVA3,,NB,Dinoflagellate,Prorocentrum  minimum,DF-Prorocentrum  minimum,640
7725,2013,Jun,20,20/06/2013,,16.39578,119.90667,RVA3,,1,Diatom,Pleurosigma sp1,D-Pleurosigma sp. 1,720
7726,2013,Jun,20,20/06/2013,,16.39578,119.90667,RVA3,,1,Diatom,Pleurosigma spp.,D-Pleurosigma spp.,400
7727,2013,Jun,20,20/06/2013,,16.39578,119.90667,RVA3,,1,Diatom,Pleurosigma sp2,D-Pleurosigma sp. 2,80
7728,2013,Jun,20,20/06/2013,,16.39578,119.90667,RVA3,,1,Dinoflagellate,Prorocentrum minimum,DF-Prorocentrum minimum,23640
7729,2013,Jun,20,20/06/2013,,16.39578,119.90667,RVA3,,1,Dinoflagellate,Protoperidinium pellucidum,DF-Protoperidinium pellucidum,80
7730,2013,Jun,20,20/06/2013,,16.39578,119.90667,RVA3,,1,Diatom,Rhizosolenia sp2,D-Rhizosolenia sp. 2,80
7731,2013,Jun,20,20/06/2013,,16.39578,119.90667,RVA3,,1,Diatom,Thalassiosira spp.,D-Thalassiosira spp.,80
7732,2013,Jun,20,20/06/2013,,16.30944,119.92063,TS1,,NB,Dinoflagellate,Alexandrium spp.,DF-Alexandrium spp.,80
7733,2013,Jun,20,20/06/2013,,16.30944,119.92063,TS1,,NB,Diatom,Coscinodiscus spp.,D-Coscinodiscus spp.,400
7734,2013,Jun,20,20/06/2013,,16.30944,119.92063,TS1,,NB,Diatom,Navicula  spp.,D-Navicula  spp.,80
7735,2013,Jun,20,20/06/2013,,16.30944,119.92063,TS1,,NB,Dinoflagellate,Oxytoxum spp.,DF-Oxytoxum spp.,80
7736,2013,Jun,20,20/06/2013,,16.30944,119.92063,TS1,,NB,Diatom,Pleurosigma sp2,D-Pleurosigma sp. 2,10800
7737,2013,Jun,20,20/06/2013,,16.30944,119.92063,TS1,,NB,Diatom,Rhizosolenia sp1,D-Rhizosolenia sp. 1,560
7738,2013,Jun,20,20/06/2013,,16.30944,119.92063,TS1,,NB,Diatom,Thalassiosira spp.,D-Thalassiosira spp.,240
7739,2013,Jun,20,20/06/2013,,16.30944,119.92063,TS1,,NB,Silicoflagellate,Tintinopsis,SF-Tintinopsis,80
7740,2013,Jun,20,20/06/2013,,16.30944,119.92063,TS1,,1,Diatom,Chaetoceros spp.,D-Chaetoceros spp.,160
7741,2013,Jun,20,20/06/2013,,16.30944,119.92063,TS1,,1,Diatom,Navicula  spp.,D-Navicula  spp.,80
7742,2013,Jun,20,20/06/2013,,16.30944,119.92063,TS1,,1,Diatom,Pleurosigma sp1,D-Pleurosigma sp. 1,160
7743,2013,Jun,20,20/06/2013,,16.30944,119.92063,TS1,,1,Diatom,Pleurosigma sp2,D-Pleurosigma sp. 2,11600
7744,2013,Jun,20,20/06/2013,,16.30944,119.92063,TS1,,1,Dinoflagellate,Phalacroma  spp.,DF-Phalacroma  spp.,240
7745,2013,Jun,20,20/06/2013,,16.30944,119.92063,TS1,,1,Diatom,Rhizosolenia sp1,D-Rhizosolenia sp. 1,160
7746,2013,Jun,20,20/06/2013,,16.30944,119.92063,TS1,,1,Diatom,Rhizosolenia sp2,D-Rhizosolenia sp. 2,240
7747,2013,Jun,20,20/06/2013,,16.30944,119.92063,TS1,,1,Diatom,Thalassiosira spp.,D-Thalassiosira spp.,320
7748,2013,Jun,20,20/06/2013,,16.30944,119.92063,TS1,,1,Silicoflagellate,Tintinopsis,SF-Tintinopsis,400
7749,2013,Jun,20,20/06/2013,,16.38339,119.91585,TS2,,Mid,Diatom,Coscinodiscus spp.,D-Coscinodiscus spp.,240
7750,2013,Jun,20,20/06/2013,,16.38339,119.91585,TS2,,Mid,Diatom,Pleurosigma sp1,D-Pleurosigma sp. 1,880
7751,2013,Jun,20,20/06/2013,,16.38339,119.91585,TS2,,Mid,Dinoflagellate,Prorocentrum micans,DF-Prorocentrum micans,80
7752,2013,Jun,20,20/06/2013,,16.38339,119.91585,TS2,,Mid,Dinoflagellate,Prorocentrum minimum,DF-Prorocentrum minimum,110040
7753,2013,Jun,20,20/06/2013,,16.38339,119.91585,TS2,,Mid,Dinoflagellate,Prototoperidnium pallidum,DF-Prototoperidnium pallidum,80
7754,2013,Jun,20,20/06/2013,,16.38339,119.91585,TS2,,Mid,Diatom,Rhizosolenia sp1,D-Rhizosolenia sp. 1,480
7755,2013,Jun,20,20/06/2013,,16.38339,119.91585,TS2,,Mid,Diatom,Thalassiosira spp.,D-Thalassiosira spp.,160
7756,2013,Jun,20,20/06/2013,,16.38339,119.91585,TS2,,Mid,Dinoflagellate,Prorocentrum  minimum,DF-Prorocentrum  minimum,1200
7757,2013,Jun,20,20/06/2013,,16.38339,119.91585,TS2,,NB,Diatom,Pleurosigma sp1,D-Pleurosigma sp. 1,480
7758,2013,Jun,20,20/06/2013,,16.38339,119.91585,TS2,,NB,Dinoflagellate,Prorocentrum minimum,DF-Prorocentrum minimum,54580
7759,2013,Jun,20,20/06/2013,,16.38339,119.91585,TS2,,NB,Diatom,Rhizosolenia sp1,D-Rhizosolenia sp. 1,80
7760,2013,Jun,20,20/06/2013,,16.38339,119.91585,TS2,,NB,Diatom,Thalassiosira spp.,D-Thalassiosira spp.,80
7761,2013,Jun,20,20/06/2013,,16.38339,119.91585,TS2,,NB,Dinoflagellate,Prorocentrum  minimum,DF-Prorocentrum  minimum,880
7762,2013,Jun,20,20/06/2013,,16.37073,119.93401,W3,,1,Diatom,Coscinodiscus spp.,D-Coscinodiscus spp.,80
7763,2013,Jun,20,20/06/2013,,16.37073,119.93401,W3,,1,Silicoflagellate,Tintinopsis,SF-Tintinopsis,80
7764,2013,Jun,20,20/06/2013,,16.37073,119.93401,W3,,1,Diatom,Pleurosigma sp1,D-Pleurosigma sp. 1,480
7765,2013,Jun,20,20/06/2013,,16.37073,119.93401,W3,,1,Dinoflagellate,Phalacroma  spp.,DF-Phalacroma  spp.,240
7766,2013,Jun,20,20/06/2013,,16.37073,119.93401,W3,,1,Diatom,Pleurosigma spp.,D-Pleurosigma spp.,160
7767,2013,Jun,20,20/06/2013,,16.37073,119.93401,W3,,1,Dinoflagellate,Prorocentrum gracile,DF-Prorocentrum gracile,80
7768,2013,Jun,20,20/06/2013,,16.37073,119.93401,W3,,1,Dinoflagellate,Prorocentrum micans,DF-Prorocentrum micans,880
7769,2013,Jun,20,20/06/2013,,16.37073,119.93401,W3,,1,Dinoflagellate,Prorocentrum minimum,DF-Prorocentrum minimum,1024420
7770,2013,Jun,20,20/06/2013,,16.37073,119.93401,W3,,1,Dinoflagellate,Protoperidinium pellucidum,DF-Protoperidinium pellucidum,80
7771,2013,Jun,20,20/06/2013,,16.37073,119.93401,W3,,1,Diatom,Rhizosolenia sp1,D-Rhizosolenia sp. 1,560
7772,2013,Jun,20,20/06/2013,,16.37073,119.93401,W3,,1,Diatom,Rhizosolenia sp2,D-Rhizosolenia sp. 2,160
7773,2013,Jun,20,20/06/2013,,16.37073,119.93401,W3,,1,Dinoflagellate,Scrippsiella spinifera,DF-Scrippsiella spinifera,80
7774,2013,Jun,20,20/06/2013,,16.37073,119.93401,W3,,1,Dinoflagellate,Scrippsiella spinifera,DF-Scrippsiella spinifera,80
7775,2013,Jun,20,20/06/2013,,16.37073,119.93401,W3,,1,Raphidophyte,Chattonnella subsalsa,RD-Chattonnella subsalsa,480
7776,2013,Jun,20,20/06/2013,,16.37073,119.93401,W3,,1,Diatom,Thalassiosira spp.,D-Thalassiosira spp.,160
7777,2013,Jun,20,20/06/2013,,16.37073,119.93401,W3,,1,Silicoflagellate,Tintinopsis,SF-Tintinopsis,160
7778,2013,Jun,20,20/06/2013,,16.37073,119.93401,W3,,1,Raphidophyte,Chattonnella subsalsa,RD-Chattonnella subsalsa,80
7779,2013,Jun,20,20/06/2013,,16.37073,119.93401,W3,,1,Dinoflagellate,Prorocentrum  minimum,DF-Prorocentrum  minimum,160
7780,2013,Jun,20,20/06/2013,,16.32003,119.93384,W8,,1,Dinoflagellate,Ceratium furca,DF-Ceratium furca,80
7781,2013,Jun,20,20/06/2013,,16.32003,119.93384,W8,,1,Dinoflagellate,Oxytoxum spp.,DF-Oxytoxum spp.,320
7782,2013,Jun,20,20/06/2013,,16.32003,119.93384,W8,,1,Diatom,Pleurosigma sp1,D-Pleurosigma sp. 1,80
7783,2013,Jun,20,20/06/2013,,16.32003,119.93384,W8,,1,Diatom,Pleurosigma sp2,D-Pleurosigma sp. 2,4160
7784,2013,Jun,20,20/06/2013,,16.32003,119.93384,W8,,1,Dinoflagellate,Prorocentrum micans,DF-Prorocentrum micans,80
7785,2013,Jun,20,20/06/2013,,16.32003,119.93384,W8,,1,Dinoflagellate,Prorocentrum minimum,DF-Prorocentrum minimum,480
7786,2013,Jun,20,20/06/2013,,16.32003,119.93384,W8,,1,Dinoflagellate,Protoperidinium pellucidum,DF-Protoperidinium pellucidum,80
7787,2013,Jun,20,20/06/2013,,16.32003,119.93384,W8,,1,Dinoflagellate,Prototoperidnium pallidum,DF-Prototoperidnium pallidum,160
7788,2013,Jun,20,20/06/2013,,16.32003,119.93384,W8,,1,Diatom,Rhizosolenia sp1,D-Rhizosolenia sp. 1,2000
7789,2013,Jun,20,20/06/2013,,16.32003,119.93384,W8,,1,Dinoflagellate,Scrippsiella spinifera,DF-Scrippsiella spinifera,80
7790,2013,Jun,20,20/06/2013,,16.32003,119.93384,W8,,1,Diatom,Thalassiosira spp.,D-Thalassiosira spp.,480
7791,2013,Jun,20,20/06/2013,,16.32003,119.93384,W8,,1,Silicoflagellate,Tintinopsis,SF-Tintinopsis,1920
7792,2013,Jun,20,20/06/2013,,16.34775,119.93452,W9,,1,Diatom,Coscinodiscus spp.,D-Coscinodiscus spp.,160
7793,2013,Jun,20,20/06/2013,,16.34775,119.93452,W9,,1,Diatom,Navicula  spp.,D-Navicula  spp.,80
7794,2013,Jun,20,20/06/2013,,16.34775,119.93452,W9,,1,Dinoflagellate,Oxytoxum spp.,DF-Oxytoxum spp.,160
7795,2013,Jun,20,20/06/2013,,16.34775,119.93452,W9,,1,Diatom,Pleurosigma sp2,D-Pleurosigma sp. 2,320
7796,2013,Jun,20,20/06/2013,,16.34775,119.93452,W9,,1,Dinoflagellate,Prorocentrum micans,DF-Prorocentrum micans,160
7797,2013,Jun,20,20/06/2013,,16.34775,119.93452,W9,,1,Dinoflagellate,Prorocentrum minimum,DF-Prorocentrum minimum,17380
7798,2013,Jun,20,20/06/2013,,16.34775,119.93452,W9,,1,Diatom,Rhizosolenia sp1,D-Rhizosolenia sp. 1,480
7799,2013,Jun,20,20/06/2013,,16.34775,119.93452,W9,,1,Dinoflagellate,Scrippsiella spinifera,DF-Scrippsiella spinifera,80
7800,2013,Jun,20,20/06/2013,,16.34775,119.93452,W9,,1,Diatom,Thalassiosira spp.,D-Thalassiosira spp.,80
7801,2013,Jun,20,20/06/2013,,16.34775,119.93452,W9,,1,Silicoflagellate,Tintinopsis,SF-Tintinopsis,320
7802,2013,Jun,20,20/06/2013,,16.37052,119.94857,W10,,1,Diatom,Cylindricotheca closterium,D-Cylindricotheca closterium,160
7803,2013,Jun,20,20/06/2013,,16.37052,119.94857,W10,,1,Dinoflagellate,Oxytoxum spp.,DF-Oxytoxum spp.,80
7804,2013,Jun,20,20/06/2013,,16.37052,119.94857,W10,,1,Diatom,Pleurosigma sp1,D-Pleurosigma sp. 1,880
7805,2013,Jun,20,20/06/2013,,16.37052,119.94857,W10,,1,Diatom,Pleurosigma spp.,D-Pleurosigma spp.,240
7806,2013,Jun,20,20/06/2013,,16.37052,119.94857,W10,,1,Diatom,Pleurosigma sp2,D-Pleurosigma sp. 2,320
7807,2013,Jun,20,20/06/2013,,16.37052,119.94857,W10,,1,Dinoflagellate,Prorocentrum gracile,DF-Prorocentrum gracile,80
7808,2013,Jun,20,20/06/2013,,16.37052,119.94857,W10,,1,Dinoflagellate,Prorocentrum micans,DF-Prorocentrum micans,1520
7809,2013,Jun,20,20/06/2013,,16.37052,119.94857,W10,,1,Dinoflagellate,Prorocentrum minimum,DF-Prorocentrum minimum,1681440
7810,2013,Jun,20,20/06/2013,,16.37052,119.94857,W10,,1,Dinoflagellate,Protoperidinium pellucidum,DF-Protoperidinium pellucidum,1040
7811,2013,Jun,20,20/06/2013,,16.37052,119.94857,W10,,1,Dinoflagellate,Protoperidinium latispinum,DF-Protoperidinium latispinum,240
7812,2013,Jun,20,20/06/2013,,16.37052,119.94857,W10,,1,Diatom,Rhizosolenia sp1,D-Rhizosolenia sp. 1,240
7813,2013,Jun,20,20/06/2013,,16.37052,119.94857,W10,,1,Raphidophyte,Chattonnella subsalsa,RD-Chattonnella subsalsa,80
7814,2013,Jun,20,20/06/2013,,16.38326,119.92616,W11,,Mid,Diatom,Coscinodiscus spp.,D-Coscinodiscus spp.,160
7815,2013,Jun,20,20/06/2013,,16.38326,119.92616,W11,,Mid,Diatom,Navicula  spp.,D-Navicula  spp.,80
7816,2013,Jun,20,20/06/2013,,16.38326,119.92616,W11,,Mid,Diatom,Pleurosigma sp1,D-Pleurosigma sp. 1,800
7817,2013,Jun,20,20/06/2013,,16.38326,119.92616,W11,,Mid,Dinoflagellate,Phalacroma  spp.,DF-Phalacroma  spp.,80
7818,2013,Jun,20,20/06/2013,,16.38326,119.92616,W11,,Mid,Diatom,Pleurosigma spp.,D-Pleurosigma spp.,80
7819,2013,Jun,20,20/06/2013,,16.38326,119.92616,W11,,Mid,Diatom,Pleurosigma sp2,D-Pleurosigma sp. 2,160
7820,2013,Jun,20,20/06/2013,,16.38326,119.92616,W11,,Mid,Dinoflagellate,Prorocentrum micans,DF-Prorocentrum micans,320
7821,2013,Jun,20,20/06/2013,,16.38326,119.92616,W11,,Mid,Dinoflagellate,Prorocentrum minimum,DF-Prorocentrum minimum,536800
7822,2013,Jun,20,20/06/2013,,16.38326,119.92616,W11,,Mid,Dinoflagellate,Protoperidinium pellucidum,DF-Protoperidinium pellucidum,80
7823,2013,Jun,20,20/06/2013,,16.38326,119.92616,W11,,Mid,Diatom,Rhizosolenia sp1,D-Rhizosolenia sp. 1,560
7824,2013,Jun,20,20/06/2013,,16.38326,119.92616,W11,,Mid,Diatom,Rhizosolenia sp2,D-Rhizosolenia sp. 2,80
7825,2013,Jun,20,20/06/2013,,16.38326,119.92616,W11,,Mid,Dinoflagellate,Scrippsiella spinifera,DF-Scrippsiella spinifera,80
7826,2013,Jun,20,20/06/2013,,16.38326,119.92616,W11,,Mid,Diatom,Thalassiosira spp.,D-Thalassiosira spp.,240
7827,2013,Jun,20,20/06/2013,,16.38326,119.92616,W11,,Mid,Silicoflagellate,Tintinopsis,SF-Tintinopsis,160
7828,2013,Jun,20,20/06/2013,,16.38326,119.92616,W11,,Mid,Dinoflagellate,Prorocentrum  minimum,DF-Prorocentrum  minimum,800
7829,2013,Jun,20,20/06/2013,,16.38326,119.92616,W11,,NB,Diatom,Coscinodiscus spp.,D-Coscinodiscus spp.,240
7830,2013,Jun,20,20/06/2013,,16.38326,119.92616,W11,,NB,Diatom,Guinardia,D-Guinardia,240
7831,2013,Jun,20,20/06/2013,,16.38326,119.92616,W11,,NB,Silicoflagellate,Favella sp.,SF-Favella sp.,80
7832,2013,Jun,20,20/06/2013,,16.38326,119.92616,W11,,NB,Diatom,Pleurosigma sp1,D-Pleurosigma sp. 1,400
7833,2013,Jun,20,20/06/2013,,16.38326,119.92616,W11,,NB,Dinoflagellate,Prorocentrum micans,DF-Prorocentrum micans,80
7834,2013,Jun,20,20/06/2013,,16.38326,119.92616,W11,,NB,Dinoflagellate,Prorocentrum minimum,DF-Prorocentrum minimum,60760
7835,2013,Jun,20,20/06/2013,,16.38326,119.92616,W11,,NB,Dinoflagellate,Scrippsiella spinifera,DF-Scrippsiella spinifera,80
7836,2013,Jun,20,20/06/2013,,16.38326,119.92616,W11,,NB,Diatom,Thalassiosira spp.,D-Thalassiosira spp.,240
7837,2013,Jun,20,20/06/2013,,16.38326,119.92616,W11,,NB,Silicoflagellate,Tintinopsis,SF-Tintinopsis,160
7838,2013,Jun,20,20/06/2013,,16.38326,119.92616,W11,,NB,Dinoflagellate,Prorocentrum  minimum,DF-Prorocentrum  minimum,240
7839,2013,Jun,20,20/06/2013,,16.34927,119.94606,W1,,1,Diatom,Navicula  spp.,D-Navicula  spp.,80
7840,2013,Jun,20,20/06/2013,,16.34927,119.94606,W1,,1,Silicoflagellate,Favella sp.,SF-Favella sp.,80
7841,2013,Jun,20,20/06/2013,,16.34927,119.94606,W1,,1,Diatom,Pleurosigma sp1,D-Pleurosigma sp. 1,1120
7842,2013,Jun,20,20/06/2013,,16.34927,119.94606,W1,,1,Dinoflagellate,Prorocentrum micans,DF-Prorocentrum micans,320
7843,2013,Jun,20,20/06/2013,,16.34927,119.94606,W1,,1,Dinoflagellate,Prorocentrum minimum,DF-Prorocentrum minimum,877180
7844,2013,Jun,20,20/06/2013,,16.34927,119.94606,W1,,1,Diatom,Rhizosolenia sp1,D-Rhizosolenia sp. 1,320
7845,2013,Jun,20,20/06/2013,,16.34927,119.94606,W1,,1,Diatom,Skeletonema,D-Skeletonema,320
7846,2013,Jun,20,20/06/2013,,16.34927,119.94606,W1,,1,Diatom,Thalassiosira spp.,D-Thalassiosira spp.,240
7847,2013,Jun,20,20/06/2013,,16.34927,119.94606,W1,,1,Silicoflagellate,Tintinopsis,SF-Tintinopsis,80
7848,2013,Jun,20,20/06/2013,,16.34927,119.94606,W1,,1,Dinoflagellate,Prorocentrum  minimum,DF-Prorocentrum  minimum,1040
7849,2013,Jun,20,20/06/2013,,16.38326,119.92616,W11,,1,Diatom,Coscinodiscus spp.,D-Coscinodiscus spp.,160
7850,2013,Jun,20,20/06/2013,,16.38326,119.92616,W11,,1,Dinoflagellate,Gonyaulax spinifera,DF-Gonyaulax spinifera,80
7851,2013,Jun,20,20/06/2013,,16.38326,119.92616,W11,,1,Silicoflagellate,Tintinopsis,SF-Tintinopsis,80
7852,2013,Jun,20,20/06/2013,,16.38326,119.92616,W11,,1,Diatom,Navicula  spp.,D-Navicula  spp.,80
7853,2013,Jun,20,20/06/2013,,16.38326,119.92616,W11,,1,Dinoflagellate,Oxytoxum spp.,DF-Oxytoxum spp.,320
7854,2013,Jun,20,20/06/2013,,16.38326,119.92616,W11,,1,Diatom,Pleurosigma sp1,D-Pleurosigma sp. 1,480
7855,2013,Jun,20,20/06/2013,,16.38326,119.92616,W11,,1,Diatom,Pleurosigma spp.,D-Pleurosigma spp.,80
7856,2013,Jun,20,20/06/2013,,16.38326,119.92616,W11,,1,Diatom,Pleurosigma sp2,D-Pleurosigma sp. 2,80
7857,2013,Jun,20,20/06/2013,,16.38326,119.92616,W11,,1,Dinoflagellate,Prorocentrum micans,DF-Prorocentrum micans,1360
7858,2013,Jun,20,20/06/2013,,16.38326,119.92616,W11,,1,Dinoflagellate,Prorocentrum minimum,DF-Prorocentrum minimum,1077420
7859,2013,Jun,20,20/06/2013,,16.38326,119.92616,W11,,1,Dinoflagellate,Protoperidinium pellucidum,DF-Protoperidinium pellucidum,480
7860,2013,Jun,20,20/06/2013,,16.38326,119.92616,W11,,1,Dinoflagellate,Protoperidinium latispinum,DF-Protoperidinium latispinum,80
7861,2013,Jun,20,20/06/2013,,16.38326,119.92616,W11,,1,Diatom,Rhizosolenia sp1,D-Rhizosolenia sp. 1,800
7862,2013,Jun,20,20/06/2013,,16.38326,119.92616,W11,,1,Dinoflagellate,Scrippsiella spinifera,DF-Scrippsiella spinifera,480
7863,2013,Jun,20,20/06/2013,,16.38326,119.92616,W11,,1,Dinoflagellate,Scrippsiella spinifera,DF-Scrippsiella spinifera,80
7864,2013,Jun,20,20/06/2013,,16.38326,119.92616,W11,,1,Raphidophyte,Chattonnella subsalsa,RD-Chattonnella subsalsa,480
7865,2013,Jun,20,20/06/2013,,16.38326,119.92616,W11,,1,Diatom,Thalassiosira spp.,D-Thalassiosira spp.,240
7866,2013,Jun,20,20/06/2013,,16.38326,119.92616,W11,,1,Silicoflagellate,Tintinopsis,SF-Tintinopsis,1200
7867,2013,Jun,20,20/06/2013,,16.38326,119.92616,W11,,1,Raphidophyte,Chattonnella subsalsa,RD-Chattonnella subsalsa,80
7868,2013,Jun,20,20/06/2013,,16.33431,119.95731,A3,,1,Dinoflagellate,Ceratium furca,DF-Ceratium furca,40
7869,2013,Jun,20,20/06/2013,,16.33431,119.95731,A3,,1,Diatom,Coscinodiscus spp.,D-Coscinodiscus spp.,160
7870,2013,Jun,20,20/06/2013,,16.33431,119.95731,A3,,1,Dinoflagellate,Gyrodinium,DF-Gyrodinium,40
7871,2013,Jun,20,20/06/2013,,16.33431,119.95731,A3,,1,Diatom,Navicula  spp.,D-Navicula  spp.,120
7872,2013,Jun,20,20/06/2013,,16.33431,119.95731,A3,,1,Dinoflagellate,Oxytoxum spp.,DF-Oxytoxum spp.,40
7873,2013,Jun,20,20/06/2013,,16.33431,119.95731,A3,,1,Diatom,Pleurosigma sp1,D-Pleurosigma sp. 1,440
7874,2013,Jun,20,20/06/2013,,16.33431,119.95731,A3,,1,Diatom,Pleurosigma sp2,D-Pleurosigma sp. 2,120
7875,2013,Jun,20,20/06/2013,,16.33431,119.95731,A3,,1,Diatom,Pleurosigma sp2,D-Pleurosigma sp. 2,40
7876,2013,Jun,20,20/06/2013,,16.33431,119.95731,A3,,1,Dinoflagellate,Prorocentrum micans,DF-Prorocentrum micans,1000
7877,2013,Jun,20,20/06/2013,,16.33431,119.95731,A3,,1,Dinoflagellate,Prorocentrum minimum,DF-Prorocentrum minimum,456960
7878,2013,Jun,20,20/06/2013,,16.33431,119.95731,A3,,1,Dinoflagellate,Protoperidinium pellucidum,DF-Protoperidinium pellucidum,160
7879,2013,Jun,20,20/06/2013,,16.33431,119.95731,A3,,1,Dinoflagellate,Protoperidinium latispinum,DF-Protoperidinium latispinum,40
7880,2013,Jun,20,20/06/2013,,16.33431,119.95731,A3,,1,Dinoflagellate,Protoperdinium  pellucidum,DF-Protoperdinium  pellucidum,120
7881,2013,Jun,20,20/06/2013,,16.33431,119.95731,A3,,1,Diatom,Pseudonitzschia spp.,D-Pseudonitzschia spp.,80
7882,2013,Jun,20,20/06/2013,,16.33431,119.95731,A3,,1,Diatom,Rhizosolenia sp1,D-Rhizosolenia sp. 1,3160
7883,2013,Jun,20,20/06/2013,,16.33431,119.95731,A3,,1,Dinoflagellate,Scrippsiella spinifera,DF-Scrippsiella spinifera,40
7884,2013,Jun,20,20/06/2013,,16.33431,119.95731,A3,,1,Raphidophyte,Chattonnella subsalsa,RD-Chattonnella subsalsa,120
7885,2013,Jun,20,20/06/2013,,16.33431,119.95731,A3,,1,Silicoflagellate,Tintinopsis,SF-Tintinopsis,40
7886,2013,Jun,20,20/06/2013,,16.33431,119.95731,A3,,1,Raphidophyte,Chattonnella subsalsa,RD-Chattonnella subsalsa,40
7887,2013,Jun,20,20/06/2013,,16.38339,119.91585,TS2,,1,Diatom,Coscinodiscus spp.,D-Coscinodiscus spp.,80
7888,2013,Jun,20,20/06/2013,,16.38339,119.91585,TS2,,1,Diatom,Cylindricotheca closterium,D-Cylindricotheca closterium,120
7889,2013,Jun,20,20/06/2013,,16.38339,119.91585,TS2,,1,Diatom,Pleurosigma sp1,D-Pleurosigma sp. 1,640
7890,2013,Jun,20,20/06/2013,,16.38339,119.91585,TS2,,1,Dinoflagellate,Phalacroma  spp.,DF-Phalacroma  spp.,40
7891,2013,Jun,20,20/06/2013,,16.38339,119.91585,TS2,,1,Dinoflagellate,Prorocentrum micans,DF-Prorocentrum micans,240
7892,2013,Jun,20,20/06/2013,,16.38339,119.91585,TS2,,1,Dinoflagellate,Prorocentrum minimum,DF-Prorocentrum minimum,398700
7893,2013,Jun,20,20/06/2013,,16.38339,119.91585,TS2,,1,Dinoflagellate,Protoperidinium pellucidum,DF-Protoperidinium pellucidum,40
7894,2013,Jun,20,20/06/2013,,16.38339,119.91585,TS2,,1,Dinoflagellate,Protoperdinium  pellucidum,DF-Protoperdinium  pellucidum,40
7895,2013,Jun,20,20/06/2013,,16.38339,119.91585,TS2,,1,Diatom,Rhizosolenia sp1,D-Rhizosolenia sp. 1,120
7896,2013,Jun,20,20/06/2013,,16.38339,119.91585,TS2,,1,Diatom,Thalassiosira spp.,D-Thalassiosira spp.,240
7897,2013,Jun,20,20/06/2013,,16.38339,119.91585,TS2,,1,Dinoflagellate,Prorocentrum  minimum,DF-Prorocentrum  minimum,2200
7898,2013,Jun,20,20/06/2013,,16.33668,119.94476,W2A,,1,Diatom,Coscinodiscus spp.,D-Coscinodiscus spp.,240
7899,2013,Jun,20,20/06/2013,,16.33668,119.94476,W2A,,1,Diatom,Navicula  spp.,D-Navicula  spp.,120
7900,2013,Jun,20,20/06/2013,,16.33668,119.94476,W2A,,1,Diatom,Pleurosigma sp1,D-Pleurosigma sp. 1,120
7901,2013,Jun,20,20/06/2013,,16.33668,119.94476,W2A,,1,Diatom,Pleurosigma sp2,D-Pleurosigma sp. 2,80
7902,2013,Jun,20,20/06/2013,,16.33668,119.94476,W2A,,1,Diatom,Pleurosigma spp.,D-Pleurosigma spp.,80
7903,2013,Jun,20,20/06/2013,,16.33668,119.94476,W2A,,1,Dinoflagellate,Prorocentrum micans,DF-Prorocentrum micans,320
7904,2013,Jun,20,20/06/2013,,16.33668,119.94476,W2A,,1,Dinoflagellate,Prorocentrum minimum,DF-Prorocentrum minimum,463700
7905,2013,Jun,20,20/06/2013,,16.33668,119.94476,W2A,,1,Dinoflagellate,Protoperidinium pellucidum,DF-Protoperidinium pellucidum,80
7906,2013,Jun,20,20/06/2013,,16.33668,119.94476,W2A,,1,Dinoflagellate,Protoperdinium  pellucidum,DF-Protoperdinium  pellucidum,40
7907,2013,Jun,20,20/06/2013,,16.33668,119.94476,W2A,,1,Dinoflagellate,Prototoperidnium pallidum,DF-Prototoperidnium pallidum,40
7908,2013,Jun,20,20/06/2013,,16.33668,119.94476,W2A,,1,Diatom,Rhizosolenia sp2,D-Rhizosolenia sp. 2,2680
7909,2013,Jun,20,20/06/2013,,16.33668,119.94476,W2A,,1,Diatom,Thalassiosira spp.,D-Thalassiosira spp.,80
7910,2013,Jun,20,20/06/2013,,16.33668,119.94476,W2A,,1,Silicoflagellate,Tintinopsis,SF-Tintinopsis,1840
7911,2013,Jun,20,20/06/2013,,16.37073,119.93401,W3,,NB,Diatom,Coscinodiscus spp.,D-Coscinodiscus spp.,40
7912,2013,Jun,20,20/06/2013,,16.37073,119.93401,W3,,NB,Diatom,Cylindricotheca closterium,D-Cylindricotheca closterium,40
7913,2013,Jun,20,20/06/2013,,16.37073,119.93401,W3,,NB,Diatom,Navicula  spp.,D-Navicula  spp.,40
7914,2013,Jun,20,20/06/2013,,16.37073,119.93401,W3,,NB,Diatom,Pleurosigma sp1,D-Pleurosigma sp. 1,840
7915,2013,Jun,20,20/06/2013,,16.37073,119.93401,W3,,NB,Dinoflagellate,Phalacroma  spp.,DF-Phalacroma  spp.,120
7916,2013,Jun,20,20/06/2013,,16.37073,119.93401,W3,,NB,Dinoflagellate,Prorocentrum gracile,DF-Prorocentrum gracile,40
7917,2013,Jun,20,20/06/2013,,16.37073,119.93401,W3,,NB,Dinoflagellate,Prorocentrum micans,DF-Prorocentrum micans,80
7918,2013,Jun,20,20/06/2013,,16.37073,119.93401,W3,,NB,Dinoflagellate,Prorocentrum minimum,DF-Prorocentrum minimum,1167520
7919,2013,Jun,20,20/06/2013,,16.37073,119.93401,W3,,NB,Dinoflagellate,Protoperidinium pellucidum,DF-Protoperidinium pellucidum,360
7920,2013,Jun,20,20/06/2013,,16.37073,119.93401,W3,,NB,Dinoflagellate,Protoperdinium  pellucidum,DF-Protoperdinium  pellucidum,120
7921,2013,Jun,20,20/06/2013,,16.37073,119.93401,W3,,NB,Diatom,Rhizosolenia sp1,D-Rhizosolenia sp. 1,520
7922,2013,Jun,20,20/06/2013,,16.37073,119.93401,W3,,NB,Diatom,Rhizosolenia sp2,D-Rhizosolenia sp. 2,80
7923,2013,Jun,20,20/06/2013,,16.37073,119.93401,W3,,NB,Dinoflagellate,Scrippsiella spinifera,DF-Scrippsiella spinifera,160
7924,2013,Jun,20,20/06/2013,,16.37073,119.93401,W3,,NB,Raphidophyte,Chattonnella subsalsa,RD-Chattonnella subsalsa,360
7925,2013,Jun,20,20/06/2013,,16.37073,119.93401,W3,,NB,Diatom,Thalassiosira spp.,D-Thalassiosira spp.,80
7926,2013,Jun,20,20/06/2013,,16.37073,119.93401,W3,,NB,Silicoflagellate,Tintinopsis,SF-Tintinopsis,40
7927,2013,Jun,20,20/06/2013,,16.37073,119.93401,W3,,NB,Dinoflagellate,Prorocentrum  minimum,DF-Prorocentrum  minimum,640
7928,2013,Jun,24,24/06/2013,,16.34775,119.93452,A2,,1,Diatom,Coscinodiscus spp.,D-Coscinodiscus spp.,80
7929,2013,Jun,24,24/06/2013,,16.34775,119.93452,A2,,1,Diatom,Pleurosigma sp1,D-Pleurosigma sp. 1,80
7930,2013,Jun,24,24/06/2013,,16.34775,119.93452,A2,,1,Diatom,Pleurosigma sp2,D-Pleurosigma sp. 2,80
7931,2013,Jun,24,24/06/2013,,16.34775,119.93452,A2,,1,Dinoflagellate,Prorocentrum micans,DF-Prorocentrum micans,400
7932,2013,Jun,24,24/06/2013,,16.34775,119.93452,A2,,1,Dinoflagellate,Prorocentrum minimum,DF-Prorocentrum minimum,3360
7933,2013,Jun,24,24/06/2013,,16.34775,119.93452,A2,,1,Diatom,Rhizosolenia sp1,D-Rhizosolenia sp. 1,80
7934,2013,Jun,24,24/06/2013,,16.34775,119.93452,A2,,1,Diatom,Rhizosolenia sp2,D-Rhizosolenia sp. 2,160
7935,2013,Jun,24,24/06/2013,,16.34775,119.93452,A2,,1,Diatom,Thalassiosira spp.,D-Thalassiosira spp.,400
7936,2013,Jun,24,24/06/2013,,16.34775,119.93452,A2,,1,Silicoflagellate,Tintinopsis,SF-Tintinopsis,1200
7937,2013,Jun,24,24/06/2013,,16.28459,119.92285,A4,,1,Diatom,Coscinodiscus spp.,D-Coscinodiscus spp.,160
7938,2013,Jun,24,24/06/2013,,16.28459,119.92285,A4,,1,Diatom,Pleurosigma sp1,D-Pleurosigma sp. 1,80
7939,2013,Jun,24,24/06/2013,,16.28459,119.92285,A4,,1,Diatom,Pleurosigma sp2,D-Pleurosigma sp. 2,240
7940,2013,Jun,24,24/06/2013,,16.28459,119.92285,A4,,1,Dinoflagellate,Prorocentrum minimum,DF-Prorocentrum minimum,40
7941,2013,Jun,24,24/06/2013,,16.28459,119.92285,A4,,1,Diatom,Rhizosolenia sp1,D-Rhizosolenia sp. 1,80
7942,2013,Jun,24,24/06/2013,,16.28459,119.92285,A4,,1,Diatom,Thalassiosira spp.,D-Thalassiosira spp.,240
7943,2013,Jun,24,24/06/2013,,16.28459,119.92285,A4,,1,Silicoflagellate,Tintinopsis,SF-Tintinopsis,240
7944,2013,Jun,24,24/06/2013,,16.28459,119.92285,A4,,1,Dinoflagellate,Prorocentrum  minimum,DF-Prorocentrum  minimum,240
7945,2013,Jun,24,24/06/2013,,16.27365,119.92599,A5,,1,Diatom,Chaetoceros spp.,D-Chaetoceros spp.,320
7946,2013,Jun,24,24/06/2013,,16.27365,119.92599,A5,,1,Diatom,Coscinodiscus spp.,D-Coscinodiscus spp.,240
7947,2013,Jun,24,24/06/2013,,16.27365,119.92599,A5,,1,Diatom,Melosira,D-Melosira,480
7948,2013,Jun,24,24/06/2013,,16.27365,119.92599,A5,,1,Diatom,Pleurosigma sp2,D-Pleurosigma sp. 2,720
7949,2013,Jun,24,24/06/2013,,16.27365,119.92599,A5,,1,Dinoflagellate,Prorocentrum micans,DF-Prorocentrum micans,80
7950,2013,Jun,24,24/06/2013,,16.27365,119.92599,A5,,1,Dinoflagellate,Prorocentrum minimum,DF-Prorocentrum minimum,100
7951,2013,Jun,24,24/06/2013,,16.27365,119.92599,A5,,1,Diatom,Rhizosolenia sp2,D-Rhizosolenia sp. 2,240
7952,2013,Jun,24,24/06/2013,,16.27365,119.92599,A5,,1,Cyanobacteria,Trichodesmium sp.,CYN-Trichodesmium sp.,80
7953,2013,Jun,24,24/06/2013,,16.27365,119.92599,A5,,1,Diatom,Thalassiosira spp.,D-Thalassiosira spp.,240
7954,2013,Jun,24,24/06/2013,,16.27365,119.92599,A5,,1,Silicoflagellate,Tintinopsis,SF-Tintinopsis,320
7955,2013,Jun,24,24/06/2013,,16.3743,119.93198,PP,,NB,Diatom,Pleurosigma sp1,D-Pleurosigma sp. 1,2080
7956,2013,Jun,24,24/06/2013,,16.3743,119.93198,PP,,NB,Diatom,Pleurosigma sp2,D-Pleurosigma sp. 2,80
7957,2013,Jun,24,24/06/2013,,16.3743,119.93198,PP,,NB,Dinoflagellate,Phalacroma  spp.,DF-Phalacroma  spp.,80
7958,2013,Jun,24,24/06/2013,,16.3743,119.93198,PP,,NB,Dinoflagellate,Prorocentrum minimum,DF-Prorocentrum minimum,8580
7959,2013,Jun,24,24/06/2013,,16.3743,119.93198,PP,,NB,Diatom,Pseudonitzschia spp.,D-Pseudonitzschia spp.,160
7960,2013,Jun,24,24/06/2013,,16.3743,119.93198,PP,,NB,Diatom,Rhizosolenia sp1,D-Rhizosolenia sp. 1,1280
7961,2013,Jun,24,24/06/2013,,16.3743,119.93198,PP,,NB,Diatom,Rhizosolenia sp2,D-Rhizosolenia sp. 2,240
7962,2013,Jun,24,24/06/2013,,16.3743,119.93198,PP,,NB,Silicoflagellate,Tintinopsis,SF-Tintinopsis,6400
7963,2013,Jun,24,24/06/2013,,16.3743,119.93198,PP,,NB,Dinoflagellate,Prorocentrum  minimum,DF-Prorocentrum  minimum,1120
7964,2013,Jun,24,24/06/2013,,16.3743,119.93198,PP,,1,Diatom,Coscinodiscus spp.,D-Coscinodiscus spp.,160
7965,2013,Jun,24,24/06/2013,,16.3743,119.93198,PP,,1,Diatom,Navicula  spp.,D-Navicula  spp.,80
7966,2013,Jun,24,24/06/2013,,16.3743,119.93198,PP,,1,Diatom,Pleurosigma sp1,D-Pleurosigma sp. 1,1520
7967,2013,Jun,24,24/06/2013,,16.3743,119.93198,PP,,1,Diatom,Pleurosigma sp2,D-Pleurosigma sp. 2,320
7968,2013,Jun,24,24/06/2013,,16.3743,119.93198,PP,,1,Diatom,Pleurosigma spp.,D-Pleurosigma spp.,80
7969,2013,Jun,24,24/06/2013,,16.3743,119.93198,PP,,1,Dinoflagellate,Prorocentrum micans,DF-Prorocentrum micans,880
7970,2013,Jun,24,24/06/2013,,16.3743,119.93198,PP,,1,Dinoflagellate,Prorocentrum minimum,DF-Prorocentrum minimum,533800
7971,2013,Jun,24,24/06/2013,,16.3743,119.93198,PP,,1,Diatom,Rhizosolenia sp1,D-Rhizosolenia sp. 1,1440
7972,2013,Jun,24,24/06/2013,,16.3743,119.93198,PP,,1,Diatom,Thalassiosira spp.,D-Thalassiosira spp.,80
7973,2013,Jun,24,24/06/2013,,16.3743,119.93198,PP,,1,Silicoflagellate,Tintinopsis,SF-Tintinopsis,3280
7974,2013,Jun,24,24/06/2013,,16.39578,119.90667,RVA3,,Mid,Diatom,Bacteriastrum spp.,D-Bacteriastrum spp.,80
7975,2013,Jun,24,24/06/2013,,16.39578,119.90667,RVA3,,Mid,Diatom,Coscinodiscus spp.,D-Coscinodiscus spp.,80
7976,2013,Jun,24,24/06/2013,,16.39578,119.90667,RVA3,,Mid,Diatom,Cylindricotheca closterium,D-Cylindricotheca closterium,80
7977,2013,Jun,24,24/06/2013,,16.39578,119.90667,RVA3,,Mid,Diatom,Navicula  spp.,D-Navicula  spp.,240
7978,2013,Jun,24,24/06/2013,,16.39578,119.90667,RVA3,,Mid,Diatom,Pleurosigma sp1,D-Pleurosigma sp. 1,480
7979,2013,Jun,24,24/06/2013,,16.39578,119.90667,RVA3,,Mid,Diatom,Pleurosigma spp.,D-Pleurosigma spp.,320
7980,2013,Jun,24,24/06/2013,,16.39578,119.90667,RVA3,,Mid,Diatom,Pleurosigma sp2,D-Pleurosigma sp. 2,80
7981,2013,Jun,24,24/06/2013,,16.39578,119.90667,RVA3,,Mid,Dinoflagellate,Prorocentrum minimum,DF-Prorocentrum minimum,160
7982,2013,Jun,24,24/06/2013,,16.39578,119.90667,RVA3,,Mid,Diatom,Rhizosolenia sp1,D-Rhizosolenia sp. 1,80
7983,2013,Jun,24,24/06/2013,,16.39578,119.90667,RVA3,,Mid,Diatom,Rhizosolenia sp2,D-Rhizosolenia sp. 2,160
7984,2013,Jun,24,24/06/2013,,16.39578,119.90667,RVA3,,Mid,Diatom,Thalassiosira spp.,D-Thalassiosira spp.,160
7985,2013,Jun,24,24/06/2013,,16.39578,119.90667,RVA3,,Mid,Silicoflagellate,Tintinopsis,SF-Tintinopsis,240
7986,2013,Jun,24,24/06/2013,,16.39578,119.90667,RVA3,,Mid,Dinoflagellate,Prorocentrum  minimum,DF-Prorocentrum  minimum,960
7987,2013,Jun,24,24/06/2013,,16.39578,119.90667,RVA3,,NB,Diatom,Cylindricotheca closterium,D-Cylindricotheca closterium,80
7988,2013,Jun,24,24/06/2013,,16.39578,119.90667,RVA3,,NB,Diatom,Navicula  spp.,D-Navicula  spp.,560
7989,2013,Jun,24,24/06/2013,,16.39578,119.90667,RVA3,,NB,Diatom,Pleurosigma sp1,D-Pleurosigma sp. 1,400
7990,2013,Jun,24,24/06/2013,,16.39578,119.90667,RVA3,,NB,Diatom,Pleurosigma spp.,D-Pleurosigma spp.,240
7991,2013,Jun,24,24/06/2013,,16.39578,119.90667,RVA3,,NB,Dinoflagellate,Prorocentrum micans,DF-Prorocentrum micans,80
7992,2013,Jun,24,24/06/2013,,16.39578,119.90667,RVA3,,NB,Dinoflagellate,Prorocentrum minimum,DF-Prorocentrum minimum,20
7993,2013,Jun,24,24/06/2013,,16.39578,119.90667,RVA3,,NB,Diatom,Rhizosolenia sp1,D-Rhizosolenia sp. 1,160
7994,2013,Jun,24,24/06/2013,,16.39578,119.90667,RVA3,,NB,Diatom,Thalassiosira spp.,D-Thalassiosira spp.,80
7995,2013,Jun,24,24/06/2013,,16.39578,119.90667,RVA3,,NB,Silicoflagellate,Tintinopsis,SF-Tintinopsis,80
7996,2013,Jun,24,24/06/2013,,16.39578,119.90667,RVA3,,NB,Dinoflagellate,Prorocentrum  minimum,DF-Prorocentrum  minimum,480
7997,2013,Jun,24,24/06/2013,,16.39578,119.90667,RVA3,,1,Diatom,Chaetoceros spp.,D-Chaetoceros spp.,160
7998,2013,Jun,24,24/06/2013,,16.39578,119.90667,RVA3,,1,Diatom,Navicula  spp.,D-Navicula  spp.,160
7999,2013,Jun,24,24/06/2013,,16.39578,119.90667,RVA3,,1,Diatom,Pleurosigma sp1,D-Pleurosigma sp. 1,480
8000,2013,Jun,24,24/06/2013,,16.39578,119.90667,RVA3,,1,Dinoflagellate,Prorocentrum micans,DF-Prorocentrum micans,80
8001,2013,Jun,24,24/06/2013,,16.39578,119.90667,RVA3,,1,Dinoflagellate,Prorocentrum minimum,DF-Prorocentrum minimum,120
8002,2013,Jun,24,24/06/2013,,16.39578,119.90667,RVA3,,1,Diatom,Thalassiosira spp.,D-Thalassiosira spp.,160
8003,2013,Jun,24,24/06/2013,,16.30944,119.92063,TS1,,NB,Diatom,Coscinodiscus spp.,D-Coscinodiscus spp.,80
8004,2013,Jun,24,24/06/2013,,16.30944,119.92063,TS1,,NB,Silicoflagellate,Tintinopsis,SF-Tintinopsis,80
8005,2013,Jun,24,24/06/2013,,16.30944,119.92063,TS1,,NB,Diatom,Navicula  spp.,D-Navicula  spp.,80
8006,2013,Jun,24,24/06/2013,,16.30944,119.92063,TS1,,NB,Diatom,Pleurosigma sp1,D-Pleurosigma sp. 1,80
8007,2013,Jun,24,24/06/2013,,16.30944,119.92063,TS1,,NB,Dinoflagellate,Prorocentrum minimum,DF-Prorocentrum minimum,60
8008,2013,Jun,24,24/06/2013,,16.30944,119.92063,TS1,,NB,Diatom,Thalassiosira spp.,D-Thalassiosira spp.,80
8009,2013,Jun,24,24/06/2013,,16.30944,119.92063,TS1,,NB,Silicoflagellate,Tintinopsis,SF-Tintinopsis,240
8010,2013,Jun,24,24/06/2013,,16.30944,119.92063,TS1,,1,Diatom,Coscinodiscus spp.,D-Coscinodiscus spp.,160
8011,2013,Jun,24,24/06/2013,,16.30944,119.92063,TS1,,1,Silicoflagellate,Tintinopsis,SF-Tintinopsis,80
8012,2013,Jun,24,24/06/2013,,16.30944,119.92063,TS1,,1,Diatom,Navicula  spp.,D-Navicula  spp.,160
8013,2013,Jun,24,24/06/2013,,16.30944,119.92063,TS1,,1,Diatom,Pleurosigma sp1,D-Pleurosigma sp. 1,80
8014,2013,Jun,24,24/06/2013,,16.30944,119.92063,TS1,,1,Diatom,Pleurosigma spp.,D-Pleurosigma spp.,240
8015,2013,Jun,24,24/06/2013,,16.30944,119.92063,TS1,,1,Dinoflagellate,Prorocentrum micans,DF-Prorocentrum micans,80
8016,2013,Jun,24,24/06/2013,,16.30944,119.92063,TS1,,1,Dinoflagellate,Prorocentrum minimum,DF-Prorocentrum minimum,380
8017,2013,Jun,24,24/06/2013,,16.30944,119.92063,TS1,,1,Diatom,Rhizosolenia sp1,D-Rhizosolenia sp. 1,80
8018,2013,Jun,24,24/06/2013,,16.30944,119.92063,TS1,,1,Diatom,Thalassiosira spp.,D-Thalassiosira spp.,240
8019,2013,Jun,24,24/06/2013,,16.30944,119.92063,TS1,,1,Silicoflagellate,Tintinopsis,SF-Tintinopsis,160
8020,2013,Jun,24,24/06/2013,,16.34927,119.94606,W1,,1,Diatom,Chaetoceros spp.,D-Chaetoceros spp.,240
8021,2013,Jun,24,24/06/2013,,16.34927,119.94606,W1,,1,Silicoflagellate,Tintinopsis,SF-Tintinopsis,80
8022,2013,Jun,24,24/06/2013,,16.34927,119.94606,W1,,1,Diatom,Navicula  spp.,D-Navicula  spp.,640
8023,2013,Jun,24,24/06/2013,,16.34927,119.94606,W1,,1,Diatom,Pleurosigma sp1,D-Pleurosigma sp. 1,640
8024,2013,Jun,24,24/06/2013,,16.34927,119.94606,W1,,1,Diatom,Pleurosigma sp2,D-Pleurosigma sp. 2,1120
8025,2013,Jun,24,24/06/2013,,16.34927,119.94606,W1,,1,Diatom,Pleurosigma spp.,D-Pleurosigma spp.,80
8026,2013,Jun,24,24/06/2013,,16.34927,119.94606,W1,,1,Diatom,Pleurosigma sp2,D-Pleurosigma sp. 2,80
8027,2013,Jun,24,24/06/2013,,16.34927,119.94606,W1,,1,Dinoflagellate,Prorocentrum micans,DF-Prorocentrum micans,240
8028,2013,Jun,24,24/06/2013,,16.34927,119.94606,W1,,1,Dinoflagellate,Prorocentrum minimum,DF-Prorocentrum minimum,2940
8029,2013,Jun,24,24/06/2013,,16.34927,119.94606,W1,,1,Diatom,Rhizosolenia sp1,D-Rhizosolenia sp. 1,160
8030,2013,Jun,24,24/06/2013,,16.34927,119.94606,W1,,1,Diatom,Thalassiosira spp.,D-Thalassiosira spp.,240
8031,2013,Jun,24,24/06/2013,,16.34927,119.94606,W1,,1,Dinoflagellate,Prorocentrum  minimum,DF-Prorocentrum  minimum,480
8032,2013,Jun,24,24/06/2013,,16.37073,119.93401,W3,,NB,Diatom,Coscinodiscus spp.,D-Coscinodiscus spp.,80
8033,2013,Jun,24,24/06/2013,,16.37073,119.93401,W3,,NB,Diatom,Pleurosigma sp1,D-Pleurosigma sp. 1,1120
8034,2013,Jun,24,24/06/2013,,16.37073,119.93401,W3,,NB,Dinoflagellate,Phalacroma  spp.,DF-Phalacroma  spp.,80
8035,2013,Jun,24,24/06/2013,,16.37073,119.93401,W3,,NB,Dinoflagellate,Prorocentrum minimum,DF-Prorocentrum minimum,340
8036,2013,Jun,24,24/06/2013,,16.37073,119.93401,W3,,NB,Dinoflagellate,Prototoperidnium pallidum,DF-Prototoperidnium pallidum,80
8037,2013,Jun,24,24/06/2013,,16.37073,119.93401,W3,,NB,Diatom,Rhizosolenia sp1,D-Rhizosolenia sp. 1,1040
8038,2013,Jun,24,24/06/2013,,16.37073,119.93401,W3,,NB,Diatom,Rhizosolenia sp2,D-Rhizosolenia sp. 2,160
8039,2013,Jun,24,24/06/2013,,16.37073,119.93401,W3,,NB,Diatom,Thalassiosira spp.,D-Thalassiosira spp.,320
8040,2013,Jun,24,24/06/2013,,16.37073,119.93401,W3,,NB,Silicoflagellate,Tintinopsis,SF-Tintinopsis,3840
8041,2013,Jun,24,24/06/2013,,16.37073,119.93401,W3,,NB,Dinoflagellate,Prorocentrum  minimum,DF-Prorocentrum  minimum,560
8042,2013,Jun,24,24/06/2013,,16.32003,119.93384,W8,,1,Diatom,Coscinodiscus spp.,D-Coscinodiscus spp.,80
8043,2013,Jun,24,24/06/2013,,16.32003,119.93384,W8,,1,Diatom,Pleurosigma sp1,D-Pleurosigma sp. 1,80
8044,2013,Jun,24,24/06/2013,,16.32003,119.93384,W8,,1,Diatom,Pleurosigma sp2,D-Pleurosigma sp. 2,160
8045,2013,Jun,24,24/06/2013,,16.32003,119.93384,W8,,1,Dinoflagellate,Prorocentrum minimum,DF-Prorocentrum minimum,200
8046,2013,Jun,24,24/06/2013,,16.32003,119.93384,W8,,1,Diatom,Rhizosolenia sp1,D-Rhizosolenia sp. 1,160
8047,2013,Jun,24,24/06/2013,,16.32003,119.93384,W8,,1,Diatom,Thalassiosira spp.,D-Thalassiosira spp.,240
8048,2013,Jun,24,24/06/2013,,16.37052,119.94857,W10,,1,Diatom,Navicula  spp.,D-Navicula  spp.,240
8049,2013,Jun,24,24/06/2013,,16.37052,119.94857,W10,,1,Diatom,Pleurosigma sp1,D-Pleurosigma sp. 1,560
8050,2013,Jun,24,24/06/2013,,16.37052,119.94857,W10,,1,Diatom,Pleurosigma sp2,D-Pleurosigma sp. 2,160
8051,2013,Jun,24,24/06/2013,,16.37052,119.94857,W10,,1,Dinoflagellate,Phalacroma  spp.,DF-Phalacroma  spp.,80
8052,2013,Jun,24,24/06/2013,,16.37052,119.94857,W10,,1,Diatom,Pleurosigma sp2,D-Pleurosigma sp. 2,160
8053,2013,Jun,24,24/06/2013,,16.37052,119.94857,W10,,1,Dinoflagellate,Prorocentrum micans,DF-Prorocentrum micans,1040
8054,2013,Jun,24,24/06/2013,,16.37052,119.94857,W10,,1,Dinoflagellate,Prorocentrum minimum,DF-Prorocentrum minimum,704840
8055,2013,Jun,24,24/06/2013,,16.37052,119.94857,W10,,1,Dinoflagellate,Protoperidinium pellucidum,DF-Protoperidinium pellucidum,400
8056,2013,Jun,24,24/06/2013,,16.37052,119.94857,W10,,1,Dinoflagellate,Protoperidinium latispinum,DF-Protoperidinium latispinum,80
8057,2013,Jun,24,24/06/2013,,16.37052,119.94857,W10,,1,Diatom,Rhizosolenia sp1,D-Rhizosolenia sp. 1,640
8058,2013,Jun,24,24/06/2013,,16.37052,119.94857,W10,,1,Diatom,Thalassiosira spp.,D-Thalassiosira spp.,480
8059,2013,Jun,24,24/06/2013,,16.37052,119.94857,W10,,1,Silicoflagellate,Tintinopsis,SF-Tintinopsis,240
8060,2013,Jun,24,24/06/2013,,16.38326,119.92616,W11,,NB,Diatom,Coscinodiscus spp.,D-Coscinodiscus spp.,80
8061,2013,Jun,24,24/06/2013,,16.38326,119.92616,W11,,NB,Diatom,Guinardia,D-Guinardia,160
8062,2013,Jun,24,24/06/2013,,16.38326,119.92616,W11,,NB,Silicoflagellate,Tintinopsis,SF-Tintinopsis,160
8063,2013,Jun,24,24/06/2013,,16.38326,119.92616,W11,,NB,Diatom,Navicula  spp.,D-Navicula  spp.,80
8064,2013,Jun,24,24/06/2013,,16.38326,119.92616,W11,,NB,Diatom,Pleurosigma sp1,D-Pleurosigma sp. 1,2000
8065,2013,Jun,24,24/06/2013,,16.38326,119.92616,W11,,NB,Diatom,Pleurosigma sp2,D-Pleurosigma sp. 2,240
8066,2013,Jun,24,24/06/2013,,16.38326,119.92616,W11,,NB,Dinoflagellate,Prorocentrum minimum,DF-Prorocentrum minimum,480
8067,2013,Jun,24,24/06/2013,,16.38326,119.92616,W11,,NB,Diatom,Rhizosolenia sp1,D-Rhizosolenia sp. 1,800
8068,2013,Jun,24,24/06/2013,,16.38326,119.92616,W11,,NB,Diatom,Rhizosolenia sp2,D-Rhizosolenia sp. 2,80
8069,2013,Jun,24,24/06/2013,,16.38326,119.92616,W11,,NB,Diatom,Thalassiosira spp.,D-Thalassiosira spp.,80
8070,2013,Jun,24,24/06/2013,,16.38326,119.92616,W11,,NB,Silicoflagellate,Tintinopsis,SF-Tintinopsis,240
8071,2013,Jun,24,24/06/2013,,16.38326,119.92616,W11,,NB,Dinoflagellate,Prorocentrum  minimum,DF-Prorocentrum  minimum,400
8072,2013,Jun,24,24/06/2013,,16.38326,119.92616,W11,,1,Diatom,Coscinodiscus spp.,D-Coscinodiscus spp.,240
8073,2013,Jun,24,24/06/2013,,16.38326,119.92616,W11,,1,Dinoflagellate,Oxytoxum spp.,DF-Oxytoxum spp.,80
8074,2013,Jun,24,24/06/2013,,16.38326,119.92616,W11,,1,Diatom,Pleurosigma sp1,D-Pleurosigma sp. 1,1120
8075,2013,Jun,24,24/06/2013,,16.38326,119.92616,W11,,1,Diatom,Pleurosigma sp2,D-Pleurosigma sp. 2,320
8076,2013,Jun,24,24/06/2013,,16.38326,119.92616,W11,,1,Diatom,Pleurosigma spp.,D-Pleurosigma spp.,80
8077,2013,Jun,24,24/06/2013,,16.38326,119.92616,W11,,1,Dinoflagellate,Prorocentrum micans,DF-Prorocentrum micans,1600
8078,2013,Jun,24,24/06/2013,,16.38326,119.92616,W11,,1,Dinoflagellate,Prorocentrum minimum,DF-Prorocentrum minimum,1157060
8079,2013,Jun,24,24/06/2013,,16.38326,119.92616,W11,,1,Dinoflagellate,Protoperidinium pellucidum,DF-Protoperidinium pellucidum,320
8080,2013,Jun,24,24/06/2013,,16.38326,119.92616,W11,,1,Dinoflagellate,Protoperdinium  pellucidum,DF-Protoperdinium  pellucidum,80
8081,2013,Jun,24,24/06/2013,,16.38326,119.92616,W11,,1,Diatom,Rhizosolenia sp1,D-Rhizosolenia sp. 1,1760
8082,2013,Jun,24,24/06/2013,,16.38326,119.92616,W11,,1,Diatom,Rhizosolenia sp2,D-Rhizosolenia sp. 2,160
8083,2013,Jun,24,24/06/2013,,16.38326,119.92616,W11,,1,Dinoflagellate,Scrippsiella spinifera,DF-Scrippsiella spinifera,80
8084,2013,Jun,24,24/06/2013,,16.38326,119.92616,W11,,1,Raphidophyte,Chattonnella subsalsa,RD-Chattonnella subsalsa,160
8085,2013,Jun,24,24/06/2013,,16.38326,119.92616,W11,,1,Diatom,Thalassiosira spp.,D-Thalassiosira spp.,480
8086,2013,Jun,24,24/06/2013,,16.38326,119.92616,W11,,1,Silicoflagellate,Tintinopsis,SF-Tintinopsis,3840
8087,2013,Jun,24,24/06/2013,,16.38326,119.92616,W11,,1,Raphidophyte,Chattonnella subsalsa,RD-Chattonnella subsalsa,80
8088,2013,Jun,24,24/06/2013,,16.38326,119.92616,W11,,1,Dinoflagellate,Prorocentrum  minimum,DF-Prorocentrum  minimum,1440
8089,2013,Jun,24,24/06/2013,,16.34775,119.93375,A1,,1,Diatom,Coscinodiscus spp.,D-Coscinodiscus spp.,40
8090,2013,Jun,24,24/06/2013,,16.34775,119.93375,A1,,1,Diatom,Melosira,D-Melosira,200
8091,2013,Jun,24,24/06/2013,,16.34775,119.93375,A1,,1,Diatom,Navicula  spp.,D-Navicula  spp.,320
8092,2013,Jun,24,24/06/2013,,16.34775,119.93375,A1,,1,Dinoflagellate,Oxytoxum spp.,DF-Oxytoxum spp.,80
8093,2013,Jun,24,24/06/2013,,16.34775,119.93375,A1,,1,Diatom,Pleurosigma sp1,D-Pleurosigma sp. 1,920
8094,2013,Jun,24,24/06/2013,,16.34775,119.93375,A1,,1,Diatom,Pleurosigma sp2,D-Pleurosigma sp. 2,120
8095,2013,Jun,24,24/06/2013,,16.34775,119.93375,A1,,1,Diatom,Pleurosigma sp2,D-Pleurosigma sp. 2,40
8096,2013,Jun,24,24/06/2013,,16.34775,119.93375,A1,,1,Dinoflagellate,Prorocentrum micans,DF-Prorocentrum micans,1680
8097,2013,Jun,24,24/06/2013,,16.34775,119.93375,A1,,1,Dinoflagellate,Prorocentrum minimum,DF-Prorocentrum minimum,475100
8098,2013,Jun,24,24/06/2013,,16.34775,119.93375,A1,,1,Dinoflagellate,Protoperidinium latispinum,DF-Protoperidinium latispinum,40
8099,2013,Jun,24,24/06/2013,,16.34775,119.93375,A1,,1,Dinoflagellate,Prototoperidnium pallidum,DF-Prototoperidnium pallidum,40
8100,2013,Jun,24,24/06/2013,,16.34775,119.93375,A1,,1,Diatom,Pseudonitzschia spp.,D-Pseudonitzschia spp.,40
8101,2013,Jun,24,24/06/2013,,16.34775,119.93375,A1,,1,Diatom,Rhizosolenia sp1,D-Rhizosolenia sp. 1,2080
8102,2013,Jun,24,24/06/2013,,16.34775,119.93375,A1,,1,Diatom,Rhizosolenia sp2,D-Rhizosolenia sp. 2,80
8103,2013,Jun,24,24/06/2013,,16.34775,119.93375,A1,,1,Cyanobacteria,Trichodesmium sp.,CYN-Trichodesmium sp.,80
8104,2013,Jun,24,24/06/2013,,16.34775,119.93375,A1,,1,Diatom,Thalassiosira spp.,D-Thalassiosira spp.,200
8105,2013,Jun,24,24/06/2013,,16.34775,119.93375,A1,,1,Silicoflagellate,Tintinopsis,SF-Tintinopsis,5520
8106,2013,Jun,24,24/06/2013,,16.34775,119.93375,A1,,1,Dinoflagellate,Prorocentrum  minimum,DF-Prorocentrum  minimum,720
8107,2013,Jun,24,24/06/2013,,16.33431,119.95731,A3,,1,Diatom,Coscinodiscus spp.,D-Coscinodiscus spp.,40
8108,2013,Jun,24,24/06/2013,,16.33431,119.95731,A3,,1,Diatom,Navicula  spp.,D-Navicula  spp.,320
8109,2013,Jun,24,24/06/2013,,16.33431,119.95731,A3,,1,Diatom,Pleurosigma sp1,D-Pleurosigma sp. 1,40
8110,2013,Jun,24,24/06/2013,,16.33431,119.95731,A3,,1,Diatom,Pleurosigma sp2,D-Pleurosigma sp. 2,400
8111,2013,Jun,24,24/06/2013,,16.33431,119.95731,A3,,1,Diatom,Pleurosigma spp.,D-Pleurosigma spp.,40
8112,2013,Jun,24,24/06/2013,,16.33431,119.95731,A3,,1,Diatom,Pleurosigma sp2,D-Pleurosigma sp. 2,40
8113,2013,Jun,24,24/06/2013,,16.33431,119.95731,A3,,1,Dinoflagellate,Prorocentrum micans,DF-Prorocentrum micans,80
8114,2013,Jun,24,24/06/2013,,16.33431,119.95731,A3,,1,Dinoflagellate,Prorocentrum minimum,DF-Prorocentrum minimum,760
8115,2013,Jun,24,24/06/2013,,16.33431,119.95731,A3,,1,Dinoflagellate,Protoperidinium pellucidum,DF-Protoperidinium pellucidum,40
8116,2013,Jun,24,24/06/2013,,16.33431,119.95731,A3,,1,Dinoflagellate,Protoperdinium  pellucidum,DF-Protoperdinium  pellucidum,40
8117,2013,Jun,24,24/06/2013,,16.33431,119.95731,A3,,1,Diatom,Rhizosolenia sp2,D-Rhizosolenia sp. 2,120
8118,2013,Jun,24,24/06/2013,,16.33431,119.95731,A3,,1,Cyanobacteria,Trichodesmium sp.,CYN-Trichodesmium sp.,160
8119,2013,Jun,24,24/06/2013,,16.33431,119.95731,A3,,1,Raphidophyte,Chattonnella subsalsa,RD-Chattonnella subsalsa,40
8120,2013,Jun,24,24/06/2013,,16.33431,119.95731,A3,,1,Dinoflagellate,Prorocentrum  minimum,DF-Prorocentrum  minimum,240
8121,2013,Jun,24,24/06/2013,,16.38339,119.91585,TS2,,Mid,Diatom,Chaetoceros spp.,D-Chaetoceros spp.,200
8122,2013,Jun,24,24/06/2013,,16.38339,119.91585,TS2,,Mid,Diatom,Coscinodiscus spp.,D-Coscinodiscus spp.,160
8123,2013,Jun,24,24/06/2013,,16.38339,119.91585,TS2,,Mid,Diatom,Navicula  spp.,D-Navicula  spp.,40
8124,2013,Jun,24,24/06/2013,,16.38339,119.91585,TS2,,Mid,Dinoflagellate,Oxytoxum spp.,DF-Oxytoxum spp.,40
8125,2013,Jun,24,24/06/2013,,16.38339,119.91585,TS2,,Mid,Diatom,Pleurosigma sp1,D-Pleurosigma sp. 1,1440
8126,2013,Jun,24,24/06/2013,,16.38339,119.91585,TS2,,Mid,Dinoflagellate,Prorocentrum micans,DF-Prorocentrum micans,200
8127,2013,Jun,24,24/06/2013,,16.38339,119.91585,TS2,,Mid,Dinoflagellate,Prorocentrum minimum,DF-Prorocentrum minimum,120180
8128,2013,Jun,24,24/06/2013,,16.38339,119.91585,TS2,,Mid,Dinoflagellate,Protoperidinium pellucidum,DF-Protoperidinium pellucidum,80
8129,2013,Jun,24,24/06/2013,,16.38339,119.91585,TS2,,Mid,Dinoflagellate,Protoperdinium  pellucidum,DF-Protoperdinium  pellucidum,80
8130,2013,Jun,24,24/06/2013,,16.38339,119.91585,TS2,,Mid,Dinoflagellate,Protoperidinium conicum,DF-Protoperidinium conicum,40
8131,2013,Jun,24,24/06/2013,,16.38339,119.91585,TS2,,Mid,Diatom,Rhizosolenia sp1,D-Rhizosolenia sp. 1,1320
8132,2013,Jun,24,24/06/2013,,16.38339,119.91585,TS2,,Mid,Diatom,Thalassiosira spp.,D-Thalassiosira spp.,320
8133,2013,Jun,24,24/06/2013,,16.38339,119.91585,TS2,,Mid,Silicoflagellate,Tintinopsis,SF-Tintinopsis,2120
8134,2013,Jun,24,24/06/2013,,16.38339,119.91585,TS2,,Mid,Dinoflagellate,Prorocentrum  minimum,DF-Prorocentrum  minimum,2120
8135,2013,Jun,24,24/06/2013,,16.38339,119.91585,TS2,,NB,Diatom,Chaetoceros spp.,D-Chaetoceros spp.,160
8136,2013,Jun,24,24/06/2013,,16.38339,119.91585,TS2,,NB,Silicoflagellate,Tintinopsis,SF-Tintinopsis,40
8137,2013,Jun,24,24/06/2013,,16.38339,119.91585,TS2,,NB,Diatom,Pleurosigma sp1,D-Pleurosigma sp. 1,1200
8138,2013,Jun,24,24/06/2013,,16.38339,119.91585,TS2,,NB,Dinoflagellate,Prorocentrum minimum,DF-Prorocentrum minimum,120
8139,2013,Jun,24,24/06/2013,,16.38339,119.91585,TS2,,NB,Dinoflagellate,Protoperidinium pellucidum,DF-Protoperidinium pellucidum,40
8140,2013,Jun,24,24/06/2013,,16.38339,119.91585,TS2,,NB,Diatom,Pseudonitzschia spp.,D-Pseudonitzschia spp.,80
8141,2013,Jun,24,24/06/2013,,16.38339,119.91585,TS2,,NB,Diatom,Rhizosolenia sp1,D-Rhizosolenia sp. 1,560
8142,2013,Jun,24,24/06/2013,,16.38339,119.91585,TS2,,NB,Diatom,Rhizosolenia sp2,D-Rhizosolenia sp. 2,120
8143,2013,Jun,24,24/06/2013,,16.38339,119.91585,TS2,,NB,Diatom,Thalassiosira spp.,D-Thalassiosira spp.,320
8144,2013,Jun,24,24/06/2013,,16.38339,119.91585,TS2,,NB,Silicoflagellate,Tintinopsis,SF-Tintinopsis,760
8145,2013,Jun,24,24/06/2013,,16.38339,119.91585,TS2,,NB,Raphidophyte,Chattonnella subsalsa,RD-Chattonnella subsalsa,40
8146,2013,Jun,24,24/06/2013,,16.38339,119.91585,TS2,,NB,Dinoflagellate,Prorocentrum  minimum,DF-Prorocentrum  minimum,1240
8147,2013,Jun,24,24/06/2013,,16.38339,119.91585,TS2,,1,Diatom,Coscinodiscus spp.,D-Coscinodiscus spp.,120
8148,2013,Jun,24,24/06/2013,,16.38339,119.91585,TS2,,1,Diatom,Navicula  spp.,D-Navicula  spp.,40
8149,2013,Jun,24,24/06/2013,,16.38339,119.91585,TS2,,1,Diatom,Pleurosigma sp1,D-Pleurosigma sp. 1,1320
8150,2013,Jun,24,24/06/2013,,16.38339,119.91585,TS2,,1,Dinoflagellate,Prorocentrum micans,DF-Prorocentrum micans,1240
8151,2013,Jun,24,24/06/2013,,16.38339,119.91585,TS2,,1,Dinoflagellate,Prorocentrum minimum,DF-Prorocentrum minimum,1047220
8152,2013,Jun,24,24/06/2013,,16.38339,119.91585,TS2,,1,Dinoflagellate,Protoperidinium pellucidum,DF-Protoperidinium pellucidum,120
8153,2013,Jun,24,24/06/2013,,16.38339,119.91585,TS2,,1,Dinoflagellate,Protoperidinium latispinum,DF-Protoperidinium latispinum,40
8154,2013,Jun,24,24/06/2013,,16.38339,119.91585,TS2,,1,Diatom,Rhizosolenia sp1,D-Rhizosolenia sp. 1,1400
8155,2013,Jun,24,24/06/2013,,16.38339,119.91585,TS2,,1,Diatom,Rhizosolenia sp2,D-Rhizosolenia sp. 2,40
8156,2013,Jun,24,24/06/2013,,16.38339,119.91585,TS2,,1,Diatom,Thalassiosira spp.,D-Thalassiosira spp.,120
8157,2013,Jun,24,24/06/2013,,16.38339,119.91585,TS2,,1,Silicoflagellate,Tintinopsis,SF-Tintinopsis,1560
8158,2013,Jun,24,24/06/2013,,16.38339,119.91585,TS2,,1,Dinoflagellate,Prorocentrum  minimum,DF-Prorocentrum  minimum,400
8159,2013,Jun,24,24/06/2013,,16.33668,119.94476,W2A,,1,Diatom,Coscinodiscus spp.,D-Coscinodiscus spp.,80
8160,2013,Jun,24,24/06/2013,,16.33668,119.94476,W2A,,1,Diatom,Navicula  spp.,D-Navicula  spp.,200
8161,2013,Jun,24,24/06/2013,,16.33668,119.94476,W2A,,1,Diatom,Pleurosigma sp1,D-Pleurosigma sp. 1,160
8162,2013,Jun,24,24/06/2013,,16.33668,119.94476,W2A,,1,Diatom,Pleurosigma sp2,D-Pleurosigma sp. 2,280
8163,2013,Jun,24,24/06/2013,,16.33668,119.94476,W2A,,1,Diatom,Pleurosigma spp.,D-Pleurosigma spp.,280
8164,2013,Jun,24,24/06/2013,,16.33668,119.94476,W2A,,1,Diatom,Pleurosigma sp2,D-Pleurosigma sp. 2,40
8165,2013,Jun,24,24/06/2013,,16.33668,119.94476,W2A,,1,Dinoflagellate,Prorocentrum micans,DF-Prorocentrum micans,80
8166,2013,Jun,24,24/06/2013,,16.33668,119.94476,W2A,,1,Dinoflagellate,Prorocentrum minimum,DF-Prorocentrum minimum,1080
8167,2013,Jun,24,24/06/2013,,16.33668,119.94476,W2A,,1,Diatom,Rhizosolenia sp1,D-Rhizosolenia sp. 1,160
8168,2013,Jun,24,24/06/2013,,16.33668,119.94476,W2A,,1,Cyanobacteria,Trichodesmium sp.,CYN-Trichodesmium sp.,80
8169,2013,Jun,24,24/06/2013,,16.33668,119.94476,W2A,,1,Dinoflagellate,Prorocentrum  minimum,DF-Prorocentrum  minimum,160
8170,2013,Jun,24,24/06/2013,,16.37073,119.93401,W3,,1,Diatom,Coscinodiscus spp.,D-Coscinodiscus spp.,40
8171,2013,Jun,24,24/06/2013,,16.37073,119.93401,W3,,1,Dinoflagellate,Gonyaulax spinifera,DF-Gonyaulax spinifera,40
8172,2013,Jun,24,24/06/2013,,16.37073,119.93401,W3,,1,Diatom,Guinardia,D-Guinardia,280
8173,2013,Jun,24,24/06/2013,,16.37073,119.93401,W3,,1,Diatom,Pleurosigma sp1,D-Pleurosigma sp. 1,800
8174,2013,Jun,24,24/06/2013,,16.37073,119.93401,W3,,1,Diatom,Pleurosigma sp2,D-Pleurosigma sp. 2,120
8175,2013,Jun,24,24/06/2013,,16.37073,119.93401,W3,,1,Dinoflagellate,Prorocentrum micans,DF-Prorocentrum micans,280
8176,2013,Jun,24,24/06/2013,,16.37073,119.93401,W3,,1,Dinoflagellate,Prorocentrum minimum,DF-Prorocentrum minimum,699620
8177,2013,Jun,24,24/06/2013,,16.37073,119.93401,W3,,1,Dinoflagellate,Protoperidinium pellucidum,DF-Protoperidinium pellucidum,80
8178,2013,Jun,24,24/06/2013,,16.37073,119.93401,W3,,1,Dinoflagellate,Protoperdinium  pellucidum,DF-Protoperdinium  pellucidum,40
8179,2013,Jun,24,24/06/2013,,16.37073,119.93401,W3,,1,Diatom,Rhizosolenia sp1,D-Rhizosolenia sp. 1,1440
8180,2013,Jun,24,24/06/2013,,16.37073,119.93401,W3,,1,Diatom,Skeletonema,D-Skeletonema,200
8181,2013,Jun,24,24/06/2013,,16.37073,119.93401,W3,,1,Diatom,Thalassiosira spp.,D-Thalassiosira spp.,240
8182,2013,Jun,24,24/06/2013,,16.37073,119.93401,W3,,1,Silicoflagellate,Tintinopsis,SF-Tintinopsis,2720
8183,2013,Jun,24,24/06/2013,,16.37073,119.93401,W3,,1,Dinoflagellate,Prorocentrum  minimum,DF-Prorocentrum  minimum,440
8184,2013,Jun,24,24/06/2013,,16.34775,119.93452,W9,,1,Diatom,Coscinodiscus spp.,D-Coscinodiscus spp.,40
8185,2013,Jun,24,24/06/2013,,16.34775,119.93452,W9,,1,Diatom,Navicula  spp.,D-Navicula  spp.,240
8186,2013,Jun,24,24/06/2013,,16.34775,119.93452,W9,,1,Diatom,Pleurosigma sp1,D-Pleurosigma sp. 1,320
8187,2013,Jun,24,24/06/2013,,16.34775,119.93452,W9,,1,Diatom,Pleurosigma sp2,D-Pleurosigma sp. 2,240
8188,2013,Jun,24,24/06/2013,,16.34775,119.93452,W9,,1,Diatom,Pleurosigma spp.,D-Pleurosigma spp.,40
8189,2013,Jun,24,24/06/2013,,16.34775,119.93452,W9,,1,Dinoflagellate,Prorocentrum micans,DF-Prorocentrum micans,440
8190,2013,Jun,24,24/06/2013,,16.34775,119.93452,W9,,1,Dinoflagellate,Prorocentrum minimum,DF-Prorocentrum minimum,97840
8191,2013,Jun,24,24/06/2013,,16.34775,119.93452,W9,,1,Dinoflagellate,Protoperidinium pellucidum,DF-Protoperidinium pellucidum,40
8192,2013,Jun,24,24/06/2013,,16.34775,119.93452,W9,,1,Diatom,Rhizosolenia sp1,D-Rhizosolenia sp. 1,360
8193,2013,Jun,24,24/06/2013,,16.34775,119.93452,W9,,1,Diatom,Rhizosolenia sp2,D-Rhizosolenia sp. 2,120
8194,2013,Jun,24,24/06/2013,,16.34775,119.93452,W9,,1,Diatom,Thalassiosira spp.,D-Thalassiosira spp.,160
8195,2013,Jun,24,24/06/2013,,16.34775,119.93452,W9,,1,Silicoflagellate,Tintinopsis,SF-Tintinopsis,280
8196,2013,Jun,24,24/06/2013,,16.34775,119.93452,W9,,1,Dinoflagellate,Prorocentrum  minimum,DF-Prorocentrum  minimum,120
8197,2013,Jun,24,24/06/2013,,16.38326,119.92616,W11,,Mid,Dinoflagellate,Ceratium furca,DF-Ceratium furca,40
8198,2013,Jun,24,24/06/2013,,16.38326,119.92616,W11,,Mid,Diatom,Coscinodiscus spp.,D-Coscinodiscus spp.,40
8199,2013,Jun,24,24/06/2013,,16.38326,119.92616,W11,,Mid,Diatom,Navicula  spp.,D-Navicula  spp.,160
8200,2013,Jun,24,24/06/2013,,16.38326,119.92616,W11,,Mid,Dinoflagellate,Oxytoxum spp.,DF-Oxytoxum spp.,40
8201,2013,Jun,24,24/06/2013,,16.38326,119.92616,W11,,Mid,Diatom,Pleurosigma sp1,D-Pleurosigma sp. 1,1680
8202,2013,Jun,24,24/06/2013,,16.38326,119.92616,W11,,Mid,Diatom,Pleurosigma sp2,D-Pleurosigma sp. 2,480
8203,2013,Jun,24,24/06/2013,,16.38326,119.92616,W11,,Mid,Diatom,Pleurosigma sp2,D-Pleurosigma sp. 2,40
8204,2013,Jun,24,24/06/2013,,16.38326,119.92616,W11,,Mid,Dinoflagellate,Prorocentrum micans,DF-Prorocentrum micans,760
8205,2013,Jun,24,24/06/2013,,16.38326,119.92616,W11,,Mid,Dinoflagellate,Prorocentrum minimum,DF-Prorocentrum minimum,352580
8206,2013,Jun,24,24/06/2013,,16.38326,119.92616,W11,,Mid,Dinoflagellate,Protoperidinium pellucidum,DF-Protoperidinium pellucidum,40
8207,2013,Jun,24,24/06/2013,,16.38326,119.92616,W11,,Mid,Dinoflagellate,Protoperidinium latispinum,DF-Protoperidinium latispinum,80
8208,2013,Jun,24,24/06/2013,,16.38326,119.92616,W11,,Mid,Dinoflagellate,Protoperdinium  pellucidum,DF-Protoperdinium  pellucidum,80
8209,2013,Jun,24,24/06/2013,,16.38326,119.92616,W11,,Mid,Diatom,Rhizosolenia sp1,D-Rhizosolenia sp. 1,2160
8210,2013,Jun,24,24/06/2013,,16.38326,119.92616,W11,,Mid,Diatom,Rhizosolenia sp2,D-Rhizosolenia sp. 2,80
8211,2013,Jun,24,24/06/2013,,16.38326,119.92616,W11,,Mid,Diatom,Skeletonema,D-Skeletonema,280
8212,2013,Jun,24,24/06/2013,,16.38326,119.92616,W11,,Mid,Diatom,Thalassiosira spp.,D-Thalassiosira spp.,120
8213,2013,Jun,24,24/06/2013,,16.38326,119.92616,W11,,Mid,Silicoflagellate,Tintinopsis,SF-Tintinopsis,3640
8214,2013,Jun,24,24/06/2013,,16.38326,119.92616,W11,,Mid,Dinoflagellate,Prorocentrum  minimum,DF-Prorocentrum  minimum,480
8215,2013,Jun,27,27/06/2013,,16.34775,119.93375,A1,,1,Silicoflagellate,Tintinopsis,SF-Tintinopsis,560
8216,2013,Jun,27,27/06/2013,,16.34775,119.93375,A1,,1,Diatom,Pleurosigma sp1,D-Pleurosigma sp. 1,2320
8217,2013,Jun,27,27/06/2013,,16.34775,119.93375,A1,,1,Diatom,Pleurosigma sp2,D-Pleurosigma sp. 2,1840
8218,2013,Jun,27,27/06/2013,,16.34775,119.93375,A1,,1,Diatom,Pleurosigma spp.,D-Pleurosigma spp.,80
8219,2013,Jun,27,27/06/2013,,16.34775,119.93375,A1,,1,Diatom,Pseudonitzschia spp.,D-Pseudonitzschia spp.,400
8220,2013,Jun,27,27/06/2013,,16.34775,119.93375,A1,,1,Diatom,Rhizosolenia sp2,D-Rhizosolenia sp. 2,27040
8221,2013,Jun,27,27/06/2013,,16.34775,119.93375,A1,,1,Diatom,Thalassiosira spp.,D-Thalassiosira spp.,480
8222,2013,Jun,27,27/06/2013,,16.34775,119.93375,A1,,1,Dinoflagellate,Prorocentrum  minimum,DF-Prorocentrum  minimum,4240
8223,2013,Jun,27,27/06/2013,,16.34775,119.93375,A1,,1,Dinoflagellate,Prorocentrum micans,DF-Prorocentrum micans,80
8224,2013,Jun,27,27/06/2013,,16.34775,119.93375,A1,,1,Dinoflagellate,Prorocentrum minimum,DF-Prorocentrum minimum,1120
8225,2013,Jun,27,27/06/2013,,16.34775,119.93375,A1,,1,Dinoflagellate,Protoperidinium pellucidum,DF-Protoperidinium pellucidum,80
8226,2013,Jun,27,27/06/2013,,16.34775,119.93452,A2,,1,Silicoflagellate,Tintinopsis,SF-Tintinopsis,800
8227,2013,Jun,27,27/06/2013,,16.34775,119.93452,A2,,1,Diatom,Coscinodiscus spp.,D-Coscinodiscus spp.,240
8228,2013,Jun,27,27/06/2013,,16.34775,119.93452,A2,,1,Diatom,Guinardia,D-Guinardia,1760
8229,2013,Jun,27,27/06/2013,,16.34775,119.93452,A2,,1,Diatom,Pleurosigma sp1,D-Pleurosigma sp. 1,160
8230,2013,Jun,27,27/06/2013,,16.34775,119.93452,A2,,1,Diatom,Pleurosigma sp2,D-Pleurosigma sp. 2,1200
8231,2013,Jun,27,27/06/2013,,16.34775,119.93452,A2,,1,Diatom,Pleurosigma spp.,D-Pleurosigma spp.,400
8232,2013,Jun,27,27/06/2013,,16.34775,119.93452,A2,,1,Diatom,Pseudonitzschia spp.,D-Pseudonitzschia spp.,2320
8233,2013,Jun,27,27/06/2013,,16.34775,119.93452,A2,,1,Diatom,Rhizosolenia sp2,D-Rhizosolenia sp. 2,110560
8234,2013,Jun,27,27/06/2013,,16.34775,119.93452,A2,,1,Diatom,Skeletonema,D-Skeletonema,34000
8235,2013,Jun,27,27/06/2013,,16.34775,119.93452,A2,,1,Diatom,Thalassiosira spp.,D-Thalassiosira spp.,6080
8236,2013,Jun,27,27/06/2013,,16.34775,119.93452,A2,,1,Dinoflagellate,Prorocentrum  minimum,DF-Prorocentrum  minimum,4960
8237,2013,Jun,27,27/06/2013,,16.34775,119.93452,A2,,1,Dinoflagellate,Prorocentrum micans,DF-Prorocentrum micans,80
8238,2013,Jun,27,27/06/2013,,16.34775,119.93452,A2,,1,Dinoflagellate,Prorocentrum minimum,DF-Prorocentrum minimum,14880
8239,2013,Jun,27,27/06/2013,,16.34775,119.93452,A2,,1,Dinoflagellate,Protoperinium oblongum,DF-Protoperinium oblongum,3360
8240,2013,Jun,27,27/06/2013,,16.33431,119.95731,A3,,1,Silicoflagellate,Tintinopsis,SF-Tintinopsis,80
8241,2013,Jun,27,27/06/2013,,16.33431,119.95731,A3,,1,Diatom,Biddulphia,D-Biddulphia,160
8242,2013,Jun,27,27/06/2013,,16.33431,119.95731,A3,,1,Diatom,Chaetoceros spp.,D-Chaetoceros spp.,160
8243,2013,Jun,27,27/06/2013,,16.33431,119.95731,A3,,1,Diatom,Coscinodiscus spp.,D-Coscinodiscus spp.,160
8244,2013,Jun,27,27/06/2013,,16.33431,119.95731,A3,,1,Diatom,Guinardia,D-Guinardia,160
8245,2013,Jun,27,27/06/2013,,16.33431,119.95731,A3,,1,Diatom,Navicula  spp.,D-Navicula  spp.,80
8246,2013,Jun,27,27/06/2013,,16.33431,119.95731,A3,,1,Diatom,Pleurosigma sp1,D-Pleurosigma sp. 1,1520
8247,2013,Jun,27,27/06/2013,,16.33431,119.95731,A3,,1,Diatom,Pleurosigma sp2,D-Pleurosigma sp. 2,800
8248,2013,Jun,27,27/06/2013,,16.33431,119.95731,A3,,1,Diatom,Pleurosigma sp2,D-Pleurosigma sp. 2,80
8249,2013,Jun,27,27/06/2013,,16.33431,119.95731,A3,,1,Diatom,Pseudonitzschia spp.,D-Pseudonitzschia spp.,400
8250,2013,Jun,27,27/06/2013,,16.33431,119.95731,A3,,1,Diatom,Rhizosolenia sp2,D-Rhizosolenia sp. 2,4240
8251,2013,Jun,27,27/06/2013,,16.33431,119.95731,A3,,1,Diatom,Skeletonema,D-Skeletonema,800
8252,2013,Jun,27,27/06/2013,,16.33431,119.95731,A3,,1,Diatom,Thalassiosira spp.,D-Thalassiosira spp.,320
8253,2013,Jun,27,27/06/2013,,16.33431,119.95731,A3,,1,Dinoflagellate,Prorocentrum  minimum,DF-Prorocentrum  minimum,320
8254,2013,Jun,27,27/06/2013,,16.28459,119.92285,A4,,1,Diatom,Coscinodiscus spp.,D-Coscinodiscus spp.,320
8255,2013,Jun,27,27/06/2013,,16.28459,119.92285,A4,,1,Diatom,Pleurosigma sp1,D-Pleurosigma sp. 1,320
8256,2013,Jun,27,27/06/2013,,16.28459,119.92285,A4,,1,Diatom,Pleurosigma sp2,D-Pleurosigma sp. 2,480
8257,2013,Jun,27,27/06/2013,,16.28459,119.92285,A4,,1,Diatom,Pleurosigma spp.,D-Pleurosigma spp.,180
8258,2013,Jun,27,27/06/2013,,16.28459,119.92285,A4,,1,Diatom,Rhizosolenia sp2,D-Rhizosolenia sp. 2,106840
8259,2013,Jun,27,27/06/2013,,16.28459,119.92285,A4,,1,Diatom,Thalassiosira spp.,D-Thalassiosira spp.,1200
8260,2013,Jun,27,27/06/2013,,16.28459,119.92285,A4,,1,Dinoflagellate,Protoperinium oblongum,DF-Protoperinium oblongum,80
8261,2013,Jun,27,27/06/2013,,16.3743,119.93198,PP,,NB,Silicoflagellate,Tintinopsis,SF-Tintinopsis,800
8262,2013,Jun,27,27/06/2013,,16.3743,119.93198,PP,,NB,Diatom,Coscinodiscus spp.,D-Coscinodiscus spp.,80
8263,2013,Jun,27,27/06/2013,,16.3743,119.93198,PP,,NB,Diatom,Guinardia,D-Guinardia,80
8264,2013,Jun,27,27/06/2013,,16.3743,119.93198,PP,,NB,Diatom,Pleurosigma sp1,D-Pleurosigma sp. 1,1600
8265,2013,Jun,27,27/06/2013,,16.3743,119.93198,PP,,NB,Diatom,Pleurosigma sp2,D-Pleurosigma sp. 2,1360
8266,2013,Jun,27,27/06/2013,,16.3743,119.93198,PP,,NB,Diatom,Pleurosigma spp.,D-Pleurosigma spp.,80
8267,2013,Jun,27,27/06/2013,,16.3743,119.93198,PP,,NB,Diatom,Pseudonitzschia spp.,D-Pseudonitzschia spp.,720
8268,2013,Jun,27,27/06/2013,,16.3743,119.93198,PP,,NB,Diatom,Rhizosolenia sp2,D-Rhizosolenia sp. 2,11280
8269,2013,Jun,27,27/06/2013,,16.3743,119.93198,PP,,NB,Diatom,Skeletonema,D-Skeletonema,240
8270,2013,Jun,27,27/06/2013,,16.3743,119.93198,PP,,NB,Diatom,Thalassiosira spp.,D-Thalassiosira spp.,320
8271,2013,Jun,27,27/06/2013,,16.3743,119.93198,PP,,1,Diatom,Navicula  spp.,D-Navicula  spp.,80
8272,2013,Jun,27,27/06/2013,,16.3743,119.93198,PP,,1,Silicoflagellate,Favella sp.,SF-Favella sp.,160
8273,2013,Jun,27,27/06/2013,,16.3743,119.93198,PP,,1,Diatom,Pleurosigma sp1,D-Pleurosigma sp. 1,3920
8274,2013,Jun,27,27/06/2013,,16.3743,119.93198,PP,,1,Diatom,Pleurosigma sp2,D-Pleurosigma sp. 2,800
8275,2013,Jun,27,27/06/2013,,16.3743,119.93198,PP,,1,Diatom,Rhizosolenia sp2,D-Rhizosolenia sp. 2,15840
8276,2013,Jun,27,27/06/2013,,16.3743,119.93198,PP,,1,Diatom,Thalassiosira spp.,D-Thalassiosira spp.,1040
8277,2013,Jun,27,27/06/2013,,16.3743,119.93198,PP,,1,Dinoflagellate,Prorocentrum  minimum,DF-Prorocentrum  minimum,1440
8278,2013,Jun,27,27/06/2013,,16.3743,119.93198,PP,,1,Dinoflagellate,Prorocentrum minimum,DF-Prorocentrum minimum,160
8279,2013,Jun,27,27/06/2013,,16.39578,119.90667,RVA3,,Mid,Silicoflagellate,Tintinopsis,SF-Tintinopsis,400
8280,2013,Jun,27,27/06/2013,,16.39578,119.90667,RVA3,,Mid,Silicoflagellate,Favella sp.,SF-Favella sp.,80
8281,2013,Jun,27,27/06/2013,,16.39578,119.90667,RVA3,,Mid,Diatom,Pleurosigma sp1,D-Pleurosigma sp. 1,2160
8282,2013,Jun,27,27/06/2013,,16.39578,119.90667,RVA3,,Mid,Diatom,Pleurosigma sp2,D-Pleurosigma sp. 2,400
8283,2013,Jun,27,27/06/2013,,16.39578,119.90667,RVA3,,Mid,Diatom,Pseudonitzschia spp.,D-Pseudonitzschia spp.,320
8284,2013,Jun,27,27/06/2013,,16.39578,119.90667,RVA3,,Mid,Diatom,Rhizosolenia sp2,D-Rhizosolenia sp. 2,5840
8285,2013,Jun,27,27/06/2013,,16.39578,119.90667,RVA3,,Mid,Diatom,Thalassiosira spp.,D-Thalassiosira spp.,720
8286,2013,Jun,27,27/06/2013,,16.39578,119.90667,RVA3,,Mid,Dinoflagellate,Prorocentrum  minimum,DF-Prorocentrum  minimum,1680
8287,2013,Jun,27,27/06/2013,,16.39578,119.90667,RVA3,,Mid,Dinoflagellate,Prorocentrum micans,DF-Prorocentrum micans,80
8288,2013,Jun,27,27/06/2013,,16.39578,119.90667,RVA3,,Mid,Dinoflagellate,Prorocentrum minimum,DF-Prorocentrum minimum,1120
8289,2013,Jun,27,27/06/2013,,16.39578,119.90667,RVA3,,NB,Silicoflagellate,Tintinopsis,SF-Tintinopsis,80
8290,2013,Jun,27,27/06/2013,,16.39578,119.90667,RVA3,,NB,Diatom,Coscinodiscus spp.,D-Coscinodiscus spp.,160
8291,2013,Jun,27,27/06/2013,,16.39578,119.90667,RVA3,,NB,Diatom,Pleurosigma sp1,D-Pleurosigma sp. 1,1200
8292,2013,Jun,27,27/06/2013,,16.39578,119.90667,RVA3,,NB,Diatom,Pleurosigma sp2,D-Pleurosigma sp. 2,480
8293,2013,Jun,27,27/06/2013,,16.39578,119.90667,RVA3,,NB,Diatom,Rhizosolenia sp2,D-Rhizosolenia sp. 2,5280
8294,2013,Jun,27,27/06/2013,,16.39578,119.90667,RVA3,,NB,Diatom,Thalassiosira spp.,D-Thalassiosira spp.,240
8295,2013,Jun,27,27/06/2013,,16.39578,119.90667,RVA3,,NB,Dinoflagellate,Prorocentrum  minimum,DF-Prorocentrum  minimum,400
8296,2013,Jun,27,27/06/2013,,16.39578,119.90667,RVA3,,NB,Dinoflagellate,Prorocentrum micans,DF-Prorocentrum micans,80
8297,2013,Jun,27,27/06/2013,,16.39578,119.90667,RVA3,,NB,Dinoflagellate,Prorocentrum minimum,DF-Prorocentrum minimum,160
8298,2013,Jun,27,27/06/2013,,16.39578,119.90667,RVA3,,1,Silicoflagellate,Tintinopsis,SF-Tintinopsis,80
8299,2013,Jun,27,27/06/2013,,16.39578,119.90667,RVA3,,1,Diatom,Navicula  spp.,D-Navicula  spp.,80
8300,2013,Jun,27,27/06/2013,,16.39578,119.90667,RVA3,,1,Diatom,Pleurosigma sp1,D-Pleurosigma sp. 1,960
8301,2013,Jun,27,27/06/2013,,16.39578,119.90667,RVA3,,1,Diatom,Rhizosolenia sp2,D-Rhizosolenia sp. 2,240
8302,2013,Jun,27,27/06/2013,,16.39578,119.90667,RVA3,,1,Diatom,Thalassiosira spp.,D-Thalassiosira spp.,80
8303,2013,Jun,27,27/06/2013,,16.39578,119.90667,RVA3,,1,Dinoflagellate,Prorocentrum minimum,DF-Prorocentrum minimum,11840
8304,2013,Jun,27,27/06/2013,,16.30944,119.92063,TS1,,NB,Diatom,Chaetoceros spp.,D-Chaetoceros spp.,80
8305,2013,Jun,27,27/06/2013,,16.30944,119.92063,TS1,,NB,Diatom,Coscinodiscus spp.,D-Coscinodiscus spp.,80
8306,2013,Jun,27,27/06/2013,,16.30944,119.92063,TS1,,NB,Diatom,Guinardia,D-Guinardia,80
8307,2013,Jun,27,27/06/2013,,16.30944,119.92063,TS1,,NB,Diatom,Pleurosigma sp1,D-Pleurosigma sp. 1,2240
8308,2013,Jun,27,27/06/2013,,16.30944,119.92063,TS1,,NB,Diatom,Pleurosigma sp2,D-Pleurosigma sp. 2,1360
8309,2013,Jun,27,27/06/2013,,16.30944,119.92063,TS1,,NB,Diatom,Pseudonitzschia spp.,D-Pseudonitzschia spp.,240
8310,2013,Jun,27,27/06/2013,,16.30944,119.92063,TS1,,NB,Diatom,Rhizosolenia sp2,D-Rhizosolenia sp. 2,40560
8311,2013,Jun,27,27/06/2013,,16.30944,119.92063,TS1,,NB,Diatom,Thalassiosira spp.,D-Thalassiosira spp.,240
8312,2013,Jun,27,27/06/2013,,16.30944,119.92063,TS1,,NB,Dinoflagellate,Prorocentrum  minimum,DF-Prorocentrum  minimum,400
8313,2013,Jun,27,27/06/2013,,16.30944,119.92063,TS1,,1,Diatom,Coscinodiscus spp.,D-Coscinodiscus spp.,340
8314,2013,Jun,27,27/06/2013,,16.30944,119.92063,TS1,,1,Silicoflagellate,Favella sp.,SF-Favella sp.,60
8315,2013,Jun,27,27/06/2013,,16.30944,119.92063,TS1,,1,Diatom,Pleurosigma sp1,D-Pleurosigma sp. 1,880
8316,2013,Jun,27,27/06/2013,,16.30944,119.92063,TS1,,1,Diatom,Pleurosigma sp2,D-Pleurosigma sp. 2,1440
8317,2013,Jun,27,27/06/2013,,16.30944,119.92063,TS1,,1,Diatom,Pleurosigma spp.,D-Pleurosigma spp.,60
8318,2013,Jun,27,27/06/2013,,16.30944,119.92063,TS1,,1,Diatom,Rhizosolenia sp2,D-Rhizosolenia sp. 2,147320
8319,2013,Jun,27,27/06/2013,,16.30944,119.92063,TS1,,1,Diatom,Thalassiosira spp.,D-Thalassiosira spp.,640
8320,2013,Jun,27,27/06/2013,,16.30944,119.92063,TS1,,1,Dinoflagellate,Prorocentrum  minimum,DF-Prorocentrum  minimum,1040
8321,2013,Jun,27,27/06/2013,,16.30944,119.92063,TS1,,1,Dinoflagellate,Prorocentrum minimum,DF-Prorocentrum minimum,180
8322,2013,Jun,27,27/06/2013,,16.38339,119.91585,TS2,,Mid,Silicoflagellate,Tintinopsis,SF-Tintinopsis,320
8323,2013,Jun,27,27/06/2013,,16.38339,119.91585,TS2,,Mid,Diatom,Pleurosigma sp1,D-Pleurosigma sp. 1,240
8324,2013,Jun,27,27/06/2013,,16.38339,119.91585,TS2,,Mid,Diatom,Rhizosolenia sp2,D-Rhizosolenia sp. 2,80
8325,2013,Jun,27,27/06/2013,,16.38339,119.91585,TS2,,Mid,Diatom,Thalassiosira spp.,D-Thalassiosira spp.,160
8326,2013,Jun,27,27/06/2013,,16.38339,119.91585,TS2,,Mid,Dinoflagellate,Phalacroma  spp.,DF-Phalacroma  spp.,80
8327,2013,Jun,27,27/06/2013,,16.38339,119.91585,TS2,,Mid,Dinoflagellate,Prorocentrum minimum,DF-Prorocentrum minimum,4640
8328,2013,Jun,27,27/06/2013,,16.38339,119.91585,TS2,,Mid,Dinoflagellate,Prototoperidnium pallidum,DF-Prototoperidnium pallidum,80
8329,2013,Jun,27,27/06/2013,,16.38339,119.91585,TS2,,NB,Silicoflagellate,Tintinopsis,SF-Tintinopsis,480
8330,2013,Jun,27,27/06/2013,,16.38339,119.91585,TS2,,NB,Diatom,Pleurosigma sp1,D-Pleurosigma sp. 1,320
8331,2013,Jun,27,27/06/2013,,16.38339,119.91585,TS2,,NB,Diatom,Thalassiosira spp.,D-Thalassiosira spp.,80
8332,2013,Jun,27,27/06/2013,,16.38339,119.91585,TS2,,NB,Dinoflagellate,Phalacroma  spp.,DF-Phalacroma  spp.,80
8333,2013,Jun,27,27/06/2013,,16.38339,119.91585,TS2,,NB,Dinoflagellate,Prorocentrum minimum,DF-Prorocentrum minimum,560
8334,2013,Jun,27,27/06/2013,,16.38339,119.91585,TS2,,1,Diatom,Coscinodiscus spp.,D-Coscinodiscus spp.,160
8335,2013,Jun,27,27/06/2013,,16.38339,119.91585,TS2,,1,Silicoflagellate,Favella sp.,SF-Favella sp.,160
8336,2013,Jun,27,27/06/2013,,16.38339,119.91585,TS2,,1,Diatom,Pleurosigma sp1,D-Pleurosigma sp. 1,4560
8337,2013,Jun,27,27/06/2013,,16.38339,119.91585,TS2,,1,Diatom,Pleurosigma sp2,D-Pleurosigma sp. 2,480
8338,2013,Jun,27,27/06/2013,,16.38339,119.91585,TS2,,1,Diatom,Rhizosolenia sp1,D-Rhizosolenia sp. 1,560
8339,2013,Jun,27,27/06/2013,,16.38339,119.91585,TS2,,1,Diatom,Rhizosolenia sp2,D-Rhizosolenia sp. 2,18960
8340,2013,Jun,27,27/06/2013,,16.38339,119.91585,TS2,,1,Diatom,Thalassiosira spp.,D-Thalassiosira spp.,80
8341,2013,Jun,27,27/06/2013,,16.38339,119.91585,TS2,,1,Dinoflagellate,Prorocentrum  minimum,DF-Prorocentrum  minimum,2720
8342,2013,Jun,27,27/06/2013,,16.38339,119.91585,TS2,,1,Dinoflagellate,Prorocentrum micans,DF-Prorocentrum micans,80
8343,2013,Jun,27,27/06/2013,,16.38339,119.91585,TS2,,1,Dinoflagellate,Prorocentrum minimum,DF-Prorocentrum minimum,160
8344,2013,Jun,27,27/06/2013,,16.34927,119.94606,W1,,1,Silicoflagellate,Tintinopsis,SF-Tintinopsis,80
8345,2013,Jun,27,27/06/2013,,16.34927,119.94606,W1,,1,Diatom,Guinardia,D-Guinardia,160
8346,2013,Jun,27,27/06/2013,,16.34927,119.94606,W1,,1,Diatom,Navicula  spp.,D-Navicula  spp.,160
8347,2013,Jun,27,27/06/2013,,16.34927,119.94606,W1,,1,Diatom,Pleurosigma sp1,D-Pleurosigma sp. 1,1680
8348,2013,Jun,27,27/06/2013,,16.34927,119.94606,W1,,1,Diatom,Pleurosigma sp2,D-Pleurosigma sp. 2,800
8349,2013,Jun,27,27/06/2013,,16.34927,119.94606,W1,,1,Diatom,Pseudonitzschia spp.,D-Pseudonitzschia spp.,880
8350,2013,Jun,27,27/06/2013,,16.34927,119.94606,W1,,1,Diatom,Rhizosolenia sp2,D-Rhizosolenia sp. 2,2640
8351,2013,Jun,27,27/06/2013,,16.34927,119.94606,W1,,1,Diatom,Skeletonema,D-Skeletonema,2400
8352,2013,Jun,27,27/06/2013,,16.34927,119.94606,W1,,1,Diatom,Thalassiosira spp.,D-Thalassiosira spp.,320
8353,2013,Jun,27,27/06/2013,,16.34927,119.94606,W1,,1,Dinoflagellate,Prorocentrum  minimum,DF-Prorocentrum  minimum,560
8354,2013,Jun,27,27/06/2013,,16.34927,119.94606,W1,,1,Dinoflagellate,Prorocentrum micans,DF-Prorocentrum micans,80
8355,2013,Jun,27,27/06/2013,,16.34927,119.94606,W1,,1,Dinoflagellate,Prorocentrum minimum,DF-Prorocentrum minimum,2880
8356,2013,Jun,27,27/06/2013,,16.34927,119.94606,W1,,1,Dinoflagellate,Protoperidinium pellucidum,DF-Protoperidinium pellucidum,80
8357,2013,Jun,27,27/06/2013,,16.37052,119.94857,W10,,1,Silicoflagellate,Tintinopsis,SF-Tintinopsis,160
8358,2013,Jun,27,27/06/2013,,16.37052,119.94857,W10,,1,Diatom,Pleurosigma sp1,D-Pleurosigma sp. 1,2640
8359,2013,Jun,27,27/06/2013,,16.37052,119.94857,W10,,1,Diatom,Pleurosigma sp2,D-Pleurosigma sp. 2,1040
8360,2013,Jun,27,27/06/2013,,16.37052,119.94857,W10,,1,Diatom,Rhizosolenia sp2,D-Rhizosolenia sp. 2,16720
8361,2013,Jun,27,27/06/2013,,16.37052,119.94857,W10,,1,Diatom,Thalassiosira spp.,D-Thalassiosira spp.,560
8362,2013,Jun,27,27/06/2013,,16.37052,119.94857,W10,,1,Dinoflagellate,Prorocentrum  minimum,DF-Prorocentrum  minimum,480
8363,2013,Jun,27,27/06/2013,,16.37052,119.94857,W10,,1,Dinoflagellate,Prorocentrum micans,DF-Prorocentrum micans,240
8364,2013,Jun,27,27/06/2013,,16.37052,119.94857,W10,,1,Dinoflagellate,Prorocentrum minimum,DF-Prorocentrum minimum,65600
8365,2013,Jun,27,27/06/2013,,16.37052,119.94857,W10,,1,Dinoflagellate,Protoperidinium pellucidum,DF-Protoperidinium pellucidum,480
8366,2013,Jun,27,27/06/2013,,16.37052,119.94857,W10,,1,Dinoflagellate,Scrippsiella spinifera,DF-Scrippsiella spinifera,80
8367,2013,Jun,27,27/06/2013,,16.37052,119.94857,W10,,1,Raphidophyte,Chattonnella subsalsa,RD-Chattonnella subsalsa,80
8368,2013,Jun,27,27/06/2013,,16.38326,119.92616,W11,,Mid,Silicoflagellate,Tintinopsis,SF-Tintinopsis,960
8369,2013,Jun,27,27/06/2013,,16.38326,119.92616,W11,,Mid,Diatom,Coscinodiscus spp.,D-Coscinodiscus spp.,80
8370,2013,Jun,27,27/06/2013,,16.38326,119.92616,W11,,Mid,Diatom,Guinardia,D-Guinardia,3920
8371,2013,Jun,27,27/06/2013,,16.38326,119.92616,W11,,Mid,Diatom,Pleurosigma sp1,D-Pleurosigma sp. 1,2240
8372,2013,Jun,27,27/06/2013,,16.38326,119.92616,W11,,Mid,Diatom,Pleurosigma sp2,D-Pleurosigma sp. 2,1760
8373,2013,Jun,27,27/06/2013,,16.38326,119.92616,W11,,Mid,Diatom,Pleurosigma sp2,D-Pleurosigma sp. 2,240
8374,2013,Jun,27,27/06/2013,,16.38326,119.92616,W11,,Mid,Diatom,Pseudonitzschia spp.,D-Pseudonitzschia spp.,720
8375,2013,Jun,27,27/06/2013,,16.38326,119.92616,W11,,Mid,Diatom,Rhizosolenia sp2,D-Rhizosolenia sp. 2,33600
8376,2013,Jun,27,27/06/2013,,16.38326,119.92616,W11,,Mid,Diatom,Skeletonema,D-Skeletonema,46560
8377,2013,Jun,27,27/06/2013,,16.38326,119.92616,W11,,Mid,Diatom,Thalassiosira spp.,D-Thalassiosira spp.,3520
8378,2013,Jun,27,27/06/2013,,16.38326,119.92616,W11,,Mid,Dinoflagellate,Prorocentrum  minimum,DF-Prorocentrum  minimum,1920
8379,2013,Jun,27,27/06/2013,,16.38326,119.92616,W11,,Mid,Dinoflagellate,Prorocentrum micans,DF-Prorocentrum micans,160
8380,2013,Jun,27,27/06/2013,,16.38326,119.92616,W11,,Mid,Dinoflagellate,Prorocentrum minimum,DF-Prorocentrum minimum,160
8381,2013,Jun,27,27/06/2013,,16.38326,119.92616,W11,,NB,Silicoflagellate,Tintinopsis,SF-Tintinopsis,80
8382,2013,Jun,27,27/06/2013,,16.38326,119.92616,W11,,NB,Diatom,Pleurosigma sp1,D-Pleurosigma sp. 1,320
8383,2013,Jun,27,27/06/2013,,16.38326,119.92616,W11,,NB,Diatom,Pleurosigma sp2,D-Pleurosigma sp. 2,160
8384,2013,Jun,27,27/06/2013,,16.38326,119.92616,W11,,NB,Diatom,Pleurosigma sp2,D-Pleurosigma sp. 2,80
8385,2013,Jun,27,27/06/2013,,16.38326,119.92616,W11,,NB,Diatom,Pseudonitzschia spp.,D-Pseudonitzschia spp.,160
8386,2013,Jun,27,27/06/2013,,16.38326,119.92616,W11,,NB,Dinoflagellate,Prorocentrum minimum,DF-Prorocentrum minimum,111600
8387,2013,Jun,27,27/06/2013,,16.38326,119.92616,W11,,NB,Dinoflagellate,Protoperidinium pellucidum,DF-Protoperidinium pellucidum,80
8388,2013,Jun,27,27/06/2013,,16.38326,119.92616,W11,,1,Silicoflagellate,Tintinopsis,SF-Tintinopsis,160
8389,2013,Jun,27,27/06/2013,,16.38326,119.92616,W11,,1,Diatom,Biddulphia,D-Biddulphia,80
8390,2013,Jun,27,27/06/2013,,16.38326,119.92616,W11,,1,Diatom,Coscinodiscus spp.,D-Coscinodiscus spp.,80
8391,2013,Jun,27,27/06/2013,,16.38326,119.92616,W11,,1,Diatom,Cylindricotheca closterium,D-Cylindricotheca closterium,80
8392,2013,Jun,27,27/06/2013,,16.38326,119.92616,W11,,1,Diatom,Navicula  spp.,D-Navicula  spp.,160
8393,2013,Jun,27,27/06/2013,,16.38326,119.92616,W11,,1,Diatom,Pleurosigma sp1,D-Pleurosigma sp. 1,2560
8394,2013,Jun,27,27/06/2013,,16.38326,119.92616,W11,,1,Diatom,Pleurosigma sp2,D-Pleurosigma sp. 2,1200
8395,2013,Jun,27,27/06/2013,,16.38326,119.92616,W11,,1,Diatom,Pseudonitzschia spp.,D-Pseudonitzschia spp.,1440
8396,2013,Jun,27,27/06/2013,,16.38326,119.92616,W11,,1,Diatom,Rhizosolenia sp2,D-Rhizosolenia sp. 2,31120
8397,2013,Jun,27,27/06/2013,,16.38326,119.92616,W11,,1,Diatom,Thalassiosira spp.,D-Thalassiosira spp.,880
8398,2013,Jun,27,27/06/2013,,16.38326,119.92616,W11,,1,Dinoflagellate,Prorocentrum  minimum,DF-Prorocentrum  minimum,5920
8399,2013,Jun,27,27/06/2013,,16.38326,119.92616,W11,,1,Dinoflagellate,Prorocentrum micans,DF-Prorocentrum micans,240
8400,2013,Jun,27,27/06/2013,,16.38326,119.92616,W11,,1,Dinoflagellate,Prorocentrum minimum,DF-Prorocentrum minimum,240
8401,2013,Jun,27,27/06/2013,,16.33668,119.94476,W2A,,1,Diatom,Biddulphia,D-Biddulphia,240
8402,2013,Jun,27,27/06/2013,,16.33668,119.94476,W2A,,1,Diatom,Chaetoceros spp.,D-Chaetoceros spp.,640
8403,2013,Jun,27,27/06/2013,,16.33668,119.94476,W2A,,1,Diatom,Guinardia,D-Guinardia,2880
8404,2013,Jun,27,27/06/2013,,16.33668,119.94476,W2A,,1,Diatom,Navicula  spp.,D-Navicula  spp.,160
8405,2013,Jun,27,27/06/2013,,16.33668,119.94476,W2A,,1,Diatom,Pleurosigma sp1,D-Pleurosigma sp. 1,800
8406,2013,Jun,27,27/06/2013,,16.33668,119.94476,W2A,,1,Diatom,Pleurosigma sp2,D-Pleurosigma sp. 2,3760
8407,2013,Jun,27,27/06/2013,,16.33668,119.94476,W2A,,1,Diatom,Pleurosigma spp.,D-Pleurosigma spp.,80
8408,2013,Jun,27,27/06/2013,,16.33668,119.94476,W2A,,1,Diatom,Pseudonitzschia spp.,D-Pseudonitzschia spp.,1280
8409,2013,Jun,27,27/06/2013,,16.33668,119.94476,W2A,,1,Diatom,Rhizosolenia sp2,D-Rhizosolenia sp. 2,13200
8410,2013,Jun,27,27/06/2013,,16.33668,119.94476,W2A,,1,Diatom,Skeletonema,D-Skeletonema,6800
8411,2013,Jun,27,27/06/2013,,16.33668,119.94476,W2A,,1,Dinoflagellate,Prorocentrum  minimum,DF-Prorocentrum  minimum,880
8412,2013,Jun,27,27/06/2013,,16.33668,119.94476,W2A,,1,Dinoflagellate,Ceratium furca,DF-Ceratium furca,80
8413,2013,Jun,27,27/06/2013,,16.33668,119.94476,W2A,,1,Dinoflagellate,Gonyaulax spinifera,DF-Gonyaulax spinifera,80
8414,2013,Jun,27,27/06/2013,,16.33668,119.94476,W2A,,1,Dinoflagellate,Gyrodinium,DF-Gyrodinium,80
8415,2013,Jun,27,27/06/2013,,16.33668,119.94476,W2A,,1,Dinoflagellate,Prorocentrum micans,DF-Prorocentrum micans,160
8416,2013,Jun,27,27/06/2013,,16.33668,119.94476,W2A,,1,Dinoflagellate,Protoperidinium pellucidum,DF-Protoperidinium pellucidum,320
8417,2013,Jun,27,27/06/2013,,16.33668,119.94476,W2A,,1,Dinoflagellate,Protoperdinium  pellucidum,DF-Protoperdinium  pellucidum,80
8418,2013,Jun,27,27/06/2013,,16.33668,119.94476,W2A,,1,Dinoflagellate,Protoperinium oblongum,DF-Protoperinium oblongum,80
8419,2013,Jun,27,27/06/2013,,16.33668,119.94476,W2A,,1,Dinoflagellate,Scrippsiella spinifera,DF-Scrippsiella spinifera,80
8420,2013,Jun,27,27/06/2013,,16.37073,119.93401,W3,,NB,Silicoflagellate,Tintinopsis,SF-Tintinopsis,80
8421,2013,Jun,27,27/06/2013,,16.37073,119.93401,W3,,NB,Diatom,Coscinodiscus spp.,D-Coscinodiscus spp.,80
8422,2013,Jun,27,27/06/2013,,16.37073,119.93401,W3,,NB,Diatom,Guinardia,D-Guinardia,240
8423,2013,Jun,27,27/06/2013,,16.37073,119.93401,W3,,NB,Diatom,Navicula  spp.,D-Navicula  spp.,80
8424,2013,Jun,27,27/06/2013,,16.37073,119.93401,W3,,NB,Diatom,Pleurosigma sp1,D-Pleurosigma sp. 1,1760
8425,2013,Jun,27,27/06/2013,,16.37073,119.93401,W3,,NB,Diatom,Pleurosigma sp2,D-Pleurosigma sp. 2,960
8426,2013,Jun,27,27/06/2013,,16.37073,119.93401,W3,,NB,Diatom,Pleurosigma spp.,D-Pleurosigma spp.,160
8427,2013,Jun,27,27/06/2013,,16.37073,119.93401,W3,,NB,Diatom,Pseudonitzschia spp.,D-Pseudonitzschia spp.,800
8428,2013,Jun,27,27/06/2013,,16.37073,119.93401,W3,,NB,Diatom,Rhizosolenia sp2,D-Rhizosolenia sp. 2,7440
8429,2013,Jun,27,27/06/2013,,16.37073,119.93401,W3,,NB,Diatom,Skeletonema,D-Skeletonema,2160
8430,2013,Jun,27,27/06/2013,,16.37073,119.93401,W3,,NB,Diatom,Thalassiosira spp.,D-Thalassiosira spp.,720
8431,2013,Jun,27,27/06/2013,,16.37073,119.93401,W3,,NB,Dinoflagellate,Prorocentrum  minimum,DF-Prorocentrum  minimum,640
8432,2013,Jun,27,27/06/2013,,16.37073,119.93401,W3,,NB,Dinoflagellate,Prorocentrum minimum,DF-Prorocentrum minimum,99520
8433,2013,Jun,27,27/06/2013,,16.37073,119.93401,W3,,1,Silicoflagellate,Tintinopsis,SF-Tintinopsis,560
8434,2013,Jun,27,27/06/2013,,16.37073,119.93401,W3,,1,Diatom,Coscinodiscus spp.,D-Coscinodiscus spp.,400
8435,2013,Jun,27,27/06/2013,,16.37073,119.93401,W3,,1,Diatom,Guinardia,D-Guinardia,1440
8436,2013,Jun,27,27/06/2013,,16.37073,119.93401,W3,,1,Silicoflagellate,Favella sp.,SF-Favella sp.,80
8437,2013,Jun,27,27/06/2013,,16.37073,119.93401,W3,,1,Diatom,Pleurosigma sp1,D-Pleurosigma sp. 1,2640
8438,2013,Jun,27,27/06/2013,,16.37073,119.93401,W3,,1,Diatom,Pleurosigma sp2,D-Pleurosigma sp. 2,3440
8439,2013,Jun,27,27/06/2013,,16.37073,119.93401,W3,,1,Diatom,Pleurosigma spp.,D-Pleurosigma spp.,160
8440,2013,Jun,27,27/06/2013,,16.37073,119.93401,W3,,1,Diatom,Pleurosigma sp2,D-Pleurosigma sp. 2,80
8441,2013,Jun,27,27/06/2013,,16.37073,119.93401,W3,,1,Diatom,Pseudonitzschia spp.,D-Pseudonitzschia spp.,2880
8442,2013,Jun,27,27/06/2013,,16.37073,119.93401,W3,,1,Diatom,Rhizosolenia sp2,D-Rhizosolenia sp. 2,44880
8443,2013,Jun,27,27/06/2013,,16.37073,119.93401,W3,,1,Diatom,Skeletonema,D-Skeletonema,230000
8444,2013,Jun,27,27/06/2013,,16.37073,119.93401,W3,,1,Diatom,Thalassiosira spp.,D-Thalassiosira spp.,2880
8445,2013,Jun,27,27/06/2013,,16.37073,119.93401,W3,,1,Dinoflagellate,Prorocentrum  minimum,DF-Prorocentrum  minimum,1760
8446,2013,Jun,27,27/06/2013,,16.37073,119.93401,W3,,1,Dinoflagellate,Gyrodinium,DF-Gyrodinium,80
8447,2013,Jun,27,27/06/2013,,16.37073,119.93401,W3,,1,Dinoflagellate,Karenia  mikimotoi,DF-Karenia  mikimotoi,80
8448,2013,Jun,27,27/06/2013,,16.37073,119.93401,W3,,1,Dinoflagellate,Prorocentrum micans,DF-Prorocentrum micans,320
8449,2013,Jun,27,27/06/2013,,16.37073,119.93401,W3,,1,Dinoflagellate,Prorocentrum minimum,DF-Prorocentrum minimum,190400
8450,2013,Jun,27,27/06/2013,,16.37073,119.93401,W3,,1,Dinoflagellate,Protoperidinium pellucidum,DF-Protoperidinium pellucidum,240
8451,2013,Jun,27,27/06/2013,,16.37073,119.93401,W3,,1,Dinoflagellate,Protoperdinium  pellucidum,DF-Protoperdinium  pellucidum,160
8452,2013,Jun,27,27/06/2013,,16.32003,119.93384,W8,,1,Silicoflagellate,Tintinopsis,SF-Tintinopsis,320
8453,2013,Jun,27,27/06/2013,,16.32003,119.93384,W8,,1,Diatom,Coscinodiscus spp.,D-Coscinodiscus spp.,80
8454,2013,Jun,27,27/06/2013,,16.32003,119.93384,W8,,1,Diatom,Guinardia,D-Guinardia,1680
8455,2013,Jun,27,27/06/2013,,16.32003,119.93384,W8,,1,Diatom,Pleurosigma sp1,D-Pleurosigma sp. 1,560
8456,2013,Jun,27,27/06/2013,,16.32003,119.93384,W8,,1,Diatom,Pleurosigma sp2,D-Pleurosigma sp. 2,2240
8457,2013,Jun,27,27/06/2013,,16.32003,119.93384,W8,,1,Diatom,Pleurosigma spp.,D-Pleurosigma spp.,80
8458,2013,Jun,27,27/06/2013,,16.32003,119.93384,W8,,1,Diatom,Rhizosolenia sp2,D-Rhizosolenia sp. 2,56800
8459,2013,Jun,27,27/06/2013,,16.32003,119.93384,W8,,1,Diatom,Thalassiosira spp.,D-Thalassiosira spp.,480
8460,2013,Jun,27,27/06/2013,,16.32003,119.93384,W8,,1,Dinoflagellate,Prorocentrum  minimum,DF-Prorocentrum  minimum,240
8461,2013,Jun,27,27/06/2013,,16.32003,119.93384,W8,,1,Dinoflagellate,Protoperidinium pellucidum,DF-Protoperidinium pellucidum,80
8462,2013,Jun,27,27/06/2013,,16.32003,119.93384,W8,,1,Dinoflagellate,Protoperinium oblongum,DF-Protoperinium oblongum,160
8463,2013,Jun,27,27/06/2013,,16.34775,119.93452,W9,,1,Silicoflagellate,Tintinopsis,SF-Tintinopsis,400
8464,2013,Jun,27,27/06/2013,,16.34775,119.93452,W9,,1,Diatom,Guinardia,D-Guinardia,400
8465,2013,Jun,27,27/06/2013,,16.34775,119.93452,W9,,1,Diatom,Navicula  spp.,D-Navicula  spp.,80
8466,2013,Jun,27,27/06/2013,,16.34775,119.93452,W9,,1,Diatom,Pleurosigma sp1,D-Pleurosigma sp. 1,720
8467,2013,Jun,27,27/06/2013,,16.34775,119.93452,W9,,1,Diatom,Pleurosigma sp2,D-Pleurosigma sp. 2,2480
8468,2013,Jun,27,27/06/2013,,16.34775,119.93452,W9,,1,Diatom,Pleurosigma spp.,D-Pleurosigma spp.,80
8469,2013,Jun,27,27/06/2013,,16.34775,119.93452,W9,,1,Diatom,Pseudonitzschia spp.,D-Pseudonitzschia spp.,560
8470,2013,Jun,27,27/06/2013,,16.34775,119.93452,W9,,1,Diatom,Rhizosolenia sp2,D-Rhizosolenia sp. 2,50480
8471,2013,Jun,27,27/06/2013,,16.34775,119.93452,W9,,1,Diatom,Thalassiosira spp.,D-Thalassiosira spp.,1520
8472,2013,Jun,27,27/06/2013,,16.34775,119.93452,W9,,1,Dinoflagellate,Gyrodinium,DF-Gyrodinium,80
8473,2013,Jun,27,27/06/2013,,16.34775,119.93452,W9,,1,Dinoflagellate,Protoperinium oblongum,DF-Protoperinium oblongum,160
8474,2013,Jul,2,02/07/2013,,16.34775,119.93375,A1,,1,Diatom,Cylindricotheca closterium,D-Cylindricotheca closterium,80
8475,2013,Jul,2,02/07/2013,,16.34775,119.93375,A1,,1,Diatom,Pleurosigma sp1,D-Pleurosigma sp. 1,80
8476,2013,Jul,2,02/07/2013,,16.34775,119.93375,A1,,1,Diatom,Rhizosolenia sp2,D-Rhizosolenia sp. 2,1280
8477,2013,Jul,2,02/07/2013,,16.34775,119.93375,A1,,1,Diatom,Thalassiosira spp.,D-Thalassiosira spp.,80
8478,2013,Jul,2,02/07/2013,,16.34775,119.93375,A1,,1,Diatom,unknown diatom,D-unknown,240
8479,2013,Jul,2,02/07/2013,,16.34775,119.93375,A1,,1,Dinoflagellate,Prorocentrum minimum,DF-Prorocentrum minimum,160
8480,2013,Jul,2,02/07/2013,,16.34775,119.93452,A2,,1,Silicoflagellate,Tintinopsis,SF-Tintinopsis,80
8481,2013,Jul,2,02/07/2013,,16.34775,119.93452,A2,,1,Diatom,Coscinodiscus spp.,D-Coscinodiscus spp.,80
8482,2013,Jul,2,02/07/2013,,16.34775,119.93452,A2,,1,Diatom,Navicula  spp.,D-Navicula  spp.,240
8483,2013,Jul,2,02/07/2013,,16.34775,119.93452,A2,,1,Diatom,Pleurosigma sp1,D-Pleurosigma sp. 1,80
8484,2013,Jul,2,02/07/2013,,16.34775,119.93452,A2,,1,Diatom,Pseudonitzschia spp.,D-Pseudonitzschia spp.,80
8485,2013,Jul,2,02/07/2013,,16.34775,119.93452,A2,,1,Diatom,Rhizosolenia sp2,D-Rhizosolenia sp. 2,4400
8486,2013,Jul,2,02/07/2013,,16.34775,119.93452,A2,,1,Diatom,Thalassiosira spp.,D-Thalassiosira spp.,320
8487,2013,Jul,2,02/07/2013,,16.34775,119.93452,A2,,1,Diatom,unknown diatom,D-unknown,80
8488,2013,Jul,2,02/07/2013,,16.34775,119.93452,A2,,1,Dinoflagellate,Prorocentrum  minimum,DF-Prorocentrum  minimum,240
8489,2013,Jul,2,02/07/2013,,16.34775,119.93452,A2,,1,Dinoflagellate,Protoperdinium  pellucidum,DF-Protoperdinium  pellucidum,80
8490,2013,Jul,2,02/07/2013,,16.34775,119.93452,A2,,1,Cyanobacteria,Trichodesmium sp.,CYN-Trichodesmium sp.,80
8491,2013,Jul,2,02/07/2013,,16.33431,119.95731,A3,,1,Diatom,Navicula  spp.,D-Navicula  spp.,1040
8492,2013,Jul,2,02/07/2013,,16.33431,119.95731,A3,,1,Diatom,Pleurosigma sp1,D-Pleurosigma sp. 1,80
8493,2013,Jul,2,02/07/2013,,16.33431,119.95731,A3,,1,Diatom,Pleurosigma spp.,D-Pleurosigma spp.,160
8494,2013,Jul,2,02/07/2013,,16.33431,119.95731,A3,,1,Diatom,Pleurosigma sp2,D-Pleurosigma sp. 2,80
8495,2013,Jul,2,02/07/2013,,16.33431,119.95731,A3,,1,Diatom,Rhizosolenia sp2,D-Rhizosolenia sp. 2,320
8496,2013,Jul,2,02/07/2013,,16.33431,119.95731,A3,,1,Diatom,Skeletonema,D-Skeletonema,480
8497,2013,Jul,2,02/07/2013,,16.33431,119.95731,A3,,1,Diatom,unknown diatom,D-unknown,80
8498,2013,Jul,2,02/07/2013,,16.33431,119.95731,A3,,1,Dinoflagellate,Prorocentrum minimum,DF-Prorocentrum minimum,80
8499,2013,Jul,2,02/07/2013,,16.33431,119.95731,A3,,1,Dinoflagellate,Protoperinium oblongum,DF-Protoperinium oblongum,1040
8500,2013,Jul,2,02/07/2013,,16.33431,119.95731,A3,,1,Cyanobacteria,Trichodesmium sp.,CYN-Trichodesmium sp.,320
8501,2013,Jul,2,02/07/2013,,16.28459,119.92285,A4,,1,Diatom,Coscinodiscus spp.,D-Coscinodiscus spp.,40
8502,2013,Jul,2,02/07/2013,,16.28459,119.92285,A4,,1,Diatom,Navicula  spp.,D-Navicula  spp.,40
8503,2013,Jul,2,02/07/2013,,16.28459,119.92285,A4,,1,Diatom,Rhizosolenia sp2,D-Rhizosolenia sp. 2,120
8504,2013,Jul,2,02/07/2013,,16.28459,119.92285,A4,,1,Diatom,Thalassiosira spp.,D-Thalassiosira spp.,320
8505,2013,Jul,2,02/07/2013,,16.28459,119.92285,A4,,1,Diatom,unknown diatom,D-unknown,80
8506,2013,Jul,2,02/07/2013,,16.28459,119.92285,A4,,1,Dinoflagellate,Prorocentrum  minimum,DF-Prorocentrum  minimum,2960
8507,2013,Jul,2,02/07/2013,,16.28459,119.92285,A4,,1,Dinoflagellate,Prorocentrum micans,DF-Prorocentrum micans,200
8508,2013,Jul,2,02/07/2013,,16.28459,119.92285,A4,,1,Dinoflagellate,Protoperidinium spp.,DF-Protoperidinium spp.,40
8509,2013,Jul,2,02/07/2013,,16.28459,119.92285,A4,,1,Dinoflagellate,Protoperdinium  pellucidum,DF-Protoperdinium  pellucidum,40
8510,2013,Jul,2,02/07/2013,,16.28459,119.92285,A4,,1,Dinoflagellate,Prototoperidnium pallidum,DF-Prototoperidnium pallidum,120
8511,2013,Jul,2,02/07/2013,,16.28459,119.92285,A4,,1,Dinoflagellate,Protoperinium oblongum,DF-Protoperinium oblongum,40
8512,2013,Jul,2,02/07/2013,,16.27365,119.92599,A5,,1,Diatom,Coscinodiscus spp.,D-Coscinodiscus spp.,240
8513,2013,Jul,2,02/07/2013,,16.27365,119.92599,A5,,1,Diatom,Pleurosigma sp1,D-Pleurosigma sp. 1,320
8514,2013,Jul,2,02/07/2013,,16.27365,119.92599,A5,,1,Diatom,Pleurosigma spp.,D-Pleurosigma spp.,80
8515,2013,Jul,2,02/07/2013,,16.27365,119.92599,A5,,1,Diatom,Rhizosolenia sp2,D-Rhizosolenia sp. 2,160
8516,2013,Jul,2,02/07/2013,,16.27365,119.92599,A5,,1,Diatom,Thalassiosira spp.,D-Thalassiosira spp.,240
8517,2013,Jul,2,02/07/2013,,16.3743,119.93198,PP,,NB,Diatom,Navicula  spp.,D-Navicula  spp.,80
8518,2013,Jul,2,02/07/2013,,16.3743,119.93198,PP,,NB,Diatom,Pleurosigma spp.,D-Pleurosigma spp.,40
8519,2013,Jul,2,02/07/2013,,16.3743,119.93198,PP,,NB,Diatom,Rhizosolenia sp2,D-Rhizosolenia sp. 2,80
8520,2013,Jul,2,02/07/2013,,16.3743,119.93198,PP,,NB,Diatom,unknown diatom,D-unknown,120
8521,2013,Jul,2,02/07/2013,,16.3743,119.93198,PP,,NB,Cyanobacteria,Trichodesmium sp.,CYN-Trichodesmium sp.,40
8522,2013,Jul,2,02/07/2013,,16.3743,119.93198,PP,,1,Diatom,Cylindricotheca closterium,D-Cylindricotheca closterium,40
8523,2013,Jul,2,02/07/2013,,16.3743,119.93198,PP,,1,Diatom,Navicula  spp.,D-Navicula  spp.,80
8524,2013,Jul,2,02/07/2013,,16.3743,119.93198,PP,,1,Diatom,Pleurosigma sp1,D-Pleurosigma sp. 1,160
8525,2013,Jul,2,02/07/2013,,16.3743,119.93198,PP,,1,Diatom,Pleurosigma spp.,D-Pleurosigma spp.,40
8526,2013,Jul,2,02/07/2013,,16.3743,119.93198,PP,,1,Diatom,Rhizosolenia sp2,D-Rhizosolenia sp. 2,240
8527,2013,Jul,2,02/07/2013,,16.3743,119.93198,PP,,1,Diatom,Thalassiosira spp.,D-Thalassiosira spp.,40
8528,2013,Jul,2,02/07/2013,,16.3743,119.93198,PP,,1,Diatom,unknown diatom,D-unknown,120
8529,2013,Jul,2,02/07/2013,,16.3743,119.93198,PP,,1,Dinoflagellate,Prorocentrum micans,DF-Prorocentrum micans,120
8530,2013,Jul,2,02/07/2013,,16.3743,119.93198,PP,,1,Dinoflagellate,Protoperinium oblongum,DF-Protoperinium oblongum,120
8531,2013,Jul,2,02/07/2013,,16.3743,119.93198,PP,,1,Cyanobacteria,Trichodesmium sp.,CYN-Trichodesmium sp.,40
8532,2013,Jul,2,02/07/2013,,16.39578,119.90667,RVA3,,MId,Diatom,Bacteriastrum spp.,D-Bacteriastrum spp.,480
8533,2013,Jul,2,02/07/2013,,16.39578,119.90667,RVA3,,Mid,Diatom,Cylindricotheca closterium,D-Cylindricotheca closterium,80
8534,2013,Jul,2,02/07/2013,,16.39578,119.90667,RVA3,,Mid,Diatom,Pleurosigma sp1,D-Pleurosigma sp. 1,720
8535,2013,Jul,2,02/07/2013,,16.39578,119.90667,RVA3,,Mid,Diatom,Pseudonitzschia spp.,D-Pseudonitzschia spp.,160
8536,2013,Jul,2,02/07/2013,,16.39578,119.90667,RVA3,,Mid,Diatom,Rhizosolenia sp2,D-Rhizosolenia sp. 2,720
8537,2013,Jul,2,02/07/2013,,16.39578,119.90667,RVA3,,Mid,Dinoflagellate,Prorocentrum  minimum,DF-Prorocentrum  minimum,160
8538,2013,Jul,2,02/07/2013,,16.39578,119.90667,RVA3,,Mid,Dinoflagellate,Prorocentrum minimum,DF-Prorocentrum minimum,80
8539,2013,Jul,2,02/07/2013,,16.39578,119.90667,RVA3,,Mid,Cyanobacteria,Trichodesmium sp.,CYN-Trichodesmium sp.,80
8540,2013,Jul,2,02/07/2013,,16.39578,119.90667,RVA3,,NB,Diatom,Navicula  spp.,D-Navicula  spp.,160
8541,2013,Jul,2,02/07/2013,,16.39578,119.90667,RVA3,,NB,Diatom,Pleurosigma sp1,D-Pleurosigma sp. 1,560
8542,2013,Jul,2,02/07/2013,,16.39578,119.90667,RVA3,,NB,Diatom,Pleurosigma sp2,D-Pleurosigma sp. 2,80
8543,2013,Jul,2,02/07/2013,,16.39578,119.90667,RVA3,,NB,Diatom,Pleurosigma spp.,D-Pleurosigma spp.,160
8544,2013,Jul,2,02/07/2013,,16.39578,119.90667,RVA3,,NB,Diatom,Rhizosolenia sp2,D-Rhizosolenia sp. 2,560
8545,2013,Jul,2,02/07/2013,,16.39578,119.90667,RVA3,,NB,Diatom,Thalassiosira spp.,D-Thalassiosira spp.,80
8546,2013,Jul,2,02/07/2013,,16.39578,119.90667,RVA3,,NB,Dinoflagellate,Prorocentrum minimum,DF-Prorocentrum minimum,80
8547,2013,Jul,2,02/07/2013,,16.39578,119.90667,RVA3,,NB,Silicoflagellate,Tintinopsis,SF-Tintinopsis,240
8548,2013,Jul,2,02/07/2013,,16.39578,119.90667,RVA3,,1,Diatom,Chaetoceros spp.,D-Chaetoceros spp.,160
8549,2013,Jul,2,02/07/2013,,16.39578,119.90667,RVA3,,1,Diatom,Cylindricotheca closterium,D-Cylindricotheca closterium,80
8550,2013,Jul,2,02/07/2013,,16.39578,119.90667,RVA3,,1,Diatom,Pleurosigma sp1,D-Pleurosigma sp. 1,240
8551,2013,Jul,2,02/07/2013,,16.39578,119.90667,RVA3,,1,Diatom,Pleurosigma spp.,D-Pleurosigma spp.,80
8552,2013,Jul,2,02/07/2013,,16.39578,119.90667,RVA3,,1,Diatom,Pseudonitzschia spp.,D-Pseudonitzschia spp.,320
8553,2013,Jul,2,02/07/2013,,16.39578,119.90667,RVA3,,1,Diatom,Rhizosolenia sp2,D-Rhizosolenia sp. 2,160
8554,2013,Jul,2,02/07/2013,,16.39578,119.90667,RVA3,,1,Diatom,unknown diatom,D-unknown,240
8555,2013,Jul,2,02/07/2013,,16.39578,119.90667,RVA3,,1,Dinoflagellate,Prorocentrum  minimum,DF-Prorocentrum  minimum,800
8556,2013,Jul,2,02/07/2013,,16.39578,119.90667,RVA3,,1,Dinoflagellate,Prorocentrum minimum,DF-Prorocentrum minimum,80
8557,2013,Jul,2,02/07/2013,,16.39578,119.90667,RVA3,,1,Dinoflagellate,Scrippsiella spinifera,DF-Scrippsiella spinifera,80
8558,2013,Jul,2,02/07/2013,,16.39578,119.90667,RVA3,,1,Cyanobacteria,Trichodesmium sp.,CYN-Trichodesmium sp.,80
8559,2013,Jul,2,02/07/2013,,16.30944,119.92063,TS1,,NB,Diatom,Navicula  spp.,D-Navicula  spp.,40
8560,2013,Jul,2,02/07/2013,,16.30944,119.92063,TS1,,NB,Diatom,Pleurosigma spp.,D-Pleurosigma spp.,120
8561,2013,Jul,2,02/07/2013,,16.30944,119.92063,TS1,,NB,Diatom,Rhizosolenia sp2,D-Rhizosolenia sp. 2,240
8562,2013,Jul,2,02/07/2013,,16.30944,119.92063,TS1,,NB,Diatom,Thalassiosira spp.,D-Thalassiosira spp.,120
8563,2013,Jul,2,02/07/2013,,16.30944,119.92063,TS1,,NB,Dinoflagellate,Prorocentrum  minimum,DF-Prorocentrum  minimum,120
8564,2013,Jul,2,02/07/2013,,16.30944,119.92063,TS1,,1,Diatom,Coscinodiscus spp.,D-Coscinodiscus spp.,80
8565,2013,Jul,2,02/07/2013,,16.30944,119.92063,TS1,,1,Diatom,Navicula  spp.,D-Navicula  spp.,80
8566,2013,Jul,2,02/07/2013,,16.30944,119.92063,TS1,,1,Diatom,Pleurosigma spp.,D-Pleurosigma spp.,80
8567,2013,Jul,2,02/07/2013,,16.30944,119.92063,TS1,,1,Diatom,Rhizosolenia sp2,D-Rhizosolenia sp. 2,80
8568,2013,Jul,2,02/07/2013,,16.30944,119.92063,TS1,,1,Diatom,Thalassiosira spp.,D-Thalassiosira spp.,80
8569,2013,Jul,2,02/07/2013,,16.30944,119.92063,TS1,,1,Dinoflagellate,Prorocentrum micans,DF-Prorocentrum micans,80
8570,2013,Jul,2,02/07/2013,,16.38339,119.91585,TS2,,Mid,Diatom,Coscinodiscus spp.,D-Coscinodiscus spp.,40
8571,2013,Jul,2,02/07/2013,,16.38339,119.91585,TS2,,Mid,Diatom,Navicula  spp.,D-Navicula  spp.,80
8572,2013,Jul,2,02/07/2013,,16.38339,119.91585,TS2,,Mid,Diatom,Pleurosigma sp1,D-Pleurosigma sp. 1,360
8573,2013,Jul,2,02/07/2013,,16.38339,119.91585,TS2,,Mid,Diatom,Pleurosigma sp2,D-Pleurosigma sp. 2,80
8574,2013,Jul,2,02/07/2013,,16.38339,119.91585,TS2,,Mid,Diatom,Rhizosolenia sp2,D-Rhizosolenia sp. 2,320
8575,2013,Jul,2,02/07/2013,,16.38339,119.91585,TS2,,Mid,Diatom,Thalassiosira spp.,D-Thalassiosira spp.,40
8576,2013,Jul,2,02/07/2013,,16.38339,119.91585,TS2,,Mid,Diatom,unknown diatom,D-unknown,280
8577,2013,Jul,2,02/07/2013,,16.38339,119.91585,TS2,,Mid,Dinoflagellate,Prorocentrum  minimum,DF-Prorocentrum  minimum,1040
8578,2013,Jul,2,02/07/2013,,16.38339,119.91585,TS2,,Mid,Dinoflagellate,Ceratium furca,DF-Ceratium furca,40
8579,2013,Jul,2,02/07/2013,,16.38339,119.91585,TS2,,Mid,Dinoflagellate,Dinophysis miles,DF-Dinophysis miles,40
8580,2013,Jul,2,02/07/2013,,16.38339,119.91585,TS2,,Mid,Dinoflagellate,Gyrodinium,DF-Gyrodinium,40
8581,2013,Jul,2,02/07/2013,,16.38339,119.91585,TS2,,Mid,Dinoflagellate,Prorocentrum minimum,DF-Prorocentrum minimum,160
8582,2013,Jul,2,02/07/2013,,16.38339,119.91585,TS2,,NB,Diatom,Coscinodiscus spp.,D-Coscinodiscus spp.,40
8583,2013,Jul,2,02/07/2013,,16.38339,119.91585,TS2,,NB,Diatom,Pleurosigma sp1,D-Pleurosigma sp. 1,40
8584,2013,Jul,2,02/07/2013,,16.38339,119.91585,TS2,,NB,Diatom,Rhizosolenia sp2,D-Rhizosolenia sp. 2,40
8585,2013,Jul,2,02/07/2013,,16.38339,119.91585,TS2,,NB,Diatom,Thalassiosira spp.,D-Thalassiosira spp.,40
8586,2013,Jul,2,02/07/2013,,16.38339,119.91585,TS2,,1,Diatom,Chaetoceros spp.,D-Chaetoceros spp.,40
8587,2013,Jul,2,02/07/2013,,16.38339,119.91585,TS2,,1,Diatom,Coscinodiscus spp.,D-Coscinodiscus spp.,40
8588,2013,Jul,2,02/07/2013,,16.38339,119.91585,TS2,,1,Diatom,Guinardia,D-Guinardia,120
8589,2013,Jul,2,02/07/2013,,16.38339,119.91585,TS2,,1,Diatom,Navicula  spp.,D-Navicula  spp.,120
8590,2013,Jul,2,02/07/2013,,16.38339,119.91585,TS2,,1,Diatom,Pleurosigma sp1,D-Pleurosigma sp. 1,320
8591,2013,Jul,2,02/07/2013,,16.38339,119.91585,TS2,,1,Diatom,Pseudonitzschia spp.,D-Pseudonitzschia spp.,80
8592,2013,Jul,2,02/07/2013,,16.38339,119.91585,TS2,,1,Diatom,Rhizosolenia sp2,D-Rhizosolenia sp. 2,360
8593,2013,Jul,2,02/07/2013,,16.38339,119.91585,TS2,,1,Diatom,Thalassiosira spp.,D-Thalassiosira spp.,160
8594,2013,Jul,2,02/07/2013,,16.38339,119.91585,TS2,,1,Diatom,unknown diatom,D-unknown,360
8595,2013,Jul,2,02/07/2013,,16.38339,119.91585,TS2,,1,Dinoflagellate,Prorocentrum  minimum,DF-Prorocentrum  minimum,1920
8596,2013,Jul,2,02/07/2013,,16.38339,119.91585,TS2,,1,Dinoflagellate,Gyrodinium,DF-Gyrodinium,40
8597,2013,Jul,2,02/07/2013,,16.38339,119.91585,TS2,,1,Dinoflagellate,Oxytoxum spp.,DF-Oxytoxum spp.,40
8598,2013,Jul,2,02/07/2013,,16.38339,119.91585,TS2,,1,Dinoflagellate,Prorocentrum micans,DF-Prorocentrum micans,80
8599,2013,Jul,2,02/07/2013,,16.38339,119.91585,TS2,,1,Dinoflagellate,Prorocentrum minimum,DF-Prorocentrum minimum,80
8600,2013,Jul,2,02/07/2013,,16.38339,119.91585,TS2,,1,Dinoflagellate,Protoperidinium pellucidum,DF-Protoperidinium pellucidum,80
8601,2013,Jul,2,02/07/2013,,16.38339,119.91585,TS2,,1,Dinoflagellate,Protoperdinium  pellucidum,DF-Protoperdinium  pellucidum,40
8602,2013,Jul,2,02/07/2013,,16.38339,119.91585,TS2,,1,Dinoflagellate,Protoperinium oblongum,DF-Protoperinium oblongum,80
8603,2013,Jul,2,02/07/2013,,16.34927,119.94606,W1,,1,Diatom,Cylindricotheca closterium,D-Cylindricotheca closterium,200
8604,2013,Jul,2,02/07/2013,,16.34927,119.94606,W1,,1,Diatom,Navicula  spp.,D-Navicula  spp.,600
8605,2013,Jul,2,02/07/2013,,16.34927,119.94606,W1,,1,Diatom,Pleurosigma spp.,D-Pleurosigma spp.,200
8606,2013,Jul,2,02/07/2013,,16.34927,119.94606,W1,,1,Diatom,Rhizosolenia sp2,D-Rhizosolenia sp. 2,560
8607,2013,Jul,2,02/07/2013,,16.34927,119.94606,W1,,1,Diatom,Thalassiosira spp.,D-Thalassiosira spp.,40
8608,2013,Jul,2,02/07/2013,,16.34927,119.94606,W1,,1,Diatom,unknown diatom,D-unknown,200
8609,2013,Jul,2,02/07/2013,,16.34927,119.94606,W1,,1,Dinoflagellate,Prorocentrum  minimum,DF-Prorocentrum  minimum,40
8610,2013,Jul,2,02/07/2013,,16.34927,119.94606,W1,,1,Dinoflagellate,Prorocentrum micans,DF-Prorocentrum micans,40
8611,2013,Jul,2,02/07/2013,,16.34927,119.94606,W1,,1,Dinoflagellate,Prorocentrum minimum,DF-Prorocentrum minimum,40
8612,2013,Jul,2,02/07/2013,,16.37052,119.94857,W10,,1,Diatom,Coscinodiscus spp.,D-Coscinodiscus spp.,120
8613,2013,Jul,2,02/07/2013,,16.37052,119.94857,W10,,1,Diatom,Cylindricotheca closterium,D-Cylindricotheca closterium,200
8614,2013,Jul,2,02/07/2013,,16.37052,119.94857,W10,,1,Diatom,Navicula  spp.,D-Navicula  spp.,920
8615,2013,Jul,2,02/07/2013,,16.37052,119.94857,W10,,1,Diatom,Pleurosigma sp1,D-Pleurosigma sp. 1,40
8616,2013,Jul,2,02/07/2013,,16.37052,119.94857,W10,,1,Diatom,Pleurosigma spp.,D-Pleurosigma spp.,600
8617,2013,Jul,2,02/07/2013,,16.37052,119.94857,W10,,1,Diatom,Pleurosigma sp2,D-Pleurosigma sp. 2,80
8618,2013,Jul,2,02/07/2013,,16.37052,119.94857,W10,,1,Diatom,Rhizosolenia sp2,D-Rhizosolenia sp. 2,240
8619,2013,Jul,2,02/07/2013,,16.37052,119.94857,W10,,1,Diatom,Thalassiosira spp.,D-Thalassiosira spp.,80
8620,2013,Jul,2,02/07/2013,,16.37052,119.94857,W10,,1,Diatom,unknown diatom,D-unknown,160
8621,2013,Jul,2,02/07/2013,,16.37052,119.94857,W10,,1,Dinoflagellate,Prorocentrum  minimum,DF-Prorocentrum  minimum,120
8622,2013,Jul,2,02/07/2013,,16.37052,119.94857,W10,,1,Dinoflagellate,Prorocentrum micans,DF-Prorocentrum micans,40
8623,2013,Jul,2,02/07/2013,,16.37052,119.94857,W10,,1,Dinoflagellate,Protoperidinium pellucidum,DF-Protoperidinium pellucidum,40
8624,2013,Jul,2,02/07/2013,,16.37052,119.94857,W10,,1,Dinoflagellate,Protoperdinium  pellucidum,DF-Protoperdinium  pellucidum,40
8625,2013,Jul,2,02/07/2013,,16.37052,119.94857,W10,,1,Dinoflagellate,Scrippsiella spinifera,DF-Scrippsiella spinifera,40
8626,2013,Jul,2,02/07/2013,,16.37052,119.94857,W10,,1,Cyanobacteria,Trichodesmium sp.,CYN-Trichodesmium sp.,40
8627,2013,Jul,2,02/07/2013,,16.38326,119.92616,W11,,Mid,Diatom,Guinardia,D-Guinardia,40
8628,2013,Jul,2,02/07/2013,,16.38326,119.92616,W11,,Mid,Diatom,Navicula  spp.,D-Navicula  spp.,40
8629,2013,Jul,2,02/07/2013,,16.38326,119.92616,W11,,Mid,Diatom,Pleurosigma sp1,D-Pleurosigma sp. 1,120
8630,2013,Jul,2,02/07/2013,,16.38326,119.92616,W11,,Mid,Diatom,Rhizosolenia sp2,D-Rhizosolenia sp. 2,360
8631,2013,Jul,2,02/07/2013,,16.38326,119.92616,W11,,Mid,Diatom,unknown diatom,D-unknown,40
8632,2013,Jul,2,02/07/2013,,16.38326,119.92616,W11,,Mid,Dinoflagellate,Prorocentrum  minimum,DF-Prorocentrum  minimum,320
8633,2013,Jul,2,02/07/2013,,16.38326,119.92616,W11,,Mid,Dinoflagellate,Ceratium furca,DF-Ceratium furca,40
8634,2013,Jul,2,02/07/2013,,16.38326,119.92616,W11,,Mid,Dinoflagellate,Prorocentrum minimum,DF-Prorocentrum minimum,400
8635,2013,Jul,2,02/07/2013,,16.38326,119.92616,W11,,Mid,Dinoflagellate,Protoperinium oblongum,DF-Protoperinium oblongum,80
8636,2013,Jul,2,02/07/2013,,16.38326,119.92616,W11,,1,Diatom,Cylindricotheca closterium,D-Cylindricotheca closterium,80
8637,2013,Jul,2,02/07/2013,,16.38326,119.92616,W11,,1,Dinoflagellate,Ceratium furca,DF-Ceratium furca,80
8638,2013,Jul,2,02/07/2013,,16.38326,119.92616,W11,,1,Dinoflagellate,Prorocentrum minimum,DF-Prorocentrum minimum,240
8639,2013,Jul,2,02/07/2013,,16.38326,119.92616,W11,,1,Dinoflagellate,Protoperidinium spp.,DF-Protoperidinium spp.,80
8640,2013,Jul,2,02/07/2013,,16.33668,119.94476,W2A,,1,Diatom,Pleurosigma sp2,D-Pleurosigma sp. 2,40
8641,2013,Jul,2,02/07/2013,,16.33668,119.94476,W2A,,1,Diatom,Pleurosigma spp.,D-Pleurosigma spp.,40
8642,2013,Jul,2,02/07/2013,,16.33668,119.94476,W2A,,1,Diatom,Rhizosolenia sp2,D-Rhizosolenia sp. 2,280
8643,2013,Jul,2,02/07/2013,,16.33668,119.94476,W2A,,1,Diatom,unknown diatom,D-unknown,40
8644,2013,Jul,2,02/07/2013,,16.33668,119.94476,W2A,,1,Dinoflagellate,Prorocentrum minimum,DF-Prorocentrum minimum,80
8645,2013,Jul,2,02/07/2013,,16.37073,119.93401,W3,,Mid,Diatom,Coscinodiscus spp.,D-Coscinodiscus spp.,40
8646,2013,Jul,2,02/07/2013,,16.37073,119.93401,W3,,Mid,Diatom,Navicula  spp.,D-Navicula  spp.,160
8647,2013,Jul,2,02/07/2013,,16.37073,119.93401,W3,,Mid,Diatom,Pleurosigma sp1,D-Pleurosigma sp. 1,200
8648,2013,Jul,2,02/07/2013,,16.37073,119.93401,W3,,Mid,Diatom,Rhizosolenia sp2,D-Rhizosolenia sp. 2,400
8649,2013,Jul,2,02/07/2013,,16.37073,119.93401,W3,,Mid,Diatom,Thalassiosira spp.,D-Thalassiosira spp.,40
8650,2013,Jul,2,02/07/2013,,16.37073,119.93401,W3,,Mid,Diatom,unknown diatom,D-unknown,240
8651,2013,Jul,2,02/07/2013,,16.37073,119.93401,W3,,Mid,Dinoflagellate,Prorocentrum  minimum,DF-Prorocentrum  minimum,40
8652,2013,Jul,2,02/07/2013,,16.37073,119.93401,W3,,Mid,Dinoflagellate,Prorocentrum minimum,DF-Prorocentrum minimum,1120
8653,2013,Jul,2,02/07/2013,,16.37073,119.93401,W3,,NB,Diatom,Navicula  spp.,D-Navicula  spp.,80
8654,2013,Jul,2,02/07/2013,,16.37073,119.93401,W3,,NB,Diatom,Pleurosigma sp1,D-Pleurosigma sp. 1,80
8655,2013,Jul,2,02/07/2013,,16.37073,119.93401,W3,,NB,Diatom,Rhizosolenia sp2,D-Rhizosolenia sp. 2,240
8656,2013,Jul,2,02/07/2013,,16.37073,119.93401,W3,,NB,Diatom,Thalassiosira spp.,D-Thalassiosira spp.,160
8657,2013,Jul,2,02/07/2013,,16.37073,119.93401,W3,,NB,Dinoflagellate,Prorocentrum minimum,DF-Prorocentrum minimum,80
8658,2013,Jul,2,02/07/2013,,16.37073,119.93401,W3,,1,Diatom,Cylindricotheca closterium,D-Cylindricotheca closterium,160
8659,2013,Jul,2,02/07/2013,,16.37073,119.93401,W3,,1,Diatom,Navicula  spp.,D-Navicula  spp.,360
8660,2013,Jul,2,02/07/2013,,16.37073,119.93401,W3,,1,Diatom,Pleurosigma sp1,D-Pleurosigma sp. 1,120
8661,2013,Jul,2,02/07/2013,,16.37073,119.93401,W3,,1,Diatom,Pleurosigma sp2,D-Pleurosigma sp. 2,40
8662,2013,Jul,2,02/07/2013,,16.37073,119.93401,W3,,1,Diatom,Rhizosolenia sp2,D-Rhizosolenia sp. 2,200
8663,2013,Jul,2,02/07/2013,,16.37073,119.93401,W3,,1,Diatom,unknown diatom,D-unknown,40
8664,2013,Jul,2,02/07/2013,,16.37073,119.93401,W3,,1,Dinoflagellate,Prorocentrum  minimum,DF-Prorocentrum  minimum,80
8665,2013,Jul,2,02/07/2013,,16.37073,119.93401,W3,,1,Dinoflagellate,Prorocentrum micans,DF-Prorocentrum micans,40
8666,2013,Jul,2,02/07/2013,,16.37073,119.93401,W3,,1,Dinoflagellate,Prorocentrum minimum,DF-Prorocentrum minimum,120
8667,2013,Jul,2,02/07/2013,,16.32003,119.93384,W8,,1,Diatom,Pleurosigma sp2,D-Pleurosigma sp. 2,80
8668,2013,Jul,2,02/07/2013,,16.32003,119.93384,W8,,1,Diatom,Rhizosolenia sp2,D-Rhizosolenia sp. 2,240
8669,2013,Jul,2,02/07/2013,,16.32003,119.93384,W8,,1,Diatom,Thalassiosira spp.,D-Thalassiosira spp.,80
8670,2013,Jul,2,02/07/2013,,16.32003,119.93384,W8,,1,Dinoflagellate,Prorocentrum minimum,DF-Prorocentrum minimum,80
8671,2013,Jul,2,02/07/2013,,16.34775,119.93452,W9,,1,Silicoflagellate,Tintinopsis,SF-Tintinopsis,160
8672,2013,Jul,2,02/07/2013,,16.34775,119.93452,W9,,1,Diatom,Coscinodiscus spp.,D-Coscinodiscus spp.,160
8673,2013,Jul,2,02/07/2013,,16.34775,119.93452,W9,,1,Diatom,Rhizosolenia sp2,D-Rhizosolenia sp. 2,160
8674,2013,Jul,2,02/07/2013,,16.34775,119.93452,W9,,1,Diatom,Thalassiosira spp.,D-Thalassiosira spp.,160
8675,2013,Jul,2,02/07/2013,,16.34775,119.93452,W9,,1,Dinoflagellate,Prorocentrum minimum,DF-Prorocentrum minimum,480
8676,2013,Jul,5,05/07/2013,,16.34775,119.93375,A1,,1,Silicoflagellate,Tintinopsis,SF-Tintinopsis,3120
8677,2013,Jul,5,05/07/2013,,16.34775,119.93375,A1,,1,Diatom,Cylindricotheca closterium,D-Cylindricotheca closterium,80
8678,2013,Jul,5,05/07/2013,,16.34775,119.93375,A1,,1,Diatom,Navicula  spp.,D-Navicula  spp.,80
8679,2013,Jul,5,05/07/2013,,16.34775,119.93375,A1,,1,Diatom,Pleurosigma sp1,D-Pleurosigma sp. 1,220
8680,2013,Jul,5,05/07/2013,,16.34775,119.93375,A1,,1,Diatom,Pleurosigma spp.,D-Pleurosigma spp.,80
8681,2013,Jul,5,05/07/2013,,16.34775,119.93375,A1,,1,Diatom,Rhizosolenia sp2,D-Rhizosolenia sp. 2,240
8682,2013,Jul,5,05/07/2013,,16.34775,119.93375,A1,,1,Diatom,Skeletonema,D-Skeletonema,1280
8683,2013,Jul,5,05/07/2013,,16.34775,119.93375,A1,,1,Diatom,unknown diatom,D-unknown,160
8684,2013,Jul,5,05/07/2013,,16.34775,119.93375,A1,,1,Dinoflagellate,Prorocentrum  minimum,DF-Prorocentrum  minimum,240
8685,2013,Jul,5,05/07/2013,,16.34775,119.93375,A1,,1,Dinoflagellate,Alexandrium spp.,DF-Alexandrium spp.,80
8686,2013,Jul,5,05/07/2013,,16.34775,119.93375,A1,,1,Dinoflagellate,Protoperinium oblongum,DF-Protoperinium oblongum,160
8687,2013,Jul,5,05/07/2013,,16.34775,119.93452,A2,,1,Silicoflagellate,Tintinopsis,SF-Tintinopsis,8000
8688,2013,Jul,5,05/07/2013,,16.34775,119.93452,A2,,1,Diatom,Chaetoceros spp.,D-Chaetoceros spp.,480
8689,2013,Jul,5,05/07/2013,,16.34775,119.93452,A2,,1,Diatom,Coscinodiscus spp.,D-Coscinodiscus spp.,80
8690,2013,Jul,5,05/07/2013,,16.34775,119.93452,A2,,1,Diatom,Pleurosigma spp.,D-Pleurosigma spp.,80
8691,2013,Jul,5,05/07/2013,,16.34775,119.93452,A2,,1,Diatom,Thalassiosira spp.,D-Thalassiosira spp.,480
8692,2013,Jul,5,05/07/2013,,16.34775,119.93452,A2,,1,Dinoflagellate,Oxytoxum spp.,DF-Oxytoxum spp.,80
8693,2013,Jul,5,05/07/2013,,16.34775,119.93452,A2,,1,Dinoflagellate,Prorocentrum minimum,DF-Prorocentrum minimum,160
8694,2013,Jul,5,05/07/2013,,16.34775,119.93452,A2,,1,Dinoflagellate,Protoperinium oblongum,DF-Protoperinium oblongum,400
8695,2013,Jul,5,05/07/2013,,16.33431,119.95731,A3,,1,Silicoflagellate,Tintinopsis,SF-Tintinopsis,560
8696,2013,Jul,5,05/07/2013,,16.33431,119.95731,A3,,1,Diatom,Bacteriastrum spp.,D-Bacteriastrum spp.,880
8697,2013,Jul,5,05/07/2013,,16.33431,119.95731,A3,,1,Diatom,Chaetoceros spp.,D-Chaetoceros spp.,2080
8698,2013,Jul,5,05/07/2013,,16.33431,119.95731,A3,,1,Diatom,Coscinodiscus spp.,D-Coscinodiscus spp.,160
8699,2013,Jul,5,05/07/2013,,16.33431,119.95731,A3,,1,Diatom,Guinardia,D-Guinardia,320
8700,2013,Jul,5,05/07/2013,,16.33431,119.95731,A3,,1,Diatom,Pleurosigma sp1,D-Pleurosigma sp. 1,320
8701,2013,Jul,5,05/07/2013,,16.33431,119.95731,A3,,1,Diatom,Pseudonitzschia spp.,D-Pseudonitzschia spp.,480
8702,2013,Jul,5,05/07/2013,,16.33431,119.95731,A3,,1,Diatom,Rhizosolenia sp2,D-Rhizosolenia sp. 2,320
8703,2013,Jul,5,05/07/2013,,16.33431,119.95731,A3,,1,Diatom,Skeletonema,D-Skeletonema,4560
8704,2013,Jul,5,05/07/2013,,16.33431,119.95731,A3,,1,Diatom,Thalassiosira spp.,D-Thalassiosira spp.,80
8705,2013,Jul,5,05/07/2013,,16.33431,119.95731,A3,,1,Diatom,unknown diatom,D-unknown,480
8706,2013,Jul,5,05/07/2013,,16.33431,119.95731,A3,,1,Dinoflagellate,Protoperinium oblongum,DF-Protoperinium oblongum,320
8707,2013,Jul,5,05/07/2013,,16.33431,119.95731,A3,,1,Cyanobacteria,Trichodesmium sp.,CYN-Trichodesmium sp.,240
8708,2013,Jul,5,05/07/2013,,16.28459,119.92285,A4,,1,Silicoflagellate,Tintinopsis,SF-Tintinopsis,12480
8709,2013,Jul,5,05/07/2013,,16.28459,119.92285,A4,,1,Diatom,Coscinodiscus spp.,D-Coscinodiscus spp.,240
8710,2013,Jul,5,05/07/2013,,16.28459,119.92285,A4,,1,Diatom,Pleurosigma sp2,D-Pleurosigma sp. 2,80
8711,2013,Jul,5,05/07/2013,,16.28459,119.92285,A4,,1,Diatom,Pleurosigma spp.,D-Pleurosigma spp.,160
8712,2013,Jul,5,05/07/2013,,16.28459,119.92285,A4,,1,Diatom,Thalassiosira spp.,D-Thalassiosira spp.,640
8713,2013,Jul,5,05/07/2013,,16.28459,119.92285,A4,,1,Dinoflagellate,Oxytoxum spp.,DF-Oxytoxum spp.,80
8714,2013,Jul,5,05/07/2013,,16.28459,119.92285,A4,,1,Dinoflagellate,Protoperinium oblongum,DF-Protoperinium oblongum,160
8715,2013,Jul,5,05/07/2013,,16.27365,119.92599,A5,,1,Silicoflagellate,Tintinopsis,SF-Tintinopsis,4720
8716,2013,Jul,5,05/07/2013,,16.27365,119.92599,A5,,1,Diatom,Cylindricotheca closterium,D-Cylindricotheca closterium,80
8717,2013,Jul,5,05/07/2013,,16.27365,119.92599,A5,,1,Diatom,Navicula  spp.,D-Navicula  spp.,160
8718,2013,Jul,5,05/07/2013,,16.27365,119.92599,A5,,1,Silicoflagellate,Favella sp.,SF-Favella sp.,80
8719,2013,Jul,5,05/07/2013,,16.27365,119.92599,A5,,1,Diatom,Pleurosigma sp1,D-Pleurosigma sp. 1,80
8720,2013,Jul,5,05/07/2013,,16.27365,119.92599,A5,,1,Diatom,Rhizosolenia sp2,D-Rhizosolenia sp. 2,880
8721,2013,Jul,5,05/07/2013,,16.27365,119.92599,A5,,1,Diatom,Skeletonema,D-Skeletonema,800
8722,2013,Jul,5,05/07/2013,,16.27365,119.92599,A5,,1,Diatom,Thalassiosira spp.,D-Thalassiosira spp.,480
8723,2013,Jul,5,05/07/2013,,16.27365,119.92599,A5,,1,Dinoflagellate,Prorocentrum  minimum,DF-Prorocentrum  minimum,160
8724,2013,Jul,5,05/07/2013,,16.27365,119.92599,A5,,1,Dinoflagellate,Alexandrium spp.,DF-Alexandrium spp.,80
8725,2013,Jul,5,05/07/2013,,16.27365,119.92599,A5,,1,Dinoflagellate,Cyst,DF-Cyst,640
8726,2013,Jul,5,05/07/2013,,16.27365,119.92599,A5,,1,Dinoflagellate,Prorocentrum minimum,DF-Prorocentrum minimum,100
8727,2013,Jul,5,05/07/2013,,16.27365,119.92599,A5,,1,Dinoflagellate,Protoperidinium pellucidum,DF-Protoperidinium pellucidum,80
8728,2013,Jul,5,05/07/2013,,16.27365,119.92599,A5,,1,Dinoflagellate,Protoperinium oblongum,DF-Protoperinium oblongum,100
8729,2013,Jul,5,05/07/2013,,16.27365,119.92599,A5,,1,Raphidophyte,Chattonnella subsalsa,RD-Chattonnella subsalsa,160
8730,2013,Jul,5,05/07/2013,,16.3743,119.93198,PP,,NB,Diatom,Navicula  spp.,D-Navicula  spp.,80
8731,2013,Jul,5,05/07/2013,,16.3743,119.93198,PP,,NB,Diatom,Rhizosolenia sp2,D-Rhizosolenia sp. 2,160
8732,2013,Jul,5,05/07/2013,,16.3743,119.93198,PP,,NB,Diatom,Thalassiosira spp.,D-Thalassiosira spp.,80
8733,2013,Jul,5,05/07/2013,,16.3743,119.93198,PP,,NB,Dinoflagellate,Cyst,DF-Cyst,240
8734,2013,Jul,5,05/07/2013,,16.3743,119.93198,PP,,NB,Cyanobacteria,Trichodesmium sp.,CYN-Trichodesmium sp.,80
8735,2013,Jul,5,05/07/2013,,16.39578,119.90667,RVA3,,Mid,Diatom,Chaetoceros spp.,D-Chaetoceros spp.,80
8736,2013,Jul,5,05/07/2013,,16.39578,119.90667,RVA3,,Mid,Diatom,Guinardia,D-Guinardia,400
8737,2013,Jul,5,05/07/2013,,16.39578,119.90667,RVA3,,Mid,Diatom,Pleurosigma sp1,D-Pleurosigma sp. 1,160
8738,2013,Jul,5,05/07/2013,,16.39578,119.90667,RVA3,,Mid,Diatom,Pleurosigma sp2,D-Pleurosigma sp. 2,80
8739,2013,Jul,5,05/07/2013,,16.39578,119.90667,RVA3,,Mid,Diatom,Pseudonitzschia spp.,D-Pseudonitzschia spp.,720
8740,2013,Jul,5,05/07/2013,,16.39578,119.90667,RVA3,,Mid,Diatom,Rhizosolenia sp2,D-Rhizosolenia sp. 2,720
8741,2013,Jul,5,05/07/2013,,16.39578,119.90667,RVA3,,Mid,Diatom,Thalassiosira spp.,D-Thalassiosira spp.,160
8742,2013,Jul,5,05/07/2013,,16.39578,119.90667,RVA3,,Mid,Diatom,unknown diatom,D-unknown,640
8743,2013,Jul,5,05/07/2013,,16.39578,119.90667,RVA3,,Mid,Dinoflagellate,Prorocentrum  minimum,DF-Prorocentrum  minimum,400
8744,2013,Jul,5,05/07/2013,,16.39578,119.90667,RVA3,,NB,Diatom,Coscinodiscus spp.,D-Coscinodiscus spp.,80
8745,2013,Jul,5,05/07/2013,,16.39578,119.90667,RVA3,,NB,Diatom,Navicula  spp.,D-Navicula  spp.,160
8746,2013,Jul,5,05/07/2013,,16.39578,119.90667,RVA3,,NB,Diatom,Pleurosigma sp1,D-Pleurosigma sp. 1,80
8747,2013,Jul,5,05/07/2013,,16.39578,119.90667,RVA3,,NB,Diatom,Pleurosigma spp.,D-Pleurosigma spp.,160
8748,2013,Jul,5,05/07/2013,,16.39578,119.90667,RVA3,,NB,Diatom,Pseudonitzschia spp.,D-Pseudonitzschia spp.,320
8749,2013,Jul,5,05/07/2013,,16.39578,119.90667,RVA3,,NB,Diatom,Rhizosolenia sp2,D-Rhizosolenia sp. 2,160
8750,2013,Jul,5,05/07/2013,,16.39578,119.90667,RVA3,,1,Diatom,Chaetoceros spp.,D-Chaetoceros spp.,80
8751,2013,Jul,5,05/07/2013,,16.39578,119.90667,RVA3,,1,Diatom,Guinardia,D-Guinardia,400
8752,2013,Jul,5,05/07/2013,,16.39578,119.90667,RVA3,,1,Diatom,Pleurosigma sp1,D-Pleurosigma sp. 1,80
8753,2013,Jul,5,05/07/2013,,16.39578,119.90667,RVA3,,1,Diatom,Pleurosigma sp2,D-Pleurosigma sp. 2,80
8754,2013,Jul,5,05/07/2013,,16.39578,119.90667,RVA3,,1,Diatom,Pseudonitzschia spp.,D-Pseudonitzschia spp.,720
8755,2013,Jul,5,05/07/2013,,16.39578,119.90667,RVA3,,1,Diatom,Rhizosolenia sp2,D-Rhizosolenia sp. 2,400
8756,2013,Jul,5,05/07/2013,,16.39578,119.90667,RVA3,,1,Diatom,Thalassiosira spp.,D-Thalassiosira spp.,160
8757,2013,Jul,5,05/07/2013,,16.39578,119.90667,RVA3,,1,Diatom,unknown diatom,D-unknown,640
8758,2013,Jul,5,05/07/2013,,16.39578,119.90667,RVA3,,1,Dinoflagellate,Prorocentrum  minimum,DF-Prorocentrum  minimum,240
8759,2013,Jul,5,05/07/2013,,16.30944,119.92063,TS1,,NB,Silicoflagellate,Tintinopsis,SF-Tintinopsis,11920
8760,2013,Jul,5,05/07/2013,,16.30944,119.92063,TS1,,NB,Diatom,Coscinodiscus spp.,D-Coscinodiscus spp.,80
8761,2013,Jul,5,05/07/2013,,16.30944,119.92063,TS1,,NB,Diatom,Thalassiosira spp.,D-Thalassiosira spp.,480
8762,2013,Jul,5,05/07/2013,,16.30944,119.92063,TS1,,1,Silicoflagellate,Tintinopsis,SF-Tintinopsis,8560
8763,2013,Jul,5,05/07/2013,,16.30944,119.92063,TS1,,1,Diatom,Chaetoceros spp.,D-Chaetoceros spp.,800
8764,2013,Jul,5,05/07/2013,,16.30944,119.92063,TS1,,1,Diatom,Coscinodiscus spp.,D-Coscinodiscus spp.,80
8765,2013,Jul,5,05/07/2013,,16.30944,119.92063,TS1,,1,Diatom,Guinardia,D-Guinardia,400
8766,2013,Jul,5,05/07/2013,,16.30944,119.92063,TS1,,1,Diatom,Pleurosigma sp1,D-Pleurosigma sp. 1,80
8767,2013,Jul,5,05/07/2013,,16.30944,119.92063,TS1,,1,Diatom,Rhizosolenia sp2,D-Rhizosolenia sp. 2,80
8768,2013,Jul,5,05/07/2013,,16.30944,119.92063,TS1,,1,Diatom,Thalassiosira spp.,D-Thalassiosira spp.,480
8769,2013,Jul,5,05/07/2013,,16.30944,119.92063,TS1,,1,Dinoflagellate,Cyst,DF-Cyst,560
8770,2013,Jul,5,05/07/2013,,16.30944,119.92063,TS1,,1,Dinoflagellate,Gyrodinium,DF-Gyrodinium,80
8771,2013,Jul,5,05/07/2013,,16.30944,119.92063,TS1,,1,Dinoflagellate,Prorocentrum micans,DF-Prorocentrum micans,60
8772,2013,Jul,5,05/07/2013,,16.30944,119.92063,TS1,,1,Dinoflagellate,Protoperinium oblongum,DF-Protoperinium oblongum,240
8773,2013,Jul,5,05/07/2013,,16.38339,119.91585,TS2,,Mid,Diatom,Pseudonitzschia spp.,D-Pseudonitzschia spp.,160
8774,2013,Jul,5,05/07/2013,,16.38339,119.91585,TS2,,Mid,Diatom,Thalassiosira spp.,D-Thalassiosira spp.,80
8775,2013,Jul,5,05/07/2013,,16.38339,119.91585,TS2,,Mid,Dinoflagellate,Prorocentrum  minimum,DF-Prorocentrum  minimum,80
8776,2013,Jul,5,05/07/2013,,16.38339,119.91585,TS2,,Mid,Dinoflagellate,Oxytoxum spp.,DF-Oxytoxum spp.,80
8777,2013,Jul,5,05/07/2013,,16.38339,119.91585,TS2,,1,Silicoflagellate,Tintinopsis,SF-Tintinopsis,80
8778,2013,Jul,5,05/07/2013,,16.38339,119.91585,TS2,,1,Diatom,Bacteriastrum spp.,D-Bacteriastrum spp.,160
8779,2013,Jul,5,05/07/2013,,16.38339,119.91585,TS2,,1,Diatom,Chaetoceros spp.,D-Chaetoceros spp.,160
8780,2013,Jul,5,05/07/2013,,16.38339,119.91585,TS2,,1,Diatom,Coscinodiscus spp.,D-Coscinodiscus spp.,40
8781,2013,Jul,5,05/07/2013,,16.38339,119.91585,TS2,,1,Diatom,Navicula  spp.,D-Navicula  spp.,80
8782,2013,Jul,5,05/07/2013,,16.38339,119.91585,TS2,,1,Diatom,Pleurosigma sp1,D-Pleurosigma sp. 1,80
8783,2013,Jul,5,05/07/2013,,16.38339,119.91585,TS2,,1,Diatom,Pseudonitzschia spp.,D-Pseudonitzschia spp.,20
8784,2013,Jul,5,05/07/2013,,16.38339,119.91585,TS2,,1,Diatom,Rhizosolenia sp2,D-Rhizosolenia sp. 2,640
8785,2013,Jul,5,05/07/2013,,16.38339,119.91585,TS2,,1,Diatom,Skeletonema,D-Skeletonema,280
8786,2013,Jul,5,05/07/2013,,16.38339,119.91585,TS2,,1,Diatom,Thalassiosira spp.,D-Thalassiosira spp.,40
8787,2013,Jul,5,05/07/2013,,16.38339,119.91585,TS2,,1,Diatom,unknown diatom,D-unknown,120
8788,2013,Jul,5,05/07/2013,,16.38339,119.91585,TS2,,1,Dinoflagellate,Prorocentrum  minimum,DF-Prorocentrum  minimum,760
8789,2013,Jul,5,05/07/2013,,16.38339,119.91585,TS2,,1,Dinoflagellate,Alexandrium spp.,DF-Alexandrium spp.,40
8790,2013,Jul,5,05/07/2013,,16.38339,119.91585,TS2,,1,Dinoflagellate,Ceratium macroceros,DF-Ceratium macroceros,40
8791,2013,Jul,5,05/07/2013,,16.38339,119.91585,TS2,,1,Dinoflagellate,Gonyaulax verior,DF-Gonyaulax verior,40
8792,2013,Jul,5,05/07/2013,,16.38339,119.91585,TS2,,1,Dinoflagellate,Prorocentrum micans,DF-Prorocentrum micans,40
8793,2013,Jul,5,05/07/2013,,16.38339,119.91585,TS2,,1,Dinoflagellate,Prorocentrum minimum,DF-Prorocentrum minimum,40
8794,2013,Jul,5,05/07/2013,,16.38339,119.91585,TS2,,1,Dinoflagellate,Protoperidinium pellucidum,DF-Protoperidinium pellucidum,20
8795,2013,Jul,5,05/07/2013,,16.38339,119.91585,TS2,,1,Dinoflagellate,Protoperdinium  pellucidum,DF-Protoperdinium  pellucidum,40
8796,2013,Jul,5,05/07/2013,,16.34927,119.94606,W1,,1,Silicoflagellate,Tintinopsis,SF-Tintinopsis,1040
8797,2013,Jul,5,05/07/2013,,16.34927,119.94606,W1,,1,Diatom,Pleurosigma spp.,D-Pleurosigma spp.,80
8798,2013,Jul,5,05/07/2013,,16.34927,119.94606,W1,,1,Diatom,Pseudonitzschia spp.,D-Pseudonitzschia spp.,160
8799,2013,Jul,5,05/07/2013,,16.34927,119.94606,W1,,1,Diatom,Rhizosolenia sp2,D-Rhizosolenia sp. 2,640
8800,2013,Jul,5,05/07/2013,,16.34927,119.94606,W1,,1,Diatom,Skeletonema,D-Skeletonema,240
8801,2013,Jul,5,05/07/2013,,16.34927,119.94606,W1,,1,Diatom,Thalassiosira spp.,D-Thalassiosira spp.,240
8802,2013,Jul,5,05/07/2013,,16.34927,119.94606,W1,,1,Dinoflagellate,Prorocentrum  minimum,DF-Prorocentrum  minimum,160
8803,2013,Jul,5,05/07/2013,,16.34927,119.94606,W1,,1,Dinoflagellate,Cyst,DF-Cyst,640
8804,2013,Jul,5,05/07/2013,,16.34927,119.94606,W1,,1,Dinoflagellate,Oxytoxum spp.,DF-Oxytoxum spp.,160
8805,2013,Jul,5,05/07/2013,,16.34927,119.94606,W1,,1,Dinoflagellate,Protoperdinium  pellucidum,DF-Protoperdinium  pellucidum,80
8806,2013,Jul,5,05/07/2013,,16.34927,119.94606,W1,,1,Dinoflagellate,Prototoperidnium pallidum,DF-Prototoperidnium pallidum,80
8807,2013,Jul,5,05/07/2013,,16.34927,119.94606,W1,,1,Dinoflagellate,Protoperinium oblongum,DF-Protoperinium oblongum,400
8808,2013,Jul,5,05/07/2013,,16.34927,119.94606,W1,,1,Raphidophyte,Chattonnella subsalsa,RD-Chattonnella subsalsa,160
8809,2013,Jul,5,05/07/2013,,16.37052,119.94857,W10,,1,Silicoflagellate,Tintinopsis,SF-Tintinopsis,160
8810,2013,Jul,5,05/07/2013,,16.37052,119.94857,W10,,1,Diatom,Pleurosigma sp2,D-Pleurosigma sp. 2,60
8811,2013,Jul,5,05/07/2013,,16.37052,119.94857,W10,,1,Diatom,Rhizosolenia sp2,D-Rhizosolenia sp. 2,80
8812,2013,Jul,5,05/07/2013,,16.37052,119.94857,W10,,1,Diatom,Skeletonema,D-Skeletonema,1520
8813,2013,Jul,5,05/07/2013,,16.37052,119.94857,W10,,1,Diatom,Thalassiosira spp.,D-Thalassiosira spp.,80
8814,2013,Jul,5,05/07/2013,,16.37052,119.94857,W10,,1,Dinoflagellate,Cyst,DF-Cyst,2000
8815,2013,Jul,5,05/07/2013,,16.37052,119.94857,W10,,1,Dinoflagellate,Gonyaulax spinifera,DF-Gonyaulax spinifera,80
8816,2013,Jul,5,05/07/2013,,16.37052,119.94857,W10,,1,Dinoflagellate,Gyrodinium,DF-Gyrodinium,80
8817,2013,Jul,5,05/07/2013,,16.37052,119.94857,W10,,1,Dinoflagellate,Oxytoxum spp.,DF-Oxytoxum spp.,800
8818,2013,Jul,5,05/07/2013,,16.37052,119.94857,W10,,1,Dinoflagellate,Protoperidinium pellucidum,DF-Protoperidinium pellucidum,80
8819,2013,Jul,5,05/07/2013,,16.37052,119.94857,W10,,1,Dinoflagellate,Protoperdinium  pellucidum,DF-Protoperdinium  pellucidum,320
8820,2013,Jul,5,05/07/2013,,16.37052,119.94857,W10,,1,Cyanobacteria,Trichodesmium sp.,CYN-Trichodesmium sp.,160
8821,2013,Jul,5,05/07/2013,,16.37052,119.94857,W10,,1,Raphidophyte,Chattonnella subsalsa,RD-Chattonnella subsalsa,80
8822,2013,Jul,5,05/07/2013,,16.38326,119.92616,W11,,Mid,Silicoflagellate,Tintinopsis,SF-Tintinopsis,640
8823,2013,Jul,5,05/07/2013,,16.38326,119.92616,W11,,Mid,Diatom,Cylindricotheca closterium,D-Cylindricotheca closterium,80
8824,2013,Jul,5,05/07/2013,,16.38326,119.92616,W11,,Mid,Diatom,Rhizosolenia sp2,D-Rhizosolenia sp. 2,240
8825,2013,Jul,5,05/07/2013,,16.38326,119.92616,W11,,Mid,Diatom,Thalassiosira spp.,D-Thalassiosira spp.,80
8826,2013,Jul,5,05/07/2013,,16.38326,119.92616,W11,,Mid,Dinoflagellate,Cyst,DF-Cyst,80
8827,2013,Jul,5,05/07/2013,,16.38326,119.92616,W11,,NB,Silicoflagellate,Tintinopsis,SF-Tintinopsis,160
8828,2013,Jul,5,05/07/2013,,16.38326,119.92616,W11,,NB,Diatom,Chaetoceros spp.,D-Chaetoceros spp.,160
8829,2013,Jul,5,05/07/2013,,16.38326,119.92616,W11,,NB,Diatom,Navicula  spp.,D-Navicula  spp.,80
8830,2013,Jul,5,05/07/2013,,16.38326,119.92616,W11,,NB,Diatom,Pleurosigma sp1,D-Pleurosigma sp. 1,240
8831,2013,Jul,5,05/07/2013,,16.38326,119.92616,W11,,NB,Diatom,Rhizosolenia sp2,D-Rhizosolenia sp. 2,160
8832,2013,Jul,5,05/07/2013,,16.38326,119.92616,W11,,NB,Diatom,Thalassiosira spp.,D-Thalassiosira spp.,80
8833,2013,Jul,5,05/07/2013,,16.38326,119.92616,W11,,NB,Diatom,unknown diatom,D-unknown,80
8834,2013,Jul,5,05/07/2013,,16.38326,119.92616,W11,,NB,Dinoflagellate,Prorocentrum  minimum,DF-Prorocentrum  minimum,400
8835,2013,Jul,5,05/07/2013,,16.38326,119.92616,W11,,NB,Dinoflagellate,Prorocentrum minimum,DF-Prorocentrum minimum,160
8836,2013,Jul,5,05/07/2013,,16.38326,119.92616,W11,,1,Silicoflagellate,Tintinopsis,SF-Tintinopsis,2480
8837,2013,Jul,5,05/07/2013,,16.38326,119.92616,W11,,1,Diatom,Navicula  spp.,D-Navicula  spp.,160
8838,2013,Jul,5,05/07/2013,,16.38326,119.92616,W11,,1,Diatom,Pseudonitzschia spp.,D-Pseudonitzschia spp.,160
8839,2013,Jul,5,05/07/2013,,16.38326,119.92616,W11,,1,Diatom,Rhizosolenia sp2,D-Rhizosolenia sp. 2,400
8840,2013,Jul,5,05/07/2013,,16.38326,119.92616,W11,,1,Diatom,Skeletonema,D-Skeletonema,1440
8841,2013,Jul,5,05/07/2013,,16.38326,119.92616,W11,,1,Diatom,Thalassiosira spp.,D-Thalassiosira spp.,80
8842,2013,Jul,5,05/07/2013,,16.38326,119.92616,W11,,1,Dinoflagellate,Prorocentrum micans,DF-Prorocentrum micans,80
8843,2013,Jul,5,05/07/2013,,16.38326,119.92616,W11,,1,Dinoflagellate,Protoperinium oblongum,DF-Protoperinium oblongum,80
8844,2013,Jul,5,05/07/2013,,16.38326,119.92616,W11,,1,Cyanobacteria,Trichodesmium sp.,CYN-Trichodesmium sp.,80
8845,2013,Jul,5,05/07/2013,,16.38326,119.92616,W11,,1,Raphidophyte,Chattonnella subsalsa,RD-Chattonnella subsalsa,80
8846,2013,Jul,5,05/07/2013,,16.33668,119.94476,W2A,,1,Silicoflagellate,Tintinopsis,SF-Tintinopsis,1680
8847,2013,Jul,5,05/07/2013,,16.33668,119.94476,W2A,,1,Diatom,Navicula  spp.,D-Navicula  spp.,80
8848,2013,Jul,5,05/07/2013,,16.33668,119.94476,W2A,,1,Diatom,Pleurosigma sp1,D-Pleurosigma sp. 1,80
8849,2013,Jul,5,05/07/2013,,16.33668,119.94476,W2A,,1,Diatom,Pseudonitzschia spp.,D-Pseudonitzschia spp.,320
8850,2013,Jul,5,05/07/2013,,16.33668,119.94476,W2A,,1,Diatom,Rhizosolenia sp2,D-Rhizosolenia sp. 2,320
8851,2013,Jul,5,05/07/2013,,16.33668,119.94476,W2A,,1,Diatom,Skeletonema,D-Skeletonema,8080
8852,2013,Jul,5,05/07/2013,,16.33668,119.94476,W2A,,1,Diatom,Thalassiosira spp.,D-Thalassiosira spp.,80
8853,2013,Jul,5,05/07/2013,,16.33668,119.94476,W2A,,1,Dinoflagellate,Prorocentrum  minimum,DF-Prorocentrum  minimum,960
8854,2013,Jul,5,05/07/2013,,16.33668,119.94476,W2A,,1,Dinoflagellate,Oxytoxum spp.,DF-Oxytoxum spp.,80
8855,2013,Jul,5,05/07/2013,,16.33668,119.94476,W2A,,1,Dinoflagellate,Prorocentrum minimum,DF-Prorocentrum minimum,140
8856,2013,Jul,5,05/07/2013,,16.33668,119.94476,W2A,,1,Dinoflagellate,Protoperidinium pellucidum,DF-Protoperidinium pellucidum,80
8857,2013,Jul,5,05/07/2013,,16.33668,119.94476,W2A,,1,Dinoflagellate,Protoperinium oblongum,DF-Protoperinium oblongum,80
8858,2013,Jul,5,05/07/2013,,16.33668,119.94476,W2A,,1,Cyanobacteria,Trichodesmium sp.,CYN-Trichodesmium sp.,160
8859,2013,Jul,5,05/07/2013,,16.37073,119.93401,W3,,Mid,Silicoflagellate,Tintinopsis,SF-Tintinopsis,800
8860,2013,Jul,5,05/07/2013,,16.37073,119.93401,W3,,Mid,Diatom,Biddulphia,D-Biddulphia,80
8861,2013,Jul,5,05/07/2013,,16.37073,119.93401,W3,,Mid,Diatom,Cylindricotheca closterium,D-Cylindricotheca closterium,160
8862,2013,Jul,5,05/07/2013,,16.37073,119.93401,W3,,Mid,Diatom,Guinardia,D-Guinardia,160
8863,2013,Jul,5,05/07/2013,,16.37073,119.93401,W3,,Mid,Diatom,Navicula  spp.,D-Navicula  spp.,240
8864,2013,Jul,5,05/07/2013,,16.37073,119.93401,W3,,Mid,Silicoflagellate,Favella sp.,SF-Favella sp.,80
8865,2013,Jul,5,05/07/2013,,16.37073,119.93401,W3,,Mid,Diatom,Pleurosigma sp1,D-Pleurosigma sp. 1,80
8866,2013,Jul,5,05/07/2013,,16.37073,119.93401,W3,,Mid,Diatom,Pseudonitzschia spp.,D-Pseudonitzschia spp.,160
8867,2013,Jul,5,05/07/2013,,16.37073,119.93401,W3,,Mid,Diatom,Rhizosolenia sp2,D-Rhizosolenia sp. 2,800
8868,2013,Jul,5,05/07/2013,,16.37073,119.93401,W3,,Mid,Diatom,Skeletonema,D-Skeletonema,880
8869,2013,Jul,5,05/07/2013,,16.37073,119.93401,W3,,Mid,Diatom,Thalassiosira spp.,D-Thalassiosira spp.,80
8870,2013,Jul,5,05/07/2013,,16.37073,119.93401,W3,,Mid,Dinoflagellate,Prorocentrum  minimum,DF-Prorocentrum  minimum,320
8871,2013,Jul,5,05/07/2013,,16.37073,119.93401,W3,,Mid,Dinoflagellate,Prorocentrum minimum,DF-Prorocentrum minimum,80
8872,2013,Jul,5,05/07/2013,,16.37073,119.93401,W3,,Mid,Cyanobacteria,Trichodesmium sp.,CYN-Trichodesmium sp.,80
8873,2013,Jul,5,05/07/2013,,16.37073,119.93401,W3,,NB,Silicoflagellate,Tintinopsis,SF-Tintinopsis,160
8874,2013,Jul,5,05/07/2013,,16.37073,119.93401,W3,,NB,Diatom,Chaetoceros spp.,D-Chaetoceros spp.,80
8875,2013,Jul,5,05/07/2013,,16.37073,119.93401,W3,,NB,Diatom,Cylindricotheca closterium,D-Cylindricotheca closterium,80
8876,2013,Jul,5,05/07/2013,,16.37073,119.93401,W3,,NB,Diatom,Navicula  spp.,D-Navicula  spp.,80
8877,2013,Jul,5,05/07/2013,,16.37073,119.93401,W3,,NB,Diatom,Pleurosigma sp1,D-Pleurosigma sp. 1,160
8878,2013,Jul,5,05/07/2013,,16.37073,119.93401,W3,,NB,Diatom,Rhizosolenia sp2,D-Rhizosolenia sp. 2,80
8879,2013,Jul,5,05/07/2013,,16.37073,119.93401,W3,,NB,Dinoflagellate,Prorocentrum  minimum,DF-Prorocentrum  minimum,560
8880,2013,Jul,5,05/07/2013,,16.37073,119.93401,W3,,NB,Raphidophyte,Chattonnella subsalsa,RD-Chattonnella subsalsa,80
8881,2013,Jul,5,05/07/2013,,16.37073,119.93401,W3,,1,Silicoflagellate,Tintinopsis,SF-Tintinopsis,5440
8882,2013,Jul,5,05/07/2013,,16.37073,119.93401,W3,,1,Diatom,Navicula  spp.,D-Navicula  spp.,80
8883,2013,Jul,5,05/07/2013,,16.37073,119.93401,W3,,1,Diatom,Pleurosigma sp1,D-Pleurosigma sp. 1,240
8884,2013,Jul,5,05/07/2013,,16.37073,119.93401,W3,,1,Diatom,Rhizosolenia sp2,D-Rhizosolenia sp. 2,560
8885,2013,Jul,5,05/07/2013,,16.37073,119.93401,W3,,1,Diatom,Skeletonema,D-Skeletonema,400
8886,2013,Jul,5,05/07/2013,,16.37073,119.93401,W3,,1,Dinoflagellate,Prorocentrum  minimum,DF-Prorocentrum  minimum,160
8887,2013,Jul,5,05/07/2013,,16.37073,119.93401,W3,,1,Dinoflagellate,Cyst,DF-Cyst,640
8888,2013,Jul,5,05/07/2013,,16.37073,119.93401,W3,,1,Dinoflagellate,Protoperinium oblongum,DF-Protoperinium oblongum,160
8889,2013,Jul,5,05/07/2013,,16.32003,119.93384,W8,,1,Silicoflagellate,Tintinopsis,SF-Tintinopsis,14480
8890,2013,Jul,5,05/07/2013,,16.32003,119.93384,W8,,1,Diatom,Biddulphia,D-Biddulphia,80
8891,2013,Jul,5,05/07/2013,,16.32003,119.93384,W8,,1,Diatom,Chaetoceros spp.,D-Chaetoceros spp.,400
8892,2013,Jul,5,05/07/2013,,16.32003,119.93384,W8,,1,Diatom,Guinardia,D-Guinardia,480
8893,2013,Jul,5,05/07/2013,,16.32003,119.93384,W8,,1,Diatom,Pleurosigma sp1,D-Pleurosigma sp. 1,80
8894,2013,Jul,5,05/07/2013,,16.32003,119.93384,W8,,1,Diatom,Rhizosolenia sp2,D-Rhizosolenia sp. 2,160
8895,2013,Jul,5,05/07/2013,,16.32003,119.93384,W8,,1,Diatom,Skeletonema,D-Skeletonema,480
8896,2013,Jul,5,05/07/2013,,16.32003,119.93384,W8,,1,Diatom,Thalassiosira spp.,D-Thalassiosira spp.,320
8897,2013,Jul,5,05/07/2013,,16.32003,119.93384,W8,,1,Dinoflagellate,Prorocentrum  minimum,DF-Prorocentrum  minimum,320
8898,2013,Jul,5,05/07/2013,,16.32003,119.93384,W8,,1,Dinoflagellate,Cyst,DF-Cyst,160
8899,2013,Jul,5,05/07/2013,,16.32003,119.93384,W8,,1,Dinoflagellate,Protoperdinium  pellucidum,DF-Protoperdinium  pellucidum,80
8900,2013,Jul,5,05/07/2013,,16.32003,119.93384,W8,,1,Dinoflagellate,Protoperinium oblongum,DF-Protoperinium oblongum,80
8901,2013,Jul,5,05/07/2013,,16.34775,119.93452,W9,,1,Silicoflagellate,Tintinopsis,SF-Tintinopsis,4320
8902,2013,Jul,5,05/07/2013,,16.34775,119.93452,W9,,1,Diatom,Rhizosolenia sp2,D-Rhizosolenia sp. 2,160
8903,2013,Jul,5,05/07/2013,,16.34775,119.93452,W9,,1,Diatom,Thalassiosira spp.,D-Thalassiosira spp.,160
8904,2013,Jul,5,05/07/2013,,16.34775,119.93452,W9,,1,Dinoflagellate,Protoperinium oblongum,DF-Protoperinium oblongum,20
8905,2013,Jul,8,08/07/2013,,16.34775,119.93375,A1,,1,Silicoflagellate,Tintinopsis,SF-Tintinopsis,320
8906,2013,Jul,8,08/07/2013,,16.34775,119.93375,A1,,1,Diatom,Chaetoceros spp.,D-Chaetoceros spp.,160
8907,2013,Jul,8,08/07/2013,,16.34775,119.93375,A1,,1,Diatom,Guinardia,D-Guinardia,480
8908,2013,Jul,8,08/07/2013,,16.34775,119.93375,A1,,1,Diatom,Navicula  spp.,D-Navicula  spp.,80
8909,2013,Jul,8,08/07/2013,,16.34775,119.93375,A1,,1,Diatom,Pleurosigma sp1,D-Pleurosigma sp. 1,560
8910,2013,Jul,8,08/07/2013,,16.34775,119.93375,A1,,1,Diatom,Pseudonitzschia spp.,D-Pseudonitzschia spp.,3280
8911,2013,Jul,8,08/07/2013,,16.34775,119.93375,A1,,1,Diatom,Rhizosolenia sp2,D-Rhizosolenia sp. 2,1280
8912,2013,Jul,8,08/07/2013,,16.34775,119.93375,A1,,1,Diatom,Thalassiosira spp.,D-Thalassiosira spp.,590400
8913,2013,Jul,8,08/07/2013,,16.34775,119.93375,A1,,1,Diatom,Thalassionema spp.,D-Thalassionema spp.,640
8914,2013,Jul,8,08/07/2013,,16.34775,119.93375,A1,,1,Dinoflagellate,Prorocentrum  minimum,DF-Prorocentrum  minimum,160
8915,2013,Jul,8,08/07/2013,,16.34775,119.93375,A1,,1,Dinoflagellate,Oxytoxum spp.,DF-Oxytoxum spp.,80
8916,2013,Jul,8,08/07/2013,,16.34775,119.93375,A1,,1,Dinoflagellate,Protoperidinium pellucidum,DF-Protoperidinium pellucidum,160
8917,2013,Jul,8,08/07/2013,,16.34775,119.93375,A1,,1,Dinoflagellate,Protoperinium oblongum,DF-Protoperinium oblongum,160
8918,2013,Jul,8,08/07/2013,,16.34775,119.93375,A1,,1,Cyanobacteria,Trichodesmium sp.,CYN-Trichodesmium sp.,160
8919,2013,Jul,8,08/07/2013,,16.34775,119.93375,A1,,1,Raphidophyte,Chattonnella subsalsa,RD-Chattonnella subsalsa,240
8920,2013,Jul,8,08/07/2013,,16.34775,119.93452,A2,,1,Silicoflagellate,Tintinopsis,SF-Tintinopsis,60
8921,2013,Jul,8,08/07/2013,,16.34775,119.93452,A2,,1,Diatom,Cylindricotheca closterium,D-Cylindricotheca closterium,80
8922,2013,Jul,8,08/07/2013,,16.34775,119.93452,A2,,1,Diatom,Guinardia,D-Guinardia,720
8923,2013,Jul,8,08/07/2013,,16.34775,119.93452,A2,,1,Diatom,Navicula  spp.,D-Navicula  spp.,320
8924,2013,Jul,8,08/07/2013,,16.34775,119.93452,A2,,1,Silicoflagellate,Favella sp.,SF-Favella sp.,80
8925,2013,Jul,8,08/07/2013,,16.34775,119.93452,A2,,1,Diatom,Pleurosigma sp1,D-Pleurosigma sp. 1,160
8926,2013,Jul,8,08/07/2013,,16.34775,119.93452,A2,,1,Diatom,Pseudonitzschia spp.,D-Pseudonitzschia spp.,80
8927,2013,Jul,8,08/07/2013,,16.34775,119.93452,A2,,1,Diatom,Rhizosolenia sp2,D-Rhizosolenia sp. 2,1680
8928,2013,Jul,8,08/07/2013,,16.34775,119.93452,A2,,1,Diatom,Thalassiosira spp.,D-Thalassiosira spp.,2287600
8929,2013,Jul,8,08/07/2013,,16.34775,119.93452,A2,,1,Diatom,Thalassionema spp.,D-Thalassionema spp.,800
8930,2013,Jul,8,08/07/2013,,16.34775,119.93452,A2,,1,Dinoflagellate,Prorocentrum  minimum,DF-Prorocentrum  minimum,160
8931,2013,Jul,8,08/07/2013,,16.34775,119.93452,A2,,1,Dinoflagellate,Oxytoxum spp.,DF-Oxytoxum spp.,480
8932,2013,Jul,8,08/07/2013,,16.34775,119.93452,A2,,1,Dinoflagellate,Prorocentrum micans,DF-Prorocentrum micans,80
8933,2013,Jul,8,08/07/2013,,16.34775,119.93452,A2,,1,Dinoflagellate,Prorocentrum minimum,DF-Prorocentrum minimum,160
8934,2013,Jul,8,08/07/2013,,16.34775,119.93452,A2,,1,Dinoflagellate,Protoperinium oblongum,DF-Protoperinium oblongum,1440
8935,2013,Jul,8,08/07/2013,,16.34775,119.93452,A2,,1,Cyanobacteria,Trichodesmium sp.,CYN-Trichodesmium sp.,320
8936,2013,Jul,8,08/07/2013,,16.34775,119.93452,A2,,1,Raphidophyte,Chattonnella subsalsa,RD-Chattonnella subsalsa,160
8937,2013,Jul,8,08/07/2013,,16.33431,119.95731,A3,,1,Diatom,Biddulphia,D-Biddulphia,160
8938,2013,Jul,8,08/07/2013,,16.33431,119.95731,A3,,1,Diatom,Chaetoceros spp.,D-Chaetoceros spp.,6080
8939,2013,Jul,8,08/07/2013,,16.33431,119.95731,A3,,1,Diatom,Cylindricotheca closterium,D-Cylindricotheca closterium,2880
8940,2013,Jul,8,08/07/2013,,16.33431,119.95731,A3,,1,Diatom,Guinardia,D-Guinardia,140
8941,2013,Jul,8,08/07/2013,,16.33431,119.95731,A3,,1,Diatom,Navicula  spp.,D-Navicula  spp.,80
8942,2013,Jul,8,08/07/2013,,16.33431,119.95731,A3,,1,Diatom,Helicotheca tamensis,D-Helicotheca tamensis,1440
8943,2013,Jul,8,08/07/2013,,16.33431,119.95731,A3,,1,Diatom,Pleurosigma sp1,D-Pleurosigma sp. 1,40
8944,2013,Jul,8,08/07/2013,,16.33431,119.95731,A3,,1,Diatom,Pseudonitzschia spp.,D-Pseudonitzschia spp.,2720
8945,2013,Jul,8,08/07/2013,,16.33431,119.95731,A3,,1,Diatom,Rhizosolenia sp2,D-Rhizosolenia sp. 2,800
8946,2013,Jul,8,08/07/2013,,16.33431,119.95731,A3,,1,Diatom,Stephanophyxis,D-Stephanophyxis,80
8947,2013,Jul,8,08/07/2013,,16.33431,119.95731,A3,,1,Diatom,Thalassiosira spp.,D-Thalassiosira spp.,1138080
8948,2013,Jul,8,08/07/2013,,16.33431,119.95731,A3,,1,Diatom,Thalassionema spp.,D-Thalassionema spp.,1280
8949,2013,Jul,8,08/07/2013,,16.33431,119.95731,A3,,1,Dinoflagellate,Prorocentrum  minimum,DF-Prorocentrum  minimum,1360
8950,2013,Jul,8,08/07/2013,,16.33431,119.95731,A3,,1,Dinoflagellate,Protoperidinium spp.,DF-Protoperidinium spp.,320
8951,2013,Jul,8,08/07/2013,,16.33431,119.95731,A3,,1,Dinoflagellate,Protoperdinium  pellucidum,DF-Protoperdinium  pellucidum,80
8952,2013,Jul,8,08/07/2013,,16.33431,119.95731,A3,,1,Dinoflagellate,Protoperinium oblongum,DF-Protoperinium oblongum,480
8953,2013,Jul,8,08/07/2013,,16.28459,119.92285,A4,,1,Silicoflagellate,Tintinopsis,SF-Tintinopsis,3280
8954,2013,Jul,8,08/07/2013,,16.28459,119.92285,A4,,1,Diatom,Navicula  spp.,D-Navicula  spp.,160
8955,2013,Jul,8,08/07/2013,,16.28459,119.92285,A4,,1,Diatom,Pleurosigma sp1,D-Pleurosigma sp. 1,20
8956,2013,Jul,8,08/07/2013,,16.28459,119.92285,A4,,1,Diatom,Pleurosigma sp2,D-Pleurosigma sp. 2,80
8957,2013,Jul,8,08/07/2013,,16.28459,119.92285,A4,,1,Diatom,Pleurosigma spp.,D-Pleurosigma spp.,400
8958,2013,Jul,8,08/07/2013,,16.28459,119.92285,A4,,1,Diatom,Thalassiosira spp.,D-Thalassiosira spp.,720
8959,2013,Jul,8,08/07/2013,,16.28459,119.92285,A4,,1,Diatom,Thalassionema spp.,D-Thalassionema spp.,80
8960,2013,Jul,8,08/07/2013,,16.28459,119.92285,A4,,1,Dinoflagellate,Gonyaulax spinifera,DF-Gonyaulax spinifera,40
8961,2013,Jul,8,08/07/2013,,16.27365,119.92599,A5,,1,Silicoflagellate,Tintinopsis,SF-Tintinopsis,1440
8962,2013,Jul,8,08/07/2013,,16.27365,119.92599,A5,,1,Diatom,Guinardia,D-Guinardia,640
8963,2013,Jul,8,08/07/2013,,16.27365,119.92599,A5,,1,Diatom,Navicula  spp.,D-Navicula  spp.,240
8964,2013,Jul,8,08/07/2013,,16.27365,119.92599,A5,,1,Diatom,Pleurosigma sp1,D-Pleurosigma sp. 1,160
8965,2013,Jul,8,08/07/2013,,16.27365,119.92599,A5,,1,Diatom,Pleurosigma spp.,D-Pleurosigma spp.,560
8966,2013,Jul,8,08/07/2013,,16.27365,119.92599,A5,,1,Diatom,Rhizosolenia sp2,D-Rhizosolenia sp. 2,160
8967,2013,Jul,8,08/07/2013,,16.27365,119.92599,A5,,1,Diatom,Skeletonema,D-Skeletonema,720
8968,2013,Jul,8,08/07/2013,,16.27365,119.92599,A5,,1,Diatom,Thalassiosira spp.,D-Thalassiosira spp.,720
8969,2013,Jul,8,08/07/2013,,16.27365,119.92599,A5,,1,Diatom,Thalassionema spp.,D-Thalassionema spp.,240
8970,2013,Jul,8,08/07/2013,,16.27365,119.92599,A5,,1,Dinoflagellate,Prorocentrum  minimum,DF-Prorocentrum  minimum,180
8971,2013,Jul,8,08/07/2013,,16.27365,119.92599,A5,,1,Dinoflagellate,Prorocentrum micans,DF-Prorocentrum micans,80
8972,2013,Jul,8,08/07/2013,,16.27365,119.92599,A5,,1,Dinoflagellate,Protoperinium oblongum,DF-Protoperinium oblongum,240
8973,2013,Jul,8,08/07/2013,,16.3743,119.93198,PP,,NB,Silicoflagellate,Tintinopsis,SF-Tintinopsis,80
8974,2013,Jul,8,08/07/2013,,16.3743,119.93198,PP,,NB,Diatom,Coscinodiscus spp.,D-Coscinodiscus spp.,80
8975,2013,Jul,8,08/07/2013,,16.3743,119.93198,PP,,NB,Diatom,Cylindricotheca closterium,D-Cylindricotheca closterium,80
8976,2013,Jul,8,08/07/2013,,16.3743,119.93198,PP,,NB,Diatom,Guinardia,D-Guinardia,480
8977,2013,Jul,8,08/07/2013,,16.3743,119.93198,PP,,NB,Diatom,Navicula  spp.,D-Navicula  spp.,160
8978,2013,Jul,8,08/07/2013,,16.3743,119.93198,PP,,NB,Diatom,Pleurosigma sp1,D-Pleurosigma sp. 1,40
8979,2013,Jul,8,08/07/2013,,16.3743,119.93198,PP,,NB,Diatom,Pseudonitzschia spp.,D-Pseudonitzschia spp.,720
8980,2013,Jul,8,08/07/2013,,16.3743,119.93198,PP,,NB,Diatom,Rhizosolenia sp2,D-Rhizosolenia sp. 2,400
8981,2013,Jul,8,08/07/2013,,16.3743,119.93198,PP,,NB,Diatom,Thalassiosira spp.,D-Thalassiosira spp.,11520
8982,2013,Jul,8,08/07/2013,,16.3743,119.93198,PP,,NB,Dinoflagellate,Prorocentrum  minimum,DF-Prorocentrum  minimum,560
8983,2013,Jul,8,08/07/2013,,16.3743,119.93198,PP,,NB,Dinoflagellate,Oxytoxum spp.,DF-Oxytoxum spp.,80
8984,2013,Jul,8,08/07/2013,,16.3743,119.93198,PP,,NB,Cyanobacteria,Trichodesmium sp.,CYN-Trichodesmium sp.,160
8985,2013,Jul,8,08/07/2013,,16.3743,119.93198,PP,,NB,Raphidophyte,Chattonnella subsalsa,RD-Chattonnella subsalsa,80
8986,2013,Jul,8,08/07/2013,,16.3743,119.93198,PP,,1,Silicoflagellate,Tintinopsis,SF-Tintinopsis,160
8987,2013,Jul,8,08/07/2013,,16.3743,119.93198,PP,,1,Diatom,Guinardia,D-Guinardia,1680
8988,2013,Jul,8,08/07/2013,,16.3743,119.93198,PP,,1,Diatom,Navicula  spp.,D-Navicula  spp.,720
8989,2013,Jul,8,08/07/2013,,16.3743,119.93198,PP,,1,Diatom,Pleurosigma sp1,D-Pleurosigma sp. 1,320
8990,2013,Jul,8,08/07/2013,,16.3743,119.93198,PP,,1,Diatom,Pseudonitzschia spp.,D-Pseudonitzschia spp.,3280
8991,2013,Jul,8,08/07/2013,,16.3743,119.93198,PP,,1,Diatom,Rhizosolenia sp2,D-Rhizosolenia sp. 2,4560
8992,2013,Jul,8,08/07/2013,,16.3743,119.93198,PP,,1,Diatom,Thalassiosira spp.,D-Thalassiosira spp.,616880
8993,2013,Jul,8,08/07/2013,,16.3743,119.93198,PP,,1,Diatom,Thalassionema spp.,D-Thalassionema spp.,800
8994,2013,Jul,8,08/07/2013,,16.3743,119.93198,PP,,1,Dinoflagellate,Prorocentrum  minimum,DF-Prorocentrum  minimum,1200
8995,2013,Jul,8,08/07/2013,,16.3743,119.93198,PP,,1,Dinoflagellate,Oxytoxum spp.,DF-Oxytoxum spp.,320
8996,2013,Jul,8,08/07/2013,,16.3743,119.93198,PP,,1,Dinoflagellate,Prorocentrum micans,DF-Prorocentrum micans,160
8997,2013,Jul,8,08/07/2013,,16.3743,119.93198,PP,,1,Dinoflagellate,Protoperidinium spp.,DF-Protoperidinium spp.,80
8998,2013,Jul,8,08/07/2013,,16.3743,119.93198,PP,,1,Dinoflagellate,Protoperidinium pellucidum,DF-Protoperidinium pellucidum,320
8999,2013,Jul,8,08/07/2013,,16.3743,119.93198,PP,,1,Cyanobacteria,Trichodesmium sp.,CYN-Trichodesmium sp.,320
9000,2013,Jul,8,08/07/2013,,16.39578,119.90667,RVA3,,Mid,Diatom,Cylindricotheca closterium,D-Cylindricotheca closterium,560
9001,2013,Jul,8,08/07/2013,,16.39578,119.90667,RVA3,,Mid,Diatom,Guinardia,D-Guinardia,160
9002,2013,Jul,8,08/07/2013,,16.39578,119.90667,RVA3,,Mid,Diatom,Pseudonitzschia spp.,D-Pseudonitzschia spp.,560
9003,2013,Jul,8,08/07/2013,,16.39578,119.90667,RVA3,,Mid,Diatom,Rhizosolenia sp2,D-Rhizosolenia sp. 2,400
9004,2013,Jul,8,08/07/2013,,16.39578,119.90667,RVA3,,Mid,Diatom,Thalassiosira spp.,D-Thalassiosira spp.,4800
9005,2013,Jul,8,08/07/2013,,16.39578,119.90667,RVA3,,Mid,Diatom,Thalassionema spp.,D-Thalassionema spp.,800
9006,2013,Jul,8,08/07/2013,,16.39578,119.90667,RVA3,,Mid,Dinoflagellate,Protoperinium oblongum,DF-Protoperinium oblongum,80
9007,2013,Jul,8,08/07/2013,,16.39578,119.90667,RVA3,,Mid,Cyanobacteria,Trichodesmium sp.,CYN-Trichodesmium sp.,80
9008,2013,Jul,8,08/07/2013,,16.39578,119.90667,RVA3,,NB,Diatom,Cylindricotheca closterium,D-Cylindricotheca closterium,40
9009,2013,Jul,8,08/07/2013,,16.39578,119.90667,RVA3,,NB,Diatom,Navicula  spp.,D-Navicula  spp.,80
9010,2013,Jul,8,08/07/2013,,16.39578,119.90667,RVA3,,NB,Diatom,Pleurosigma sp1,D-Pleurosigma sp. 1,120
9011,2013,Jul,8,08/07/2013,,16.39578,119.90667,RVA3,,NB,Diatom,Pleurosigma spp.,D-Pleurosigma spp.,20
9012,2013,Jul,8,08/07/2013,,16.39578,119.90667,RVA3,,NB,Diatom,Rhizosolenia sp2,D-Rhizosolenia sp. 2,80
9013,2013,Jul,8,08/07/2013,,16.39578,119.90667,RVA3,,1,Diatom,Cylindricotheca closterium,D-Cylindricotheca closterium,80
9014,2013,Jul,8,08/07/2013,,16.39578,119.90667,RVA3,,1,Diatom,Guinardia,D-Guinardia,400
9015,2013,Jul,8,08/07/2013,,16.39578,119.90667,RVA3,,1,Diatom,Navicula  spp.,D-Navicula  spp.,80
9016,2013,Jul,8,08/07/2013,,16.39578,119.90667,RVA3,,1,Diatom,Pleurosigma sp1,D-Pleurosigma sp. 1,240
9017,2013,Jul,8,08/07/2013,,16.39578,119.90667,RVA3,,1,Diatom,Pleurosigma spp.,D-Pleurosigma spp.,80
9018,2013,Jul,8,08/07/2013,,16.39578,119.90667,RVA3,,1,Diatom,Pseudonitzschia spp.,D-Pseudonitzschia spp.,2000
9019,2013,Jul,8,08/07/2013,,16.39578,119.90667,RVA3,,1,Diatom,Rhizosolenia sp2,D-Rhizosolenia sp. 2,2560
9020,2013,Jul,8,08/07/2013,,16.39578,119.90667,RVA3,,1,Diatom,Skeletonema,D-Skeletonema,480
9021,2013,Jul,8,08/07/2013,,16.39578,119.90667,RVA3,,1,Diatom,Thalassiosira spp.,D-Thalassiosira spp.,3878000
9022,2013,Jul,8,08/07/2013,,16.39578,119.90667,RVA3,,1,Diatom,Thalassionema spp.,D-Thalassionema spp.,1680
9023,2013,Jul,8,08/07/2013,,16.39578,119.90667,RVA3,,1,Dinoflagellate,Prorocentrum  minimum,DF-Prorocentrum  minimum,240
9024,2013,Jul,8,08/07/2013,,16.39578,119.90667,RVA3,,1,Dinoflagellate,Oxytoxum spp.,DF-Oxytoxum spp.,320
9025,2013,Jul,8,08/07/2013,,16.39578,119.90667,RVA3,,1,Dinoflagellate,Prorocentrum micans,DF-Prorocentrum micans,560
9026,2013,Jul,8,08/07/2013,,16.39578,119.90667,RVA3,,1,Dinoflagellate,Prorocentrum minimum,DF-Prorocentrum minimum,80
9027,2013,Jul,8,08/07/2013,,16.39578,119.90667,RVA3,,1,Dinoflagellate,Protoperidinium pellucidum,DF-Protoperidinium pellucidum,320
9028,2013,Jul,8,08/07/2013,,16.39578,119.90667,RVA3,,1,Dinoflagellate,Protoperinium oblongum,DF-Protoperinium oblongum,160
9029,2013,Jul,8,08/07/2013,,16.30944,119.92063,TS1,,NB,Diatom,Chaetoceros spp.,D-Chaetoceros spp.,1680
9030,2013,Jul,8,08/07/2013,,16.30944,119.92063,TS1,,NB,Diatom,Cylindricotheca closterium,D-Cylindricotheca closterium,160
9031,2013,Jul,8,08/07/2013,,16.30944,119.92063,TS1,,NB,Diatom,Guinardia,D-Guinardia,400
9032,2013,Jul,8,08/07/2013,,16.30944,119.92063,TS1,,NB,Diatom,Navicula  spp.,D-Navicula  spp.,20
9033,2013,Jul,8,08/07/2013,,16.30944,119.92063,TS1,,NB,Diatom,Pleurosigma sp1,D-Pleurosigma sp. 1,320
9034,2013,Jul,8,08/07/2013,,16.30944,119.92063,TS1,,NB,Diatom,Pleurosigma spp.,D-Pleurosigma spp.,480
9035,2013,Jul,8,08/07/2013,,16.30944,119.92063,TS1,,NB,Diatom,Rhizosolenia sp2,D-Rhizosolenia sp. 2,480
9036,2013,Jul,8,08/07/2013,,16.30944,119.92063,TS1,,NB,Diatom,Stephanophyxis,D-Stephanophyxis,240
9037,2013,Jul,8,08/07/2013,,16.30944,119.92063,TS1,,NB,Diatom,Thalassiosira spp.,D-Thalassiosira spp.,2480
9038,2013,Jul,8,08/07/2013,,16.30944,119.92063,TS1,,NB,Diatom,Thalassionema spp.,D-Thalassionema spp.,400
9039,2013,Jul,8,08/07/2013,,16.30944,119.92063,TS1,,1,Diatom,Chaetoceros spp.,D-Chaetoceros spp.,960
9040,2013,Jul,8,08/07/2013,,16.30944,119.92063,TS1,,1,Diatom,Guinardia,D-Guinardia,320
9041,2013,Jul,8,08/07/2013,,16.30944,119.92063,TS1,,1,Diatom,Navicula  spp.,D-Navicula  spp.,100
9042,2013,Jul,8,08/07/2013,,16.30944,119.92063,TS1,,1,Diatom,Pleurosigma sp1,D-Pleurosigma sp. 1,160
9043,2013,Jul,8,08/07/2013,,16.30944,119.92063,TS1,,1,Diatom,Pleurosigma spp.,D-Pleurosigma spp.,400
9044,2013,Jul,8,08/07/2013,,16.30944,119.92063,TS1,,1,Diatom,Rhizosolenia sp2,D-Rhizosolenia sp. 2,880
9045,2013,Jul,8,08/07/2013,,16.30944,119.92063,TS1,,1,Diatom,Skeletonema,D-Skeletonema,2080
9046,2013,Jul,8,08/07/2013,,16.30944,119.92063,TS1,,1,Diatom,Thalassiosira spp.,D-Thalassiosira spp.,66240
9047,2013,Jul,8,08/07/2013,,16.30944,119.92063,TS1,,1,Diatom,Thalassionema spp.,D-Thalassionema spp.,1120
9048,2013,Jul,8,08/07/2013,,16.30944,119.92063,TS1,,1,Dinoflagellate,Prorocentrum  minimum,DF-Prorocentrum  minimum,240
9049,2013,Jul,8,08/07/2013,,16.30944,119.92063,TS1,,1,Dinoflagellate,Protoperidinium pellucidum,DF-Protoperidinium pellucidum,400
9050,2013,Jul,8,08/07/2013,,16.30944,119.92063,TS1,,1,Dinoflagellate,Protoperinium oblongum,DF-Protoperinium oblongum,960
9051,2013,Jul,8,08/07/2013,,16.38339,119.91585,TS2,,Mid,Diatom,Guinardia,D-Guinardia,380
9052,2013,Jul,8,08/07/2013,,16.38339,119.91585,TS2,,Mid,Diatom,Pleurosigma sp1,D-Pleurosigma sp. 1,20
9053,2013,Jul,8,08/07/2013,,16.38339,119.91585,TS2,,Mid,Diatom,Pleurosigma sp2,D-Pleurosigma sp. 2,100
9054,2013,Jul,8,08/07/2013,,16.38339,119.91585,TS2,,Mid,Diatom,Pseudonitzschia spp.,D-Pseudonitzschia spp.,80
9055,2013,Jul,8,08/07/2013,,16.38339,119.91585,TS2,,Mid,Diatom,Rhizosolenia sp2,D-Rhizosolenia sp. 2,40
9056,2013,Jul,8,08/07/2013,,16.38339,119.91585,TS2,,Mid,Diatom,Thalassiosira spp.,D-Thalassiosira spp.,60
9057,2013,Jul,8,08/07/2013,,16.38339,119.91585,TS2,,Mid,Diatom,Thalassionema spp.,D-Thalassionema spp.,140
9058,2013,Jul,8,08/07/2013,,16.38339,119.91585,TS2,,Mid,Dinoflagellate,Prorocentrum  minimum,DF-Prorocentrum  minimum,40
9059,2013,Jul,8,08/07/2013,,16.38339,119.91585,TS2,,NB,Diatom,Pleurosigma sp1,D-Pleurosigma sp. 1,80
9060,2013,Jul,8,08/07/2013,,16.38339,119.91585,TS2,,NB,Diatom,Rhizosolenia sp2,D-Rhizosolenia sp. 2,80
9061,2013,Jul,8,08/07/2013,,16.38339,119.91585,TS2,,NB,Diatom,Thalassionema spp.,D-Thalassionema spp.,80
9062,2013,Jul,8,08/07/2013,,16.38339,119.91585,TS2,,NB,Dinoflagellate,Prorocentrum  minimum,DF-Prorocentrum  minimum,240
9063,2013,Jul,8,08/07/2013,,16.38339,119.91585,TS2,,NB,Cyanobacteria,Trichodesmium sp.,CYN-Trichodesmium sp.,160
9064,2013,Jul,8,08/07/2013,,16.38339,119.91585,TS2,,1,Diatom,Cylindricotheca closterium,D-Cylindricotheca closterium,320
9065,2013,Jul,8,08/07/2013,,16.38339,119.91585,TS2,,1,Diatom,Navicula  spp.,D-Navicula  spp.,160
9066,2013,Jul,8,08/07/2013,,16.38339,119.91585,TS2,,1,Diatom,Pleurosigma sp1,D-Pleurosigma sp. 1,160
9067,2013,Jul,8,08/07/2013,,16.38339,119.91585,TS2,,1,Diatom,Pseudonitzschia spp.,D-Pseudonitzschia spp.,640
9068,2013,Jul,8,08/07/2013,,16.38339,119.91585,TS2,,1,Diatom,Rhizosolenia sp2,D-Rhizosolenia sp. 2,1600
9069,2013,Jul,8,08/07/2013,,16.38339,119.91585,TS2,,1,Diatom,Thalassiosira spp.,D-Thalassiosira spp.,2247760
9070,2013,Jul,8,08/07/2013,,16.38339,119.91585,TS2,,1,Diatom,Thalassionema spp.,D-Thalassionema spp.,240
9071,2013,Jul,8,08/07/2013,,16.38339,119.91585,TS2,,1,Dinoflagellate,Cyst,DF-Cyst,80
9072,2013,Jul,8,08/07/2013,,16.38339,119.91585,TS2,,1,Dinoflagellate,Oxytoxum spp.,DF-Oxytoxum spp.,160
9073,2013,Jul,8,08/07/2013,,16.38339,119.91585,TS2,,1,Dinoflagellate,Protoperidinium spp.,DF-Protoperidinium spp.,80
9074,2013,Jul,8,08/07/2013,,16.38339,119.91585,TS2,,1,Dinoflagellate,Protoperidinium pellucidum,DF-Protoperidinium pellucidum,160
9075,2013,Jul,8,08/07/2013,,16.38339,119.91585,TS2,,1,Dinoflagellate,Protoperdinium  pellucidum,DF-Protoperdinium  pellucidum,80
9076,2013,Jul,8,08/07/2013,,16.34927,119.94606,W1,,1,Diatom,Chaetoceros spp.,D-Chaetoceros spp.,4320
9077,2013,Jul,8,08/07/2013,,16.34927,119.94606,W1,,1,Diatom,Coscinodiscus spp.,D-Coscinodiscus spp.,80
9078,2013,Jul,8,08/07/2013,,16.34927,119.94606,W1,,1,Diatom,Cylindricotheca closterium,D-Cylindricotheca closterium,480
9079,2013,Jul,8,08/07/2013,,16.34927,119.94606,W1,,1,Diatom,Guinardia,D-Guinardia,560
9080,2013,Jul,8,08/07/2013,,16.34927,119.94606,W1,,1,Diatom,Navicula  spp.,D-Navicula  spp.,880
9081,2013,Jul,8,08/07/2013,,16.34927,119.94606,W1,,1,Diatom,Helicotheca tamensis,D-Helicotheca tamensis,240
9082,2013,Jul,8,08/07/2013,,16.34927,119.94606,W1,,1,Diatom,Pleurosigma sp1,D-Pleurosigma sp. 1,240
9083,2013,Jul,8,08/07/2013,,16.34927,119.94606,W1,,1,Diatom,Pleurosigma spp.,D-Pleurosigma spp.,80
9084,2013,Jul,8,08/07/2013,,16.34927,119.94606,W1,,1,Diatom,Pleurosigma sp2,D-Pleurosigma sp. 2,80
9085,2013,Jul,8,08/07/2013,,16.34927,119.94606,W1,,1,Diatom,Pseudonitzschia spp.,D-Pseudonitzschia spp.,480
9086,2013,Jul,8,08/07/2013,,16.34927,119.94606,W1,,1,Diatom,Rhizosolenia sp2,D-Rhizosolenia sp. 2,1200
9087,2013,Jul,8,08/07/2013,,16.34927,119.94606,W1,,1,Diatom,Skeletonema,D-Skeletonema,640
9088,2013,Jul,8,08/07/2013,,16.34927,119.94606,W1,,1,Diatom,Thalassiosira spp.,D-Thalassiosira spp.,354400
9089,2013,Jul,8,08/07/2013,,16.34927,119.94606,W1,,1,Diatom,Thalassionema spp.,D-Thalassionema spp.,2480
9090,2013,Jul,8,08/07/2013,,16.34927,119.94606,W1,,1,Dinoflagellate,Prorocentrum  minimum,DF-Prorocentrum  minimum,160
9091,2013,Jul,8,08/07/2013,,16.34927,119.94606,W1,,1,Dinoflagellate,Oxytoxum spp.,DF-Oxytoxum spp.,240
9092,2013,Jul,8,08/07/2013,,16.34927,119.94606,W1,,1,Dinoflagellate,Prorocentrum micans,DF-Prorocentrum micans,160
9093,2013,Jul,8,08/07/2013,,16.34927,119.94606,W1,,1,Raphidophyte,Chattonnella subsalsa,RD-Chattonnella subsalsa,80
9094,2013,Jul,8,08/07/2013,,16.37052,119.94857,W10,,1,Diatom,Coscinodiscus spp.,D-Coscinodiscus spp.,20
9095,2013,Jul,8,08/07/2013,,16.37052,119.94857,W10,,1,Diatom,Cylindricotheca closterium,D-Cylindricotheca closterium,20
9096,2013,Jul,8,08/07/2013,,16.37052,119.94857,W10,,1,Diatom,Guinardia,D-Guinardia,240
9097,2013,Jul,8,08/07/2013,,16.37052,119.94857,W10,,1,Diatom,Navicula  spp.,D-Navicula  spp.,160
9098,2013,Jul,8,08/07/2013,,16.37052,119.94857,W10,,1,Diatom,Pleurosigma sp1,D-Pleurosigma sp. 1,160
9099,2013,Jul,8,08/07/2013,,16.37052,119.94857,W10,,1,Diatom,Pleurosigma spp.,D-Pleurosigma spp.,160
9100,2013,Jul,8,08/07/2013,,16.37052,119.94857,W10,,1,Diatom,Pseudonitzschia spp.,D-Pseudonitzschia spp.,3600
9101,2013,Jul,8,08/07/2013,,16.37052,119.94857,W10,,1,Diatom,Rhizosolenia sp2,D-Rhizosolenia sp. 2,4560
9102,2013,Jul,8,08/07/2013,,16.37052,119.94857,W10,,1,Diatom,Thalassiosira spp.,D-Thalassiosira spp.,947280
9103,2013,Jul,8,08/07/2013,,16.37052,119.94857,W10,,1,Diatom,Thalassionema spp.,D-Thalassionema spp.,320
9104,2013,Jul,8,08/07/2013,,16.37052,119.94857,W10,,1,Dinoflagellate,Prorocentrum  minimum,DF-Prorocentrum  minimum,720
9105,2013,Jul,8,08/07/2013,,16.37052,119.94857,W10,,1,Dinoflagellate,Gonyaulax spinifera,DF-Gonyaulax spinifera,80
9106,2013,Jul,8,08/07/2013,,16.37052,119.94857,W10,,1,Dinoflagellate,Oxytoxum spp.,DF-Oxytoxum spp.,240
9107,2013,Jul,8,08/07/2013,,16.37052,119.94857,W10,,1,Dinoflagellate,Prorocentrum micans,DF-Prorocentrum micans,160
9108,2013,Jul,8,08/07/2013,,16.37052,119.94857,W10,,1,Dinoflagellate,Protoperdinium  pellucidum,DF-Protoperdinium  pellucidum,160
9109,2013,Jul,8,08/07/2013,,16.37052,119.94857,W10,,1,Dinoflagellate,Scrippsiella spinifera,DF-Scrippsiella spinifera,80
9110,2013,Jul,8,08/07/2013,,16.38326,119.92616,W11,,Mid,Silicoflagellate,Tintinopsis,SF-Tintinopsis,80
9111,2013,Jul,8,08/07/2013,,16.38326,119.92616,W11,,Mid,Diatom,Pleurosigma sp1,D-Pleurosigma sp. 1,400
9112,2013,Jul,8,08/07/2013,,16.38326,119.92616,W11,,Mid,Diatom,Pseudonitzschia spp.,D-Pseudonitzschia spp.,640
9113,2013,Jul,8,08/07/2013,,16.38326,119.92616,W11,,Mid,Diatom,Rhizosolenia sp2,D-Rhizosolenia sp. 2,1920
9114,2013,Jul,8,08/07/2013,,16.38326,119.92616,W11,,Mid,Diatom,Thalassiosira spp.,D-Thalassiosira spp.,547760
9115,2013,Jul,8,08/07/2013,,16.38326,119.92616,W11,,Mid,Diatom,Thalassionema spp.,D-Thalassionema spp.,240
9116,2013,Jul,8,08/07/2013,,16.38326,119.92616,W11,,Mid,Dinoflagellate,Prorocentrum  minimum,DF-Prorocentrum  minimum,160
9117,2013,Jul,8,08/07/2013,,16.38326,119.92616,W11,,Mid,Dinoflagellate,Prorocentrum micans,DF-Prorocentrum micans,240
9118,2013,Jul,8,08/07/2013,,16.38326,119.92616,W11,,Mid,Dinoflagellate,Protoperinium oblongum,DF-Protoperinium oblongum,240
9119,2013,Jul,8,08/07/2013,,16.38326,119.92616,W11,,NB,Diatom,Pleurosigma sp1,D-Pleurosigma sp. 1,80
9120,2013,Jul,8,08/07/2013,,16.38326,119.92616,W11,,NB,Diatom,Thalassionema spp.,D-Thalassionema spp.,80
9121,2013,Jul,8,08/07/2013,,16.38326,119.92616,W11,,1,Diatom,Biddulphia,D-Biddulphia,80
9122,2013,Jul,8,08/07/2013,,16.38326,119.92616,W11,,1,Diatom,Cylindricotheca closterium,D-Cylindricotheca closterium,160
9123,2013,Jul,8,08/07/2013,,16.38326,119.92616,W11,,1,Diatom,Guinardia,D-Guinardia,320
9124,2013,Jul,8,08/07/2013,,16.38326,119.92616,W11,,1,Diatom,Pleurosigma sp1,D-Pleurosigma sp. 1,80
9125,2013,Jul,8,08/07/2013,,16.38326,119.92616,W11,,1,Diatom,Pseudonitzschia spp.,D-Pseudonitzschia spp.,1120
9126,2013,Jul,8,08/07/2013,,16.38326,119.92616,W11,,1,Diatom,Rhizosolenia sp2,D-Rhizosolenia sp. 2,3760
9127,2013,Jul,8,08/07/2013,,16.38326,119.92616,W11,,1,Diatom,Thalassiosira spp.,D-Thalassiosira spp.,5659920
9128,2013,Jul,8,08/07/2013,,16.38326,119.92616,W11,,1,Diatom,Thalassionema spp.,D-Thalassionema spp.,240
9129,2013,Jul,8,08/07/2013,,16.38326,119.92616,W11,,1,Dinoflagellate,Prorocentrum micans,DF-Prorocentrum micans,480
9130,2013,Jul,8,08/07/2013,,16.38326,119.92616,W11,,1,Dinoflagellate,Protoperdinium  pellucidum,DF-Protoperdinium  pellucidum,80
9131,2013,Jul,8,08/07/2013,,16.38326,119.92616,W11,,1,Dinoflagellate,Protoperinium oblongum,DF-Protoperinium oblongum,80
9132,2013,Jul,8,08/07/2013,,16.33668,119.94476,W2A,,1,Diatom,Biddulphia,D-Biddulphia,80
9133,2013,Jul,8,08/07/2013,,16.33668,119.94476,W2A,,1,Diatom,Chaetoceros spp.,D-Chaetoceros spp.,7040
9134,2013,Jul,8,08/07/2013,,16.33668,119.94476,W2A,,1,Diatom,Cylindricotheca closterium,D-Cylindricotheca closterium,800
9135,2013,Jul,8,08/07/2013,,16.33668,119.94476,W2A,,1,Diatom,Guinardia,D-Guinardia,140
9136,2013,Jul,8,08/07/2013,,16.33668,119.94476,W2A,,1,Diatom,Navicula  spp.,D-Navicula  spp.,480
9137,2013,Jul,8,08/07/2013,,16.33668,119.94476,W2A,,1,Diatom,Pleurosigma sp1,D-Pleurosigma sp. 1,80
9138,2013,Jul,8,08/07/2013,,16.33668,119.94476,W2A,,1,Diatom,Pleurosigma spp.,D-Pleurosigma spp.,320
9139,2013,Jul,8,08/07/2013,,16.33668,119.94476,W2A,,1,Diatom,Pseudonitzschia spp.,D-Pseudonitzschia spp.,160
9140,2013,Jul,8,08/07/2013,,16.33668,119.94476,W2A,,1,Diatom,Rhizosolenia sp2,D-Rhizosolenia sp. 2,720
9141,2013,Jul,8,08/07/2013,,16.33668,119.94476,W2A,,1,Diatom,Skeletonema,D-Skeletonema,880
9142,2013,Jul,8,08/07/2013,,16.33668,119.94476,W2A,,1,Diatom,Thalassiosira spp.,D-Thalassiosira spp.,71840
9143,2013,Jul,8,08/07/2013,,16.33668,119.94476,W2A,,1,Diatom,Thalassionema spp.,D-Thalassionema spp.,2480
9144,2013,Jul,8,08/07/2013,,16.33668,119.94476,W2A,,1,Dinoflagellate,Prorocentrum  minimum,DF-Prorocentrum  minimum,720
9145,2013,Jul,8,08/07/2013,,16.33668,119.94476,W2A,,1,Dinoflagellate,Oxytoxum spp.,DF-Oxytoxum spp.,320
9146,2013,Jul,8,08/07/2013,,16.33668,119.94476,W2A,,1,Dinoflagellate,Protoperinium oblongum,DF-Protoperinium oblongum,1120
9147,2013,Jul,8,08/07/2013,,16.33668,119.94476,W2A,,1,Cyanobacteria,Trichodesmium sp.,CYN-Trichodesmium sp.,200
9148,2013,Jul,8,08/07/2013,,16.37073,119.93401,W3,,NB,Silicoflagellate,Tintinopsis,SF-Tintinopsis,80
9149,2013,Jul,8,08/07/2013,,16.37073,119.93401,W3,,NB,Diatom,Chaetoceros spp.,D-Chaetoceros spp.,320
9150,2013,Jul,8,08/07/2013,,16.37073,119.93401,W3,,NB,Diatom,Coscinodiscus spp.,D-Coscinodiscus spp.,80
9151,2013,Jul,8,08/07/2013,,16.37073,119.93401,W3,,NB,Diatom,Pseudonitzschia spp.,D-Pseudonitzschia spp.,400
9152,2013,Jul,8,08/07/2013,,16.37073,119.93401,W3,,NB,Diatom,Rhizosolenia sp2,D-Rhizosolenia sp. 2,80
9153,2013,Jul,8,08/07/2013,,16.37073,119.93401,W3,,NB,Diatom,Skeletonema,D-Skeletonema,400
9154,2013,Jul,8,08/07/2013,,16.37073,119.93401,W3,,NB,Diatom,Thalassiosira spp.,D-Thalassiosira spp.,2240
9155,2013,Jul,8,08/07/2013,,16.37073,119.93401,W3,,NB,Dinoflagellate,Prorocentrum  minimum,DF-Prorocentrum  minimum,640
9156,2013,Jul,8,08/07/2013,,16.37073,119.93401,W3,,NB,Dinoflagellate,Gyrodinium,DF-Gyrodinium,160
9157,2013,Jul,8,08/07/2013,,16.37073,119.93401,W3,,NB,Dinoflagellate,Oxytoxum spp.,DF-Oxytoxum spp.,80
9158,2013,Jul,8,08/07/2013,,16.37073,119.93401,W3,,1,Diatom,Coscinodiscus spp.,D-Coscinodiscus spp.,20
9159,2013,Jul,8,08/07/2013,,16.37073,119.93401,W3,,1,Diatom,Guinardia,D-Guinardia,320
9160,2013,Jul,8,08/07/2013,,16.37073,119.93401,W3,,1,Silicoflagellate,Favella sp.,SF-Favella sp.,40
9161,2013,Jul,8,08/07/2013,,16.37073,119.93401,W3,,1,Diatom,Pleurosigma sp1,D-Pleurosigma sp. 1,400
9162,2013,Jul,8,08/07/2013,,16.37073,119.93401,W3,,1,Diatom,Pleurosigma sp2,D-Pleurosigma sp. 2,160
9163,2013,Jul,8,08/07/2013,,16.37073,119.93401,W3,,1,Diatom,Pseudonitzschia spp.,D-Pseudonitzschia spp.,3600
9164,2013,Jul,8,08/07/2013,,16.37073,119.93401,W3,,1,Diatom,Rhizosolenia sp2,D-Rhizosolenia sp. 2,2720
9165,2013,Jul,8,08/07/2013,,16.37073,119.93401,W3,,1,Diatom,Thalassiosira spp.,D-Thalassiosira spp.,2991600
9166,2013,Jul,8,08/07/2013,,16.37073,119.93401,W3,,1,Diatom,Thalassionema spp.,D-Thalassionema spp.,320
9167,2013,Jul,8,08/07/2013,,16.37073,119.93401,W3,,1,Dinoflagellate,Prorocentrum  minimum,DF-Prorocentrum  minimum,1120
9168,2013,Jul,8,08/07/2013,,16.37073,119.93401,W3,,1,Dinoflagellate,Oxytoxum spp.,DF-Oxytoxum spp.,160
9169,2013,Jul,8,08/07/2013,,16.37073,119.93401,W3,,1,Dinoflagellate,Protoperinium oblongum,DF-Protoperinium oblongum,160
9170,2013,Jul,8,08/07/2013,,16.32003,119.93384,W8,,1,Silicoflagellate,Tintinopsis,SF-Tintinopsis,240
9171,2013,Jul,8,08/07/2013,,16.32003,119.93384,W8,,1,Diatom,Biddulphia,D-Biddulphia,80
9172,2013,Jul,8,08/07/2013,,16.32003,119.93384,W8,,1,Diatom,Chaetoceros spp.,D-Chaetoceros spp.,10720
9173,2013,Jul,8,08/07/2013,,16.32003,119.93384,W8,,1,Diatom,Guinardia,D-Guinardia,1120
9174,2013,Jul,8,08/07/2013,,16.32003,119.93384,W8,,1,Diatom,Navicula  spp.,D-Navicula  spp.,800
9175,2013,Jul,8,08/07/2013,,16.32003,119.93384,W8,,1,Diatom,Pleurosigma sp1,D-Pleurosigma sp. 1,740
9176,2013,Jul,8,08/07/2013,,16.32003,119.93384,W8,,1,Diatom,Pleurosigma spp.,D-Pleurosigma spp.,80
9177,2013,Jul,8,08/07/2013,,16.32003,119.93384,W8,,1,Diatom,Pseudonitzschia spp.,D-Pseudonitzschia spp.,80
9178,2013,Jul,8,08/07/2013,,16.32003,119.93384,W8,,1,Diatom,Rhizosolenia sp2,D-Rhizosolenia sp. 2,1840
9179,2013,Jul,8,08/07/2013,,16.32003,119.93384,W8,,1,Diatom,Stephanophyxis,D-Stephanophyxis,160
9180,2013,Jul,8,08/07/2013,,16.32003,119.93384,W8,,1,Diatom,Thalassiosira spp.,D-Thalassiosira spp.,204000
9181,2013,Jul,8,08/07/2013,,16.32003,119.93384,W8,,1,Diatom,Thalassionema spp.,D-Thalassionema spp.,1120
9182,2013,Jul,8,08/07/2013,,16.32003,119.93384,W8,,1,Dinoflagellate,Prorocentrum  minimum,DF-Prorocentrum  minimum,1040
9183,2013,Jul,8,08/07/2013,,16.32003,119.93384,W8,,1,Dinoflagellate,Protoperinium oblongum,DF-Protoperinium oblongum,4320
9184,2013,Jul,8,08/07/2013,,16.32003,119.93384,W8,,1,Dinoflagellate,Scrippsiella spinifera,DF-Scrippsiella spinifera,320
9185,2013,Jul,8,08/07/2013,,16.32003,119.93384,W8,,1,Cyanobacteria,Trichodesmium sp.,CYN-Trichodesmium sp.,160
9186,2013,Jul,8,08/07/2013,,16.32003,119.93384,W8,,1,Raphidophyte,Chattonnella subsalsa,RD-Chattonnella subsalsa,160
9187,2013,Jul,8,08/07/2013,,16.34775,119.93452,W9,,1,Diatom,Chaetoceros spp.,D-Chaetoceros spp.,160
9188,2013,Jul,8,08/07/2013,,16.34775,119.93452,W9,,1,Diatom,Cylindricotheca closterium,D-Cylindricotheca closterium,160
9189,2013,Jul,8,08/07/2013,,16.34775,119.93452,W9,,1,Diatom,Navicula  spp.,D-Navicula  spp.,80
9190,2013,Jul,8,08/07/2013,,16.34775,119.93452,W9,,1,Diatom,Pleurosigma sp1,D-Pleurosigma sp. 1,480
9191,2013,Jul,8,08/07/2013,,16.34775,119.93452,W9,,1,Diatom,Pleurosigma spp.,D-Pleurosigma spp.,240
9192,2013,Jul,8,08/07/2013,,16.34775,119.93452,W9,,1,Diatom,Pseudonitzschia spp.,D-Pseudonitzschia spp.,1360
9193,2013,Jul,8,08/07/2013,,16.34775,119.93452,W9,,1,Diatom,Rhizosolenia sp2,D-Rhizosolenia sp. 2,1680
9194,2013,Jul,8,08/07/2013,,16.34775,119.93452,W9,,1,Diatom,Thalassiosira spp.,D-Thalassiosira spp.,1586560
9195,2013,Jul,8,08/07/2013,,16.34775,119.93452,W9,,1,Diatom,Thalassionema spp.,D-Thalassionema spp.,480
9196,2013,Jul,8,08/07/2013,,16.34775,119.93452,W9,,1,Dinoflagellate,Gyrodinium,DF-Gyrodinium,20
9197,2013,Jul,8,08/07/2013,,16.34775,119.93452,W9,,1,Dinoflagellate,Oxytoxum spp.,DF-Oxytoxum spp.,80
9198,2013,Jul,8,08/07/2013,,16.34775,119.93452,W9,,1,Dinoflagellate,Prorocentrum micans,DF-Prorocentrum micans,80
9199,2013,Jul,8,08/07/2013,,16.34775,119.93452,W9,,1,Dinoflagellate,Protoperinium oblongum,DF-Protoperinium oblongum,880
9200,2013,Jul,8,08/07/2013,,16.34775,119.93452,W9,,1,Raphidophyte,Chattonnella subsalsa,RD-Chattonnella subsalsa,160
9201,2013,Jul,11,11/07/2013,,16.38339,119.91585,TS2,,1,Diatom,Chaetoceros spp.,D-Chaetoceros spp.,160
9202,2013,Jul,11,11/07/2013,,16.38339,119.91585,TS2,,1,Dinoflagellate,Cyst,DF-Cyst,40
9203,2013,Jul,11,11/07/2013,,16.38339,119.91585,TS2,,1,Dinoflagellate,Prorocentrum minimum,DF-Prorocentrum minimum,40
9204,2013,Jul,11,11/07/2013,,16.38339,119.91585,TS2,,1,Dinoflagellate,Protoperinium oblongum,DF-Protoperinium oblongum,80
9205,2013,Jul,11,11/07/2013,,16.38339,119.91585,TS2,,1,Diatom,Pseudonitzschia spp.,D-Pseudonitzschia spp.,800
9206,2013,Jul,11,11/07/2013,,16.38339,119.91585,TS2,,1,Diatom,Rhizosolenia sp2,D-Rhizosolenia sp. 2,600
9207,2013,Jul,11,11/07/2013,,16.38339,119.91585,TS2,,1,Diatom,Skeletonema,D-Skeletonema,120
9208,2013,Jul,11,11/07/2013,,16.38339,119.91585,TS2,,1,Cyanobacteria,Trichodesmium sp.,CYN-Trichodesmium sp.,40
9209,2013,Jul,11,11/07/2013,,16.38339,119.91585,TS2,,1,Diatom,Thalassiosira spp.,D-Thalassiosira spp.,49920
9210,2013,Jul,11,11/07/2013,,16.38339,119.91585,TS2,,1,Silicoflagellate,Tintinopsis,SF-Tintinopsis,80
9211,2013,Jul,11,11/07/2013,,16.38339,119.91585,TS2,,1,Dinoflagellate,Prorocentrum  minimum,DF-Prorocentrum  minimum,360
9212,2013,Jul,11,11/07/2013,,16.34775,119.93375,A1,,1,Diatom,Chaetoceros spp.,D-Chaetoceros spp.,5520
9213,2013,Jul,11,11/07/2013,,16.34775,119.93375,A1,,1,Diatom,Helicotheca tamensis,D-Helicotheca tamensis,160
9214,2013,Jul,11,11/07/2013,,16.34775,119.93375,A1,,1,Diatom,Pleurosigma sp1,D-Pleurosigma sp. 1,80
9215,2013,Jul,11,11/07/2013,,16.34775,119.93375,A1,,1,Diatom,Pleurosigma spp.,D-Pleurosigma spp.,160
9216,2013,Jul,11,11/07/2013,,16.34775,119.93375,A1,,1,Dinoflagellate,Protoperidinium pellucidum,DF-Protoperidinium pellucidum,80
9217,2013,Jul,11,11/07/2013,,16.34775,119.93375,A1,,1,Dinoflagellate,Protoperdinium  pellucidum,DF-Protoperdinium  pellucidum,160
9218,2013,Jul,11,11/07/2013,,16.34775,119.93375,A1,,1,Diatom,Pseudonitzschia spp.,D-Pseudonitzschia spp.,1200
9219,2013,Jul,11,11/07/2013,,16.34775,119.93375,A1,,1,Diatom,Rhizosolenia sp2,D-Rhizosolenia sp. 2,400
9220,2013,Jul,11,11/07/2013,,16.34775,119.93375,A1,,1,Diatom,Thalassiosira spp.,D-Thalassiosira spp.,109760
9221,2013,Jul,11,11/07/2013,,16.34775,119.93375,A1,,1,Silicoflagellate,Tintinopsis,SF-Tintinopsis,1520
9222,2013,Jul,11,11/07/2013,,16.34775,119.93375,A1,,1,Dinoflagellate,Prorocentrum  minimum,DF-Prorocentrum  minimum,160
9223,2013,Jul,11,11/07/2013,,16.34775,119.93452,A2,,1,Diatom,Chaetoceros spp.,D-Chaetoceros spp.,560
9224,2013,Jul,11,11/07/2013,,16.34775,119.93452,A2,,1,Diatom,Navicula  spp.,D-Navicula  spp.,240
9225,2013,Jul,11,11/07/2013,,16.34775,119.93452,A2,,1,Diatom,Helicotheca tamensis,D-Helicotheca tamensis,80
9226,2013,Jul,11,11/07/2013,,16.34775,119.93452,A2,,1,Diatom,Pleurosigma sp1,D-Pleurosigma sp. 1,160
9227,2013,Jul,11,11/07/2013,,16.34775,119.93452,A2,,1,Diatom,Pleurosigma spp.,D-Pleurosigma spp.,80
9228,2013,Jul,11,11/07/2013,,16.34775,119.93452,A2,,1,Diatom,Pleurosigma sp2,D-Pleurosigma sp. 2,80
9229,2013,Jul,11,11/07/2013,,16.34775,119.93452,A2,,1,Diatom,Pseudonitzschia spp.,D-Pseudonitzschia spp.,400
9230,2013,Jul,11,11/07/2013,,16.34775,119.93452,A2,,1,Diatom,Skeletonema,D-Skeletonema,800
9231,2013,Jul,11,11/07/2013,,16.34775,119.93452,A2,,1,Cyanobacteria,Trichodesmium sp.,CYN-Trichodesmium sp.,160
9232,2013,Jul,11,11/07/2013,,16.34775,119.93452,A2,,1,Diatom,Thalassiosira spp.,D-Thalassiosira spp.,480
9233,2013,Jul,11,11/07/2013,,16.34775,119.93452,A2,,1,Silicoflagellate,Tintinopsis,SF-Tintinopsis,640
9234,2013,Jul,11,11/07/2013,,16.33431,119.95731,A3,,1,Diatom,Biddulphia,D-Biddulphia,80
9235,2013,Jul,11,11/07/2013,,16.33431,119.95731,A3,,1,Diatom,Chaetoceros spp.,D-Chaetoceros spp.,3520
9236,2013,Jul,11,11/07/2013,,16.33431,119.95731,A3,,1,Diatom,Helicotheca tamensis,D-Helicotheca tamensis,2800
9237,2013,Jul,11,11/07/2013,,16.33431,119.95731,A3,,1,Silicoflagellate,Favella sp.,SF-Favella sp.,80
9238,2013,Jul,11,11/07/2013,,16.33431,119.95731,A3,,1,Diatom,Pleurosigma sp1,D-Pleurosigma sp. 1,160
9239,2013,Jul,11,11/07/2013,,16.33431,119.95731,A3,,1,Diatom,Pleurosigma spp.,D-Pleurosigma spp.,80
9240,2013,Jul,11,11/07/2013,,16.33431,119.95731,A3,,1,Diatom,Pseudonitzschia spp.,D-Pseudonitzschia spp.,80
9241,2013,Jul,11,11/07/2013,,16.33431,119.95731,A3,,1,Diatom,Rhizosolenia sp2,D-Rhizosolenia sp. 2,160
9242,2013,Jul,11,11/07/2013,,16.33431,119.95731,A3,,1,Diatom,Skeletonema,D-Skeletonema,320
9243,2013,Jul,11,11/07/2013,,16.33431,119.95731,A3,,1,Cyanobacteria,Trichodesmium sp.,CYN-Trichodesmium sp.,160
9244,2013,Jul,11,11/07/2013,,16.33431,119.95731,A3,,1,Diatom,Stephanophyxis,D-Stephanophyxis,160
9245,2013,Jul,11,11/07/2013,,16.33431,119.95731,A3,,1,Diatom,Thalassiosira spp.,D-Thalassiosira spp.,6000
9246,2013,Jul,11,11/07/2013,,16.33431,119.95731,A3,,1,Diatom,Thalassionema spp.,D-Thalassionema spp.,560
9247,2013,Jul,11,11/07/2013,,16.28459,119.92285,A4,,1,Diatom,Chaetoceros spp.,D-Chaetoceros spp.,720
9248,2013,Jul,11,11/07/2013,,16.28459,119.92285,A4,,1,Diatom,Helicotheca tamensis,D-Helicotheca tamensis,80
9249,2013,Jul,11,11/07/2013,,16.28459,119.92285,A4,,1,Dinoflagellate,Oxytoxum spp.,DF-Oxytoxum spp.,160
9250,2013,Jul,11,11/07/2013,,16.28459,119.92285,A4,,1,Diatom,Pleurosigma sp1,D-Pleurosigma sp. 1,160
9251,2013,Jul,11,11/07/2013,,16.28459,119.92285,A4,,1,Diatom,Pleurosigma spp.,D-Pleurosigma spp.,400
9252,2013,Jul,11,11/07/2013,,16.28459,119.92285,A4,,1,Diatom,Pseudonitzschia spp.,D-Pseudonitzschia spp.,160
9253,2013,Jul,11,11/07/2013,,16.28459,119.92285,A4,,1,Diatom,Rhizosolenia sp2,D-Rhizosolenia sp. 2,80
9254,2013,Jul,11,11/07/2013,,16.28459,119.92285,A4,,1,Diatom,Skeletonema,D-Skeletonema,960
9255,2013,Jul,11,11/07/2013,,16.28459,119.92285,A4,,1,Diatom,Thalassiosira spp.,D-Thalassiosira spp.,19600
9256,2013,Jul,11,11/07/2013,,16.28459,119.92285,A4,,1,Silicoflagellate,Tintinopsis,SF-Tintinopsis,6320
9257,2013,Jul,11,11/07/2013,,16.27365,119.92599,A5,,1,Diatom,Cylindricotheca closterium,D-Cylindricotheca closterium,80
9258,2013,Jul,11,11/07/2013,,16.27365,119.92599,A5,,1,Diatom,Pleurosigma spp.,D-Pleurosigma spp.,160
9259,2013,Jul,11,11/07/2013,,16.27365,119.92599,A5,,1,Diatom,Pseudonitzschia spp.,D-Pseudonitzschia spp.,1040
9260,2013,Jul,11,11/07/2013,,16.27365,119.92599,A5,,1,Diatom,Rhizosolenia sp2,D-Rhizosolenia sp. 2,160
9261,2013,Jul,11,11/07/2013,,16.27365,119.92599,A5,,1,Dinoflagellate,Scrippsiella spinifera,DF-Scrippsiella spinifera,80
9262,2013,Jul,11,11/07/2013,,16.27365,119.92599,A5,,1,Diatom,Skeletonema,D-Skeletonema,1040
9263,2013,Jul,11,11/07/2013,,16.27365,119.92599,A5,,1,Diatom,Thalassiosira spp.,D-Thalassiosira spp.,9440
9264,2013,Jul,11,11/07/2013,,16.27365,119.92599,A5,,1,Silicoflagellate,Tintinopsis,SF-Tintinopsis,880
9265,2013,Jul,11,11/07/2013,,16.3743,119.93198,PP,,NB,Diatom,Helicotheca tamensis,D-Helicotheca tamensis,80
9266,2013,Jul,11,11/07/2013,,16.3743,119.93198,PP,,NB,Diatom,Pleurosigma sp1,D-Pleurosigma sp. 1,160
9267,2013,Jul,11,11/07/2013,,16.3743,119.93198,PP,,NB,Diatom,Pseudonitzschia spp.,D-Pseudonitzschia spp.,240
9268,2013,Jul,11,11/07/2013,,16.3743,119.93198,PP,,NB,Diatom,Rhizosolenia sp2,D-Rhizosolenia sp. 2,240
9269,2013,Jul,11,11/07/2013,,16.3743,119.93198,PP,,NB,Diatom,Skeletonema,D-Skeletonema,240
9270,2013,Jul,11,11/07/2013,,16.3743,119.93198,PP,,NB,Diatom,Thalassiosira spp.,D-Thalassiosira spp.,7200
9271,2013,Jul,11,11/07/2013,,16.3743,119.93198,PP,,1,Diatom,Chaetoceros spp.,D-Chaetoceros spp.,800
9272,2013,Jul,11,11/07/2013,,16.3743,119.93198,PP,,1,Diatom,Navicula  spp.,D-Navicula  spp.,160
9273,2013,Jul,11,11/07/2013,,16.3743,119.93198,PP,,1,Diatom,Helicotheca tamensis,D-Helicotheca tamensis,240
9274,2013,Jul,11,11/07/2013,,16.3743,119.93198,PP,,1,Silicoflagellate,Favella sp.,SF-Favella sp.,80
9275,2013,Jul,11,11/07/2013,,16.3743,119.93198,PP,,1,Dinoflagellate,Prorocentrum minimum,DF-Prorocentrum minimum,160
9276,2013,Jul,11,11/07/2013,,16.3743,119.93198,PP,,1,Dinoflagellate,Protoperdinium  pellucidum,DF-Protoperdinium  pellucidum,80
9277,2013,Jul,11,11/07/2013,,16.3743,119.93198,PP,,1,Diatom,Rhizosolenia sp2,D-Rhizosolenia sp. 2,80
9278,2013,Jul,11,11/07/2013,,16.3743,119.93198,PP,,1,Diatom,Skeletonema,D-Skeletonema,240
9279,2013,Jul,11,11/07/2013,,16.3743,119.93198,PP,,1,Diatom,Thalassiosira spp.,D-Thalassiosira spp.,86560
9280,2013,Jul,11,11/07/2013,,16.39578,119.90667,RVA3,,Mid,Diatom,Navicula  spp.,D-Navicula  spp.,80
9281,2013,Jul,11,11/07/2013,,16.39578,119.90667,RVA3,,Mid,Diatom,Pleurosigma spp.,D-Pleurosigma spp.,80
9282,2013,Jul,11,11/07/2013,,16.39578,119.90667,RVA3,,NB,Diatom,Navicula  spp.,D-Navicula  spp.,160
9283,2013,Jul,11,11/07/2013,,16.39578,119.90667,RVA3,,NB,Diatom,Pleurosigma spp.,D-Pleurosigma spp.,320
9284,2013,Jul,11,11/07/2013,,16.39578,119.90667,RVA3,,NB,Diatom,Thalassiosira spp.,D-Thalassiosira spp.,400
9285,2013,Jul,11,11/07/2013,,16.39578,119.90667,RVA3,,1,Diatom,Rhizosolenia sp2,D-Rhizosolenia sp. 2,960
9286,2013,Jul,11,11/07/2013,,16.39578,119.90667,RVA3,,1,Diatom,Thalassiosira spp.,D-Thalassiosira spp.,960
9287,2013,Jul,11,11/07/2013,,16.30944,119.92063,TS1,,NB,Diatom,Chaetoceros spp.,D-Chaetoceros spp.,880
9288,2013,Jul,11,11/07/2013,,16.30944,119.92063,TS1,,NB,Diatom,Helicotheca tamensis,D-Helicotheca tamensis,240
9289,2013,Jul,11,11/07/2013,,16.30944,119.92063,TS1,,NB,Diatom,Pleurosigma spp.,D-Pleurosigma spp.,80
9290,2013,Jul,11,11/07/2013,,16.30944,119.92063,TS1,,NB,Diatom,Rhizosolenia sp2,D-Rhizosolenia sp. 2,80
9291,2013,Jul,11,11/07/2013,,16.30944,119.92063,TS1,,NB,Cyanobacteria,Trichodesmium sp.,CYN-Trichodesmium sp.,80
9292,2013,Jul,11,11/07/2013,,16.30944,119.92063,TS1,,NB,Diatom,Thalassiosira spp.,D-Thalassiosira spp.,80
9293,2013,Jul,11,11/07/2013,,16.30944,119.92063,TS1,,NB,Silicoflagellate,Tintinopsis,SF-Tintinopsis,720
9294,2013,Jul,11,11/07/2013,,16.30944,119.92063,TS1,,1,Diatom,Navicula  spp.,D-Navicula  spp.,160
9295,2013,Jul,11,11/07/2013,,16.30944,119.92063,TS1,,1,Diatom,Helicotheca tamensis,D-Helicotheca tamensis,80
9296,2013,Jul,11,11/07/2013,,16.30944,119.92063,TS1,,1,Diatom,Pleurosigma sp1,D-Pleurosigma sp. 1,160
9297,2013,Jul,11,11/07/2013,,16.30944,119.92063,TS1,,1,Diatom,Pleurosigma spp.,D-Pleurosigma spp.,480
9298,2013,Jul,11,11/07/2013,,16.30944,119.92063,TS1,,1,Dinoflagellate,Prorocentrum micans,DF-Prorocentrum micans,80
9299,2013,Jul,11,11/07/2013,,16.30944,119.92063,TS1,,1,Dinoflagellate,Protoperidinium pellucidum,DF-Protoperidinium pellucidum,80
9300,2013,Jul,11,11/07/2013,,16.30944,119.92063,TS1,,1,Diatom,Thalassiosira spp.,D-Thalassiosira spp.,6480
9301,2013,Jul,11,11/07/2013,,16.30944,119.92063,TS1,,1,Silicoflagellate,Tintinopsis,SF-Tintinopsis,14080
9302,2013,Jul,11,11/07/2013,,16.38339,119.91585,TS2,,NB,Diatom,Coscinodiscus spp.,D-Coscinodiscus spp.,80
9303,2013,Jul,11,11/07/2013,,16.34927,119.94606,W1,,1,Diatom,Chaetoceros spp.,D-Chaetoceros spp.,1760
9304,2013,Jul,11,11/07/2013,,16.34927,119.94606,W1,,1,Diatom,Cylindricotheca closterium,D-Cylindricotheca closterium,160
9305,2013,Jul,11,11/07/2013,,16.34927,119.94606,W1,,1,Diatom,Navicula  spp.,D-Navicula  spp.,720
9306,2013,Jul,11,11/07/2013,,16.34927,119.94606,W1,,1,Diatom,Helicotheca tamensis,D-Helicotheca tamensis,480
9307,2013,Jul,11,11/07/2013,,16.34927,119.94606,W1,,1,Diatom,Pleurosigma spp.,D-Pleurosigma spp.,160
9308,2013,Jul,11,11/07/2013,,16.34927,119.94606,W1,,1,Dinoflagellate,Prorocentrum micans,DF-Prorocentrum micans,80
9309,2013,Jul,11,11/07/2013,,16.34927,119.94606,W1,,1,Diatom,Pseudonitzschia spp.,D-Pseudonitzschia spp.,80
9310,2013,Jul,11,11/07/2013,,16.34927,119.94606,W1,,1,Diatom,Rhizosolenia sp2,D-Rhizosolenia sp. 2,80
9311,2013,Jul,11,11/07/2013,,16.34927,119.94606,W1,,1,Diatom,Thalassiosira spp.,D-Thalassiosira spp.,130560
9312,2013,Jul,11,11/07/2013,,16.34927,119.94606,W1,,1,Silicoflagellate,Tintinopsis,SF-Tintinopsis,80
9313,2013,Jul,11,11/07/2013,,16.33668,119.94476,W2A,,1,Diatom,Chaetoceros spp.,D-Chaetoceros spp.,8960
9314,2013,Jul,11,11/07/2013,,16.33668,119.94476,W2A,,1,Diatom,Cylindricotheca closterium,D-Cylindricotheca closterium,160
9315,2013,Jul,11,11/07/2013,,16.33668,119.94476,W2A,,1,Diatom,Guinardia,D-Guinardia,160
9316,2013,Jul,11,11/07/2013,,16.33668,119.94476,W2A,,1,Diatom,Navicula  spp.,D-Navicula  spp.,160
9317,2013,Jul,11,11/07/2013,,16.33668,119.94476,W2A,,1,Diatom,Helicotheca tamensis,D-Helicotheca tamensis,480
9318,2013,Jul,11,11/07/2013,,16.33668,119.94476,W2A,,1,Dinoflagellate,Oxytoxum spp.,DF-Oxytoxum spp.,80
9319,2013,Jul,11,11/07/2013,,16.33668,119.94476,W2A,,1,Silicoflagellate,Favella sp.,SF-Favella sp.,320
9320,2013,Jul,11,11/07/2013,,16.33668,119.94476,W2A,,1,Diatom,Pleurosigma spp.,D-Pleurosigma spp.,80
9321,2013,Jul,11,11/07/2013,,16.33668,119.94476,W2A,,1,Diatom,Pseudonitzschia spp.,D-Pseudonitzschia spp.,2880
9322,2013,Jul,11,11/07/2013,,16.33668,119.94476,W2A,,1,Diatom,Rhizosolenia sp2,D-Rhizosolenia sp. 2,640
9323,2013,Jul,11,11/07/2013,,16.33668,119.94476,W2A,,1,Diatom,Skeletonema,D-Skeletonema,320
9324,2013,Jul,11,11/07/2013,,16.33668,119.94476,W2A,,1,Cyanobacteria,Trichodesmium sp.,CYN-Trichodesmium sp.,400
9325,2013,Jul,11,11/07/2013,,16.33668,119.94476,W2A,,1,Diatom,Thalassiosira spp.,D-Thalassiosira spp.,34240
9326,2013,Jul,11,11/07/2013,,16.37073,119.93401,W3,,NB,Silicoflagellate,Tintinopsis,SF-Tintinopsis,160
9327,2013,Jul,11,11/07/2013,,16.32003,119.93384,W8,,1,Diatom,Bacteriastrum spp.,D-Bacteriastrum spp.,80
9328,2013,Jul,11,11/07/2013,,16.32003,119.93384,W8,,1,Diatom,Chaetoceros spp.,D-Chaetoceros spp.,46480
9329,2013,Jul,11,11/07/2013,,16.32003,119.93384,W8,,1,Diatom,Cylindricotheca closterium,D-Cylindricotheca closterium,80
9330,2013,Jul,11,11/07/2013,,16.32003,119.93384,W8,,1,Dinoflagellate,Gonyaulax spinifera,DF-Gonyaulax spinifera,80
9331,2013,Jul,11,11/07/2013,,16.32003,119.93384,W8,,1,Diatom,Guinardia,D-Guinardia,320
9332,2013,Jul,11,11/07/2013,,16.32003,119.93384,W8,,1,Diatom,Helicotheca tamensis,D-Helicotheca tamensis,1040
9333,2013,Jul,11,11/07/2013,,16.32003,119.93384,W8,,1,Dinoflagellate,Oxytoxum spp.,DF-Oxytoxum spp.,160
9334,2013,Jul,11,11/07/2013,,16.32003,119.93384,W8,,1,Silicoflagellate,Favella sp.,SF-Favella sp.,80
9335,2013,Jul,11,11/07/2013,,16.32003,119.93384,W8,,1,Diatom,Pleurosigma sp1,D-Pleurosigma sp. 1,400
9336,2013,Jul,11,11/07/2013,,16.32003,119.93384,W8,,1,Diatom,Pleurosigma spp.,D-Pleurosigma spp.,80
9337,2013,Jul,11,11/07/2013,,16.32003,119.93384,W8,,1,Dinoflagellate,Protoperdinium  pellucidum,DF-Protoperdinium  pellucidum,240
9338,2013,Jul,11,11/07/2013,,16.32003,119.93384,W8,,1,Dinoflagellate,Protoperinium oblongum,DF-Protoperinium oblongum,80
9339,2013,Jul,11,11/07/2013,,16.32003,119.93384,W8,,1,Diatom,Pseudonitzschia spp.,D-Pseudonitzschia spp.,720
9340,2013,Jul,11,11/07/2013,,16.32003,119.93384,W8,,1,Diatom,Rhizosolenia sp2,D-Rhizosolenia sp. 2,560
9341,2013,Jul,11,11/07/2013,,16.32003,119.93384,W8,,1,Diatom,Skeletonema,D-Skeletonema,720
9342,2013,Jul,11,11/07/2013,,16.32003,119.93384,W8,,1,Diatom,Thalassiosira spp.,D-Thalassiosira spp.,131840
9343,2013,Jul,11,11/07/2013,,16.32003,119.93384,W8,,1,Silicoflagellate,Tintinopsis,SF-Tintinopsis,80
9344,2013,Jul,11,11/07/2013,,16.32003,119.93384,W8,,1,Diatom,Thalassionema spp.,D-Thalassionema spp.,240
9345,2013,Jul,11,11/07/2013,,16.32003,119.93384,W8,,1,Dinoflagellate,Prorocentrum  minimum,DF-Prorocentrum  minimum,160
9346,2013,Jul,11,11/07/2013,,16.34775,119.93452,W9,,1,Diatom,Chaetoceros spp.,D-Chaetoceros spp.,880
9347,2013,Jul,11,11/07/2013,,16.34775,119.93452,W9,,1,Diatom,Helicotheca tamensis,D-Helicotheca tamensis,640
9348,2013,Jul,11,11/07/2013,,16.34775,119.93452,W9,,1,Diatom,Pseudonitzschia spp.,D-Pseudonitzschia spp.,240
9349,2013,Jul,11,11/07/2013,,16.34775,119.93452,W9,,1,Diatom,Rhizosolenia sp2,D-Rhizosolenia sp. 2,480
9350,2013,Jul,11,11/07/2013,,16.34775,119.93452,W9,,1,Diatom,Thalassiosira spp.,D-Thalassiosira spp.,80
9351,2013,Jul,11,11/07/2013,,16.37052,119.94857,W10,,1,Diatom,Cylindricotheca closterium,D-Cylindricotheca closterium,80
9352,2013,Jul,11,11/07/2013,,16.37052,119.94857,W10,,1,Diatom,Navicula  spp.,D-Navicula  spp.,960
9353,2013,Jul,11,11/07/2013,,16.37052,119.94857,W10,,1,Diatom,Helicotheca tamensis,D-Helicotheca tamensis,80
9354,2013,Jul,11,11/07/2013,,16.37052,119.94857,W10,,1,Silicoflagellate,Favella sp.,SF-Favella sp.,80
9355,2013,Jul,11,11/07/2013,,16.37052,119.94857,W10,,1,Diatom,Pleurosigma spp.,D-Pleurosigma spp.,320
9356,2013,Jul,11,11/07/2013,,16.37052,119.94857,W10,,1,Dinoflagellate,Prorocentrum minimum,DF-Prorocentrum minimum,80
9357,2013,Jul,11,11/07/2013,,16.37052,119.94857,W10,,1,Dinoflagellate,Protoperdinium  pellucidum,DF-Protoperdinium  pellucidum,80
9358,2013,Jul,11,11/07/2013,,16.37052,119.94857,W10,,1,Dinoflagellate,Protoperinium oblongum,DF-Protoperinium oblongum,80
9359,2013,Jul,11,11/07/2013,,16.37052,119.94857,W10,,1,Diatom,Rhizosolenia sp2,D-Rhizosolenia sp. 2,80
9360,2013,Jul,11,11/07/2013,,16.37052,119.94857,W10,,1,Diatom,Thalassiosira spp.,D-Thalassiosira spp.,23440
9361,2013,Jul,11,11/07/2013,,16.37052,119.94857,W10,,1,Silicoflagellate,Tintinopsis,SF-Tintinopsis,80
9362,2013,Jul,11,11/07/2013,,16.38326,119.92616,W11,,Mid,Diatom,Helicotheca tamensis,D-Helicotheca tamensis,160
9363,2013,Jul,11,11/07/2013,,16.38326,119.92616,W11,,Mid,Diatom,Rhizosolenia sp2,D-Rhizosolenia sp. 2,80
9364,2013,Jul,11,11/07/2013,,16.38326,119.92616,W11,,Mid,Diatom,Skeletonema,D-Skeletonema,320
9365,2013,Jul,11,11/07/2013,,16.38326,119.92616,W11,,Mid,Diatom,Thalassiosira spp.,D-Thalassiosira spp.,19360
9366,2013,Jul,11,11/07/2013,,16.38326,119.92616,W11,,Mid,Silicoflagellate,Tintinopsis,SF-Tintinopsis,160
9367,2013,Jul,11,11/07/2013,,16.38326,119.92616,W11,,1,Diatom,Chaetoceros spp.,D-Chaetoceros spp.,320
9368,2013,Jul,11,11/07/2013,,16.38326,119.92616,W11,,1,Diatom,Helicotheca tamensis,D-Helicotheca tamensis,160
9369,2013,Jul,11,11/07/2013,,16.38326,119.92616,W11,,1,Silicoflagellate,Favella sp.,SF-Favella sp.,80
9370,2013,Jul,11,11/07/2013,,16.38326,119.92616,W11,,1,Dinoflagellate,Prorocentrum micans,DF-Prorocentrum micans,80
9371,2013,Jul,11,11/07/2013,,16.38326,119.92616,W11,,1,Diatom,Rhizosolenia sp2,D-Rhizosolenia sp. 2,160
9372,2013,Jul,11,11/07/2013,,16.38326,119.92616,W11,,1,Diatom,Thalassiosira spp.,D-Thalassiosira spp.,130800
9373,2013,Jul,11,11/07/2013,,16.38326,119.92616,W11,,NB,Diatom,Coscinodiscus spp.,D-Coscinodiscus spp.,80
9374,2013,Jul,11,11/07/2013,,16.38326,119.92616,W11,,NB,Diatom,Navicula  spp.,D-Navicula  spp.,320
9375,2013,Jul,11,11/07/2013,,16.38326,119.92616,W11,,NB,Diatom,Skeletonema,D-Skeletonema,400
9376,2013,Jul,15,15/07/2013,,16.33431,119.95731,A3,,1,Diatom,Chaetoceros spp.,D-Chaetoceros spp.,800
9377,2013,Jul,15,15/07/2013,,16.33431,119.95731,A3,,1,Diatom,Navicula  spp.,D-Navicula  spp.,160
9378,2013,Jul,15,15/07/2013,,16.33431,119.95731,A3,,1,Diatom,Helicotheca tamensis,D-Helicotheca tamensis,6160
9379,2013,Jul,15,15/07/2013,,16.33431,119.95731,A3,,1,Cyanobacteria,Trichodesmium sp.,CYN-Trichodesmium sp.,160
9380,2013,Jul,15,15/07/2013,,16.33431,119.95731,A3,,1,Silicoflagellate,Tintinopsis,SF-Tintinopsis,80
9381,2013,Jul,15,15/07/2013,,16.28459,119.92285,A4,,1,Silicoflagellate,Favella sp.,SF-Favella sp.,160
9382,2013,Jul,15,15/07/2013,,16.28459,119.92285,A4,,1,Diatom,Pleurosigma sp2,D-Pleurosigma sp. 2,2480
9383,2013,Jul,15,15/07/2013,,16.28459,119.92285,A4,,1,Diatom,Pleurosigma spp.,D-Pleurosigma spp.,160
9384,2013,Jul,15,15/07/2013,,16.28459,119.92285,A4,,1,Silicoflagellate,Tintinopsis,SF-Tintinopsis,20800
9385,2013,Jul,15,15/07/2013,,16.27365,119.92599,A5,,1,Diatom,Coscinodiscus spp.,D-Coscinodiscus spp.,80
9386,2013,Jul,15,15/07/2013,,16.27365,119.92599,A5,,1,Diatom,Melosira,D-Melosira,640
9387,2013,Jul,15,15/07/2013,,16.27365,119.92599,A5,,1,Silicoflagellate,Favella sp.,SF-Favella sp.,240
9388,2013,Jul,15,15/07/2013,,16.27365,119.92599,A5,,1,Diatom,Pleurosigma sp2,D-Pleurosigma sp. 2,960
9389,2013,Jul,15,15/07/2013,,16.27365,119.92599,A5,,1,Dinoflagellate,Protoperdinium  pellucidum,DF-Protoperdinium  pellucidum,80
9390,2013,Jul,15,15/07/2013,,16.27365,119.92599,A5,,1,Diatom,Thalassiosira spp.,D-Thalassiosira spp.,240
9391,2013,Jul,15,15/07/2013,,16.27365,119.92599,A5,,1,Silicoflagellate,Tintinopsis,SF-Tintinopsis,22480
9392,2013,Jul,15,15/07/2013,,16.3743,119.93198,PP,,NB,Diatom,Helicotheca tamensis,D-Helicotheca tamensis,3360
9393,2013,Jul,15,15/07/2013,,16.3743,119.93198,PP,,NB,Silicoflagellate,Favella sp.,SF-Favella sp.,80
9394,2013,Jul,15,15/07/2013,,16.3743,119.93198,PP,,1,Diatom,Helicotheca tamensis,D-Helicotheca tamensis,2400
9395,2013,Jul,15,15/07/2013,,16.3743,119.93198,PP,,1,Diatom,Rhizosolenia sp2,D-Rhizosolenia sp. 2,80
9396,2013,Jul,15,15/07/2013,,16.39578,119.90667,RVA3,,NB,Diatom,Navicula  spp.,D-Navicula  spp.,80
9397,2013,Jul,15,15/07/2013,,16.39578,119.90667,RVA3,,NB,Diatom,Pleurosigma sp1,D-Pleurosigma sp. 1,160
9398,2013,Jul,15,15/07/2013,,16.39578,119.90667,RVA3,,NB,Diatom,Thalassiosira spp.,D-Thalassiosira spp.,80
9399,2013,Jul,15,15/07/2013,,16.39578,119.90667,RVA3,,1,Diatom,Helicotheca tamensis,D-Helicotheca tamensis,480
9400,2013,Jul,15,15/07/2013,,16.30944,119.92063,TS1,,NB,Diatom,Helicotheca tamensis,D-Helicotheca tamensis,80
9401,2013,Jul,15,15/07/2013,,16.30944,119.92063,TS1,,NB,Diatom,Pleurosigma sp1,D-Pleurosigma sp. 1,80
9402,2013,Jul,15,15/07/2013,,16.30944,119.92063,TS1,,NB,Diatom,Pleurosigma sp2,D-Pleurosigma sp. 2,480
9403,2013,Jul,15,15/07/2013,,16.30944,119.92063,TS1,,NB,Diatom,Pleurosigma spp.,D-Pleurosigma spp.,80
9404,2013,Jul,15,15/07/2013,,16.30944,119.92063,TS1,,NB,Diatom,Thalassiosira spp.,D-Thalassiosira spp.,160
9405,2013,Jul,15,15/07/2013,,16.30944,119.92063,TS1,,NB,Silicoflagellate,Tintinopsis,SF-Tintinopsis,14320
9406,2013,Jul,15,15/07/2013,,16.30944,119.92063,TS1,,1,Diatom,Navicula  spp.,D-Navicula  spp.,80
9407,2013,Jul,15,15/07/2013,,16.30944,119.92063,TS1,,1,Diatom,Helicotheca tamensis,D-Helicotheca tamensis,400
9408,2013,Jul,15,15/07/2013,,16.30944,119.92063,TS1,,1,Silicoflagellate,Favella sp.,SF-Favella sp.,80
9409,2013,Jul,15,15/07/2013,,16.30944,119.92063,TS1,,1,Diatom,Pleurosigma sp1,D-Pleurosigma sp. 1,320
9410,2013,Jul,15,15/07/2013,,16.30944,119.92063,TS1,,1,Diatom,Pleurosigma sp2,D-Pleurosigma sp. 2,1440
9411,2013,Jul,15,15/07/2013,,16.30944,119.92063,TS1,,1,Dinoflagellate,Prorocentrum micans,DF-Prorocentrum micans,160
9412,2013,Jul,15,15/07/2013,,16.30944,119.92063,TS1,,1,Diatom,Rhizosolenia sp2,D-Rhizosolenia sp. 2,960
9413,2013,Jul,15,15/07/2013,,16.30944,119.92063,TS1,,1,Diatom,Skeletonema,D-Skeletonema,9680
9414,2013,Jul,15,15/07/2013,,16.30944,119.92063,TS1,,1,Diatom,Thalassiosira spp.,D-Thalassiosira spp.,320
9415,2013,Jul,15,15/07/2013,,16.30944,119.92063,TS1,,1,Silicoflagellate,Tintinopsis,SF-Tintinopsis,12560
9416,2013,Jul,15,15/07/2013,,16.38339,119.91585,TS2,,Mid,Diatom,Chaetoceros spp.,D-Chaetoceros spp.,240
9417,2013,Jul,15,15/07/2013,,16.38339,119.91585,TS2,,Mid,Diatom,Helicotheca tamensis,D-Helicotheca tamensis,160
9418,2013,Jul,15,15/07/2013,,16.38339,119.91585,TS2,,NB,Diatom,Coscinodiscus spp.,D-Coscinodiscus spp.,80
9419,2013,Jul,15,15/07/2013,,16.38339,119.91585,TS2,,NB,Diatom,Navicula  spp.,D-Navicula  spp.,160
9420,2013,Jul,15,15/07/2013,,16.38339,119.91585,TS2,,NB,Diatom,Pleurosigma sp1,D-Pleurosigma sp. 1,80
9421,2013,Jul,15,15/07/2013,,16.38339,119.91585,TS2,,1,Diatom,Biddulphia,D-Biddulphia,80
9422,2013,Jul,15,15/07/2013,,16.38339,119.91585,TS2,,1,Diatom,Chaetoceros spp.,D-Chaetoceros spp.,2720
9423,2013,Jul,15,15/07/2013,,16.38339,119.91585,TS2,,1,Diatom,Helicotheca tamensis,D-Helicotheca tamensis,12080
9424,2013,Jul,15,15/07/2013,,16.38339,119.91585,TS2,,1,Diatom,Rhizosolenia sp2,D-Rhizosolenia sp. 2,80
9425,2013,Jul,15,15/07/2013,,16.34927,119.94606,W1,,1,Diatom,Chaetoceros spp.,D-Chaetoceros spp.,1440
9426,2013,Jul,15,15/07/2013,,16.34927,119.94606,W1,,1,Diatom,Navicula  spp.,D-Navicula  spp.,2720
9427,2013,Jul,15,15/07/2013,,16.34927,119.94606,W1,,1,Diatom,Helicotheca tamensis,D-Helicotheca tamensis,7680
9428,2013,Jul,15,15/07/2013,,16.34927,119.94606,W1,,1,Diatom,Pleurosigma sp1,D-Pleurosigma sp. 1,80
9429,2013,Jul,15,15/07/2013,,16.34927,119.94606,W1,,1,Diatom,Pseudonitzschia spp.,D-Pseudonitzschia spp.,160
9430,2013,Jul,15,15/07/2013,,16.34927,119.94606,W1,,1,Diatom,Rhizosolenia sp2,D-Rhizosolenia sp. 2,560
9431,2013,Jul,15,15/07/2013,,16.33668,119.94476,W2A,,1,Diatom,Chaetoceros spp.,D-Chaetoceros spp.,3040
9432,2013,Jul,15,15/07/2013,,16.33668,119.94476,W2A,,1,Diatom,Helicotheca tamensis,D-Helicotheca tamensis,2960
9433,2013,Jul,15,15/07/2013,,16.33668,119.94476,W2A,,1,Diatom,Pleurosigma spp.,D-Pleurosigma spp.,240
9434,2013,Jul,15,15/07/2013,,16.33668,119.94476,W2A,,1,Diatom,Pseudonitzschia spp.,D-Pseudonitzschia spp.,1440
9435,2013,Jul,15,15/07/2013,,16.33668,119.94476,W2A,,1,Diatom,Rhizosolenia sp2,D-Rhizosolenia sp. 2,80
9436,2013,Jul,15,15/07/2013,,16.33668,119.94476,W2A,,1,Diatom,Thalassiosira spp.,D-Thalassiosira spp.,320
9437,2013,Jul,15,15/07/2013,,16.33668,119.94476,W2A,,1,Silicoflagellate,Tintinopsis,SF-Tintinopsis,240
9438,2013,Jul,15,15/07/2013,,16.37073,119.93401,W3,,NB,Diatom,Helicotheca tamensis,D-Helicotheca tamensis,320
9439,2013,Jul,15,15/07/2013,,16.37073,119.93401,W3,,NB,Diatom,Rhizosolenia sp2,D-Rhizosolenia sp. 2,80
9440,2013,Jul,15,15/07/2013,,16.37073,119.93401,W3,,1,Diatom,Chaetoceros spp.,D-Chaetoceros spp.,4880
9441,2013,Jul,15,15/07/2013,,16.37073,119.93401,W3,,1,Diatom,Helicotheca tamensis,D-Helicotheca tamensis,13200
9442,2013,Jul,15,15/07/2013,,16.37073,119.93401,W3,,1,Diatom,Pseudonitzschia spp.,D-Pseudonitzschia spp.,160
9443,2013,Jul,15,15/07/2013,,16.37073,119.93401,W3,,1,Diatom,Rhizosolenia sp2,D-Rhizosolenia sp. 2,400
9444,2013,Jul,15,15/07/2013,,16.32003,119.93384,W8,,1,Diatom,Chaetoceros spp.,D-Chaetoceros spp.,320
9445,2013,Jul,15,15/07/2013,,16.32003,119.93384,W8,,1,Diatom,Helicotheca tamensis,D-Helicotheca tamensis,160
9446,2013,Jul,15,15/07/2013,,16.32003,119.93384,W8,,1,Diatom,Pleurosigma sp1,D-Pleurosigma sp. 1,80
9447,2013,Jul,15,15/07/2013,,16.32003,119.93384,W8,,1,Diatom,Pleurosigma spp.,D-Pleurosigma spp.,160
9448,2013,Jul,15,15/07/2013,,16.32003,119.93384,W8,,1,Diatom,Pseudonitzschia spp.,D-Pseudonitzschia spp.,1280
9449,2013,Jul,15,15/07/2013,,16.32003,119.93384,W8,,1,Diatom,Rhizosolenia sp2,D-Rhizosolenia sp. 2,480
9450,2013,Jul,15,15/07/2013,,16.32003,119.93384,W8,,1,Diatom,Thalassiosira spp.,D-Thalassiosira spp.,363760
9451,2013,Jul,15,15/07/2013,,16.32003,119.93384,W8,,1,Silicoflagellate,Tintinopsis,SF-Tintinopsis,1600
9452,2013,Jul,15,15/07/2013,,16.37052,119.94857,W10,,1,Diatom,Navicula  spp.,D-Navicula  spp.,480
9453,2013,Jul,15,15/07/2013,,16.37052,119.94857,W10,,1,Diatom,Helicotheca tamensis,D-Helicotheca tamensis,1280
9454,2013,Jul,15,15/07/2013,,16.37052,119.94857,W10,,1,Diatom,Pleurosigma spp.,D-Pleurosigma spp.,160
9455,2013,Jul,15,15/07/2013,,16.37052,119.94857,W10,,1,Diatom,Rhizosolenia sp2,D-Rhizosolenia sp. 2,240
9456,2013,Jul,15,15/07/2013,,16.37052,119.94857,W10,,1,Diatom,Thalassiosira spp.,D-Thalassiosira spp.,160
9457,2013,Jul,15,15/07/2013,,16.37052,119.94857,W10,,1,Silicoflagellate,Tintinopsis,SF-Tintinopsis,80
9458,2013,Jul,15,15/07/2013,,16.38326,119.92616,W11,,Mid,Diatom,Helicotheca tamensis,D-Helicotheca tamensis,2400
9459,2013,Jul,15,15/07/2013,,16.38326,119.92616,W11,,NB,Diatom,Helicotheca tamensis,D-Helicotheca tamensis,80
9460,2013,Jul,15,15/07/2013,,16.38326,119.92616,W11,,NB,Diatom,Skeletonema,D-Skeletonema,960
9461,2013,Jul,15,15/07/2013,,16.38326,119.92616,W11,,1,Diatom,Chaetoceros spp.,D-Chaetoceros spp.,2720
9462,2013,Jul,15,15/07/2013,,16.38326,119.92616,W11,,1,Diatom,Helicotheca tamensis,D-Helicotheca tamensis,26480
9463,2013,Jul,15,15/07/2013,,16.38326,119.92616,W11,,1,Diatom,Rhizosolenia sp2,D-Rhizosolenia sp. 2,320
9464,2013,Jul,15,15/07/2013,,16.38326,119.92616,W11,,1,Diatom,Skeletonema,D-Skeletonema,480
9465,2013,Jul,15,15/07/2013,,16.38326,119.92616,W11,,1,Silicoflagellate,Tintinopsis,SF-Tintinopsis,160
9466,2013,Jul,15,15/07/2013,,16.34775,119.93452,W9,,1,Diatom,Chaetoceros spp.,D-Chaetoceros spp.,64640
9467,2013,Jul,15,15/07/2013,,16.34775,119.93452,W9,,1,Diatom,Coscinodiscus spp.,D-Coscinodiscus spp.,160
9468,2013,Jul,15,15/07/2013,,16.34775,119.93452,W9,,1,Diatom,Navicula  spp.,D-Navicula  spp.,160
9469,2013,Jul,15,15/07/2013,,16.34775,119.93452,W9,,1,Diatom,Helicotheca tamensis,D-Helicotheca tamensis,8640
9470,2013,Jul,15,15/07/2013,,16.34775,119.93452,W9,,1,Diatom,Pleurosigma sp1,D-Pleurosigma sp. 1,480
9471,2013,Jul,15,15/07/2013,,16.34775,119.93452,W9,,1,Diatom,Pleurosigma spp.,D-Pleurosigma spp.,160
9472,2013,Jul,15,15/07/2013,,16.34775,119.93452,W9,,1,Diatom,Pseudonitzschia spp.,D-Pseudonitzschia spp.,4160
9473,2013,Jul,15,15/07/2013,,16.34775,119.93452,W9,,1,Diatom,Rhizosolenia sp2,D-Rhizosolenia sp. 2,1120
9474,2013,Jul,15,15/07/2013,,16.34775,119.93452,W9,,1,Diatom,Skeletonema,D-Skeletonema,1600
9475,2013,Jul,15,15/07/2013,,16.34775,119.93452,W9,,1,Silicoflagellate,Tintinopsis,SF-Tintinopsis,480
9476,2013,Jul,15,15/07/2013,,16.34775,119.93452,A2,,1,Diatom,Chaetoceros spp.,D-Chaetoceros spp.,10080
9477,2013,Jul,15,15/07/2013,,16.34775,119.93452,A2,,1,Diatom,Navicula  spp.,D-Navicula  spp.,160
9478,2013,Jul,15,15/07/2013,,16.34775,119.93452,A2,,1,Diatom,Helicotheca tamensis,D-Helicotheca tamensis,480
9479,2013,Jul,15,15/07/2013,,16.34775,119.93452,A2,,1,Diatom,Pleurosigma spp.,D-Pleurosigma spp.,160
9480,2013,Jul,15,15/07/2013,,16.34775,119.93452,A2,,1,Diatom,Rhizosolenia sp2,D-Rhizosolenia sp. 2,640
9481,2013,Jul,15,15/07/2013,,16.34775,119.93452,A2,,1,Diatom,Thalassiosira spp.,D-Thalassiosira spp.,480
9482,2013,Jul,15,15/07/2013,,16.34775,119.93452,A2,,1,Silicoflagellate,Tintinopsis,SF-Tintinopsis,480
9483,2013,Jul,15,15/07/2013,,16.34775,119.93375,A1,,1,Diatom,Chaetoceros spp.,D-Chaetoceros spp.,366560
9484,2013,Jul,15,15/07/2013,,16.34775,119.93375,A1,,1,Diatom,Helicotheca tamensis,D-Helicotheca tamensis,26720
9485,2013,Jul,15,15/07/2013,,16.34775,119.93375,A1,,1,Diatom,Pleurosigma sp1,D-Pleurosigma sp. 1,960
9486,2013,Jul,15,15/07/2013,,16.34775,119.93375,A1,,1,Diatom,Pleurosigma sp2,D-Pleurosigma sp. 2,160
9487,2013,Jul,15,15/07/2013,,16.34775,119.93375,A1,,1,Diatom,Pseudonitzschia spp.,D-Pseudonitzschia spp.,29280
9488,2013,Jul,15,15/07/2013,,16.34775,119.93375,A1,,1,Diatom,Rhizosolenia sp1,D-Rhizosolenia sp. 1,160
9489,2013,Jul,15,15/07/2013,,16.34775,119.93375,A1,,1,Diatom,Rhizosolenia sp2,D-Rhizosolenia sp. 2,6240
9490,2013,Jul,15,15/07/2013,,16.34775,119.93375,A1,,1,Diatom,Skeletonema,D-Skeletonema,5120
9491,2013,Jul,15,15/07/2013,,16.34775,119.93375,A1,,1,Cyanobacteria,Trichodesmium sp.,CYN-Trichodesmium sp.,640
9492,2013,Jul,15,15/07/2013,,16.34775,119.93375,A1,,1,Silicoflagellate,Tintinopsis,SF-Tintinopsis,320
9493,2013,Jul,18,18/07/2013,,16.34775,119.93452,A2,,1,Diatom,Helicotheca tamensis,D-Helicotheca tamensis,1600
9494,2013,Jul,18,18/07/2013,,16.34775,119.93452,A2,,1,Dinoflagellate,Oxytoxum spp.,DF-Oxytoxum spp.,80
9495,2013,Jul,18,18/07/2013,,16.34775,119.93452,A2,,1,Diatom,Pleurosigma sp1,D-Pleurosigma sp. 1,80
9496,2013,Jul,18,18/07/2013,,16.34775,119.93452,A2,,1,Diatom,Pleurosigma sp2,D-Pleurosigma sp. 2,160
9497,2013,Jul,18,18/07/2013,,16.34775,119.93452,A2,,1,Diatom,Pleurosigma spp.,D-Pleurosigma spp.,160
9498,2013,Jul,18,18/07/2013,,16.34775,119.93452,A2,,1,Dinoflagellate,Protoperidinium spp.,DF-Protoperidinium spp.,80
9499,2013,Jul,18,18/07/2013,,16.34775,119.93452,A2,,1,Diatom,Pseudonitzschia spp.,D-Pseudonitzschia spp.,1680
9500,2013,Jul,18,18/07/2013,,16.34775,119.93452,A2,,1,Diatom,Rhizosolenia sp2,D-Rhizosolenia sp. 2,3120
9501,2013,Jul,18,18/07/2013,,16.34775,119.93452,A2,,1,Diatom,Thalassiosira spp.,D-Thalassiosira spp.,2400
9502,2013,Jul,18,18/07/2013,,16.34775,119.93452,A2,,1,Silicoflagellate,Tintinopsis,SF-Tintinopsis,3680
9503,2013,Jul,18,18/07/2013,,16.28459,119.92285,A4,,1,Diatom,Navicula  spp.,D-Navicula  spp.,480
9504,2013,Jul,18,18/07/2013,,16.28459,119.92285,A4,,1,Diatom,Pleurosigma sp1,D-Pleurosigma sp. 1,1040
9505,2013,Jul,18,18/07/2013,,16.28459,119.92285,A4,,1,Diatom,Pleurosigma sp2,D-Pleurosigma sp. 2,800
9506,2013,Jul,18,18/07/2013,,16.28459,119.92285,A4,,1,Diatom,Pleurosigma spp.,D-Pleurosigma spp.,80
9507,2013,Jul,18,18/07/2013,,16.28459,119.92285,A4,,1,Diatom,Pseudonitzschia spp.,D-Pseudonitzschia spp.,240
9508,2013,Jul,18,18/07/2013,,16.28459,119.92285,A4,,1,Diatom,Rhizosolenia sp2,D-Rhizosolenia sp. 2,160
9509,2013,Jul,18,18/07/2013,,16.28459,119.92285,A4,,1,Diatom,Thalassiosira spp.,D-Thalassiosira spp.,1600
9510,2013,Jul,18,18/07/2013,,16.28459,119.92285,A4,,1,Silicoflagellate,Tintinopsis,SF-Tintinopsis,800
9511,2013,Jul,18,18/07/2013,,16.28459,119.92285,A4,,1,Diatom,Thalassionema spp.,D-Thalassionema spp.,560
9512,2013,Jul,18,18/07/2013,,16.27365,119.92599,A5,,1,Diatom,Coscinodiscus spp.,D-Coscinodiscus spp.,80
9513,2013,Jul,18,18/07/2013,,16.27365,119.92599,A5,,1,Diatom,Cylindricotheca closterium,D-Cylindricotheca closterium,80
9514,2013,Jul,18,18/07/2013,,16.27365,119.92599,A5,,1,Diatom,Navicula  spp.,D-Navicula  spp.,80
9515,2013,Jul,18,18/07/2013,,16.27365,119.92599,A5,,1,Diatom,Rhizosolenia sp2,D-Rhizosolenia sp. 2,160
9516,2013,Jul,18,18/07/2013,,16.27365,119.92599,A5,,1,Silicoflagellate,Tintinopsis,SF-Tintinopsis,6160
9517,2013,Jul,18,18/07/2013,,16.39578,119.90667,RVA3,,Mid,Diatom,Chaetoceros spp.,D-Chaetoceros spp.,1840
9518,2013,Jul,18,18/07/2013,,16.39578,119.90667,RVA3,,Mid,Diatom,Helicotheca tamensis,D-Helicotheca tamensis,400
9519,2013,Jul,18,18/07/2013,,16.39578,119.90667,RVA3,,Mid,Diatom,Pseudonitzschia spp.,D-Pseudonitzschia spp.,480
9520,2013,Jul,18,18/07/2013,,16.39578,119.90667,RVA3,,Mid,Diatom,Thalassiosira spp.,D-Thalassiosira spp.,80
9521,2013,Jul,18,18/07/2013,,16.39578,119.90667,RVA3,,Mid,Diatom,Thalassionema spp.,D-Thalassionema spp.,1120
9522,2013,Jul,18,18/07/2013,,16.39578,119.90667,RVA3,,NB,Diatom,Chaetoceros spp.,D-Chaetoceros spp.,4720
9523,2013,Jul,18,18/07/2013,,16.39578,119.90667,RVA3,,NB,Diatom,Guinardia,D-Guinardia,160
9524,2013,Jul,18,18/07/2013,,16.39578,119.90667,RVA3,,NB,Diatom,Helicotheca tamensis,D-Helicotheca tamensis,960
9525,2013,Jul,18,18/07/2013,,16.39578,119.90667,RVA3,,NB,Diatom,Pleurosigma spp.,D-Pleurosigma spp.,160
9526,2013,Jul,18,18/07/2013,,16.39578,119.90667,RVA3,,NB,Diatom,Pseudonitzschia spp.,D-Pseudonitzschia spp.,160
9527,2013,Jul,18,18/07/2013,,16.39578,119.90667,RVA3,,NB,Diatom,Rhizosolenia sp2,D-Rhizosolenia sp. 2,320
9528,2013,Jul,18,18/07/2013,,16.39578,119.90667,RVA3,,NB,Diatom,Thalassiosira spp.,D-Thalassiosira spp.,80
9529,2013,Jul,18,18/07/2013,,16.39578,119.90667,RVA3,,NB,Diatom,Thalassionema spp.,D-Thalassionema spp.,800
9530,2013,Jul,18,18/07/2013,,16.39578,119.90667,RVA3,,1,Diatom,Chaetoceros spp.,D-Chaetoceros spp.,15680
9531,2013,Jul,18,18/07/2013,,16.39578,119.90667,RVA3,,1,Diatom,Guinardia,D-Guinardia,1840
9532,2013,Jul,18,18/07/2013,,16.39578,119.90667,RVA3,,1,Diatom,Helicotheca tamensis,D-Helicotheca tamensis,5120
9533,2013,Jul,18,18/07/2013,,16.39578,119.90667,RVA3,,1,Dinoflagellate,Prorocentrum minimum,DF-Prorocentrum minimum,80
9534,2013,Jul,18,18/07/2013,,16.39578,119.90667,RVA3,,1,Diatom,Rhizosolenia sp2,D-Rhizosolenia sp. 2,400
9535,2013,Jul,18,18/07/2013,,16.39578,119.90667,RVA3,,1,Diatom,Thalassionema spp.,D-Thalassionema spp.,1600
9536,2013,Jul,18,18/07/2013,,16.30944,119.92063,TS1,,1,Diatom,Pleurosigma sp1,D-Pleurosigma sp. 1,480
9537,2013,Jul,18,18/07/2013,,16.30944,119.92063,TS1,,1,Dinoflagellate,Prorocentrum micans,DF-Prorocentrum micans,240
9538,2013,Jul,18,18/07/2013,,16.30944,119.92063,TS1,,1,Dinoflagellate,Protoperidinium spp.,DF-Protoperidinium spp.,320
9539,2013,Jul,18,18/07/2013,,16.30944,119.92063,TS1,,1,Diatom,Pseudonitzschia spp.,D-Pseudonitzschia spp.,560
9540,2013,Jul,18,18/07/2013,,16.30944,119.92063,TS1,,1,Diatom,Rhizosolenia sp2,D-Rhizosolenia sp. 2,480
9541,2013,Jul,18,18/07/2013,,16.30944,119.92063,TS1,,1,Diatom,Thalassiosira spp.,D-Thalassiosira spp.,80
9542,2013,Jul,18,18/07/2013,,16.30944,119.92063,TS1,,1,Silicoflagellate,Tintinopsis,SF-Tintinopsis,16960
9543,2013,Jul,18,18/07/2013,,16.38339,119.91585,TS2,,Mid,Diatom,Chaetoceros spp.,D-Chaetoceros spp.,1440
9544,2013,Jul,18,18/07/2013,,16.38339,119.91585,TS2,,Mid,Diatom,Guinardia,D-Guinardia,560
9545,2013,Jul,18,18/07/2013,,16.38339,119.91585,TS2,,Mid,Diatom,Helicotheca tamensis,D-Helicotheca tamensis,2240
9546,2013,Jul,18,18/07/2013,,16.38339,119.91585,TS2,,Mid,Diatom,Pseudonitzschia spp.,D-Pseudonitzschia spp.,1680
9547,2013,Jul,18,18/07/2013,,16.38339,119.91585,TS2,,Mid,Diatom,Rhizosolenia sp2,D-Rhizosolenia sp. 2,320
9548,2013,Jul,18,18/07/2013,,16.38339,119.91585,TS2,,Mid,Diatom,Thalassionema spp.,D-Thalassionema spp.,2000
9549,2013,Jul,18,18/07/2013,,16.38339,119.91585,TS2,,1,Dinoflagellate,Ceratium furca,DF-Ceratium furca,160
9550,2013,Jul,18,18/07/2013,,16.38339,119.91585,TS2,,1,Diatom,Chaetoceros spp.,D-Chaetoceros spp.,21520
9551,2013,Jul,18,18/07/2013,,16.38339,119.91585,TS2,,1,Diatom,Helicotheca tamensis,D-Helicotheca tamensis,7440
9552,2013,Jul,18,18/07/2013,,16.38339,119.91585,TS2,,1,Diatom,Pleurosigma spp.,D-Pleurosigma spp.,80
9553,2013,Jul,18,18/07/2013,,16.38339,119.91585,TS2,,1,Dinoflagellate,Prorocentrum micans,DF-Prorocentrum micans,80
9554,2013,Jul,18,18/07/2013,,16.38339,119.91585,TS2,,1,Diatom,Pseudonitzschia spp.,D-Pseudonitzschia spp.,160
9555,2013,Jul,18,18/07/2013,,16.38339,119.91585,TS2,,1,Diatom,Rhizosolenia sp2,D-Rhizosolenia sp. 2,880
9556,2013,Jul,18,18/07/2013,,16.38339,119.91585,TS2,,1,Diatom,Thalassiosira spp.,D-Thalassiosira spp.,160
9557,2013,Jul,18,18/07/2013,,16.38339,119.91585,TS2,,1,Silicoflagellate,Tintinopsis,SF-Tintinopsis,80
9558,2013,Jul,18,18/07/2013,,16.38339,119.91585,TS2,,1,Diatom,Thalassionema spp.,D-Thalassionema spp.,2080
9559,2013,Jul,18,18/07/2013,,16.34927,119.94606,W1,,1,Diatom,Chaetoceros spp.,D-Chaetoceros spp.,131440
9560,2013,Jul,18,18/07/2013,,16.34927,119.94606,W1,,1,Diatom,Cylindricotheca closterium,D-Cylindricotheca closterium,720
9561,2013,Jul,18,18/07/2013,,16.34927,119.94606,W1,,1,Diatom,Navicula  spp.,D-Navicula  spp.,13280
9562,2013,Jul,18,18/07/2013,,16.34927,119.94606,W1,,1,Diatom,Helicotheca tamensis,D-Helicotheca tamensis,70000
9563,2013,Jul,18,18/07/2013,,16.34927,119.94606,W1,,1,Diatom,Pseudonitzschia spp.,D-Pseudonitzschia spp.,17760
9564,2013,Jul,18,18/07/2013,,16.34927,119.94606,W1,,1,Diatom,Rhizosolenia sp2,D-Rhizosolenia sp. 2,4800
9565,2013,Jul,18,18/07/2013,,16.34927,119.94606,W1,,1,Diatom,Skeletonema,D-Skeletonema,1600
9566,2013,Jul,18,18/07/2013,,16.34927,119.94606,W1,,1,Diatom,Thalassiosira spp.,D-Thalassiosira spp.,3200
9567,2013,Jul,18,18/07/2013,,16.34927,119.94606,W1,,1,Diatom,Thalassionema spp.,D-Thalassionema spp.,16400
9568,2013,Jul,18,18/07/2013,,16.33668,119.94476,W2A,,1,Diatom,Chaetoceros spp.,D-Chaetoceros spp.,17520
9569,2013,Jul,18,18/07/2013,,16.33668,119.94476,W2A,,1,Diatom,Navicula  spp.,D-Navicula  spp.,80
9570,2013,Jul,18,18/07/2013,,16.33668,119.94476,W2A,,1,Diatom,Helicotheca tamensis,D-Helicotheca tamensis,24640
9571,2013,Jul,18,18/07/2013,,16.33668,119.94476,W2A,,1,Diatom,Pleurosigma sp1,D-Pleurosigma sp. 1,80
9572,2013,Jul,18,18/07/2013,,16.33668,119.94476,W2A,,1,Diatom,Pleurosigma spp.,D-Pleurosigma spp.,160
9573,2013,Jul,18,18/07/2013,,16.33668,119.94476,W2A,,1,Diatom,Pseudonitzschia spp.,D-Pseudonitzschia spp.,4320
9574,2013,Jul,18,18/07/2013,,16.33668,119.94476,W2A,,1,Diatom,Rhizosolenia sp2,D-Rhizosolenia sp. 2,2640
9575,2013,Jul,18,18/07/2013,,16.33668,119.94476,W2A,,1,Cyanobacteria,Trichodesmium sp.,CYN-Trichodesmium sp.,160
9576,2013,Jul,18,18/07/2013,,16.33668,119.94476,W2A,,1,Diatom,Thalassiosira spp.,D-Thalassiosira spp.,10080
9577,2013,Jul,18,18/07/2013,,16.33668,119.94476,W2A,,1,Silicoflagellate,Tintinopsis,SF-Tintinopsis,1360
9578,2013,Jul,18,18/07/2013,,16.37073,119.93401,W3,,NB,Diatom,Chaetoceros spp.,D-Chaetoceros spp.,22000
9579,2013,Jul,18,18/07/2013,,16.37073,119.93401,W3,,NB,Diatom,Helicotheca tamensis,D-Helicotheca tamensis,8080
9580,2013,Jul,18,18/07/2013,,16.37073,119.93401,W3,,NB,Dinoflagellate,Protoperidinium spp.,DF-Protoperidinium spp.,80
9581,2013,Jul,18,18/07/2013,,16.37073,119.93401,W3,,NB,Diatom,Pseudonitzschia spp.,D-Pseudonitzschia spp.,2880
9582,2013,Jul,18,18/07/2013,,16.37073,119.93401,W3,,NB,Diatom,Thalassionema spp.,D-Thalassionema spp.,3520
9583,2013,Jul,18,18/07/2013,,16.37073,119.93401,W3,,1,Diatom,Helicotheca tamensis,D-Helicotheca tamensis,800
9584,2013,Jul,18,18/07/2013,,16.37073,119.93401,W3,,1,Diatom,Pleurosigma sp1,D-Pleurosigma sp. 1,160
9585,2013,Jul,18,18/07/2013,,16.37073,119.93401,W3,,1,Diatom,Pleurosigma sp2,D-Pleurosigma sp. 2,1040
9586,2013,Jul,18,18/07/2013,,16.37073,119.93401,W3,,1,Diatom,Pleurosigma spp.,D-Pleurosigma spp.,80
9587,2013,Jul,18,18/07/2013,,16.37073,119.93401,W3,,1,Dinoflagellate,Prorocentrum micans,DF-Prorocentrum micans,80
9588,2013,Jul,18,18/07/2013,,16.37073,119.93401,W3,,1,Dinoflagellate,Protoperidinium spp.,DF-Protoperidinium spp.,80
9589,2013,Jul,18,18/07/2013,,16.37073,119.93401,W3,,1,Diatom,Pseudonitzschia spp.,D-Pseudonitzschia spp.,2960
9590,2013,Jul,18,18/07/2013,,16.37073,119.93401,W3,,1,Diatom,Rhizosolenia sp2,D-Rhizosolenia sp. 2,720
9591,2013,Jul,18,18/07/2013,,16.37073,119.93401,W3,,1,Diatom,Skeletonema,D-Skeletonema,3200
9592,2013,Jul,18,18/07/2013,,16.37073,119.93401,W3,,1,Silicoflagellate,Tintinopsis,SF-Tintinopsis,5120
9593,2013,Jul,18,18/07/2013,,16.34775,119.93452,W9,,1,Diatom,Chaetoceros spp.,D-Chaetoceros spp.,102000
9594,2013,Jul,18,18/07/2013,,16.34775,119.93452,W9,,1,Diatom,Helicotheca tamensis,D-Helicotheca tamensis,60480
9595,2013,Jul,18,18/07/2013,,16.34775,119.93452,W9,,1,Dinoflagellate,Protoperidinium spp.,DF-Protoperidinium spp.,80
9596,2013,Jul,18,18/07/2013,,16.34775,119.93452,W9,,1,Diatom,Pseudonitzschia spp.,D-Pseudonitzschia spp.,59440
9597,2013,Jul,18,18/07/2013,,16.34775,119.93452,W9,,1,Diatom,Rhizosolenia sp2,D-Rhizosolenia sp. 2,21520
9598,2013,Jul,18,18/07/2013,,16.34775,119.93452,W9,,1,Diatom,Thalassionema spp.,D-Thalassionema spp.,13440
9599,2013,Jul,18,18/07/2013,,16.38326,119.92616,W11,,NB,Diatom,Chaetoceros spp.,D-Chaetoceros spp.,6400
9600,2013,Jul,18,18/07/2013,,16.38326,119.92616,W11,,NB,Diatom,Helicotheca tamensis,D-Helicotheca tamensis,4560
9601,2013,Jul,18,18/07/2013,,16.38326,119.92616,W11,,NB,Diatom,Pseudonitzschia spp.,D-Pseudonitzschia spp.,1120
9602,2013,Jul,18,18/07/2013,,16.38326,119.92616,W11,,NB,Diatom,Rhizosolenia sp2,D-Rhizosolenia sp. 2,1520
9603,2013,Jul,18,18/07/2013,,16.38326,119.92616,W11,,NB,Diatom,Thalassiosira spp.,D-Thalassiosira spp.,160
9604,2013,Jul,18,18/07/2013,,16.38326,119.92616,W11,,NB,Diatom,Thalassionema spp.,D-Thalassionema spp.,1120
9605,2013,Jul,18,18/07/2013,,16.34775,119.93375,A1,,1,Diatom,Chaetoceros spp.,D-Chaetoceros spp.,42040
9606,2013,Jul,18,18/07/2013,,16.34775,119.93375,A1,,1,Diatom,Helicotheca tamensis,D-Helicotheca tamensis,57300
9607,2013,Jul,18,18/07/2013,,16.34775,119.93375,A1,,1,Diatom,Pseudonitzschia spp.,D-Pseudonitzschia spp.,980
9608,2013,Jul,18,18/07/2013,,16.34775,119.93375,A1,,1,Diatom,Rhizosolenia sp2,D-Rhizosolenia sp. 2,13060
9609,2013,Jul,18,18/07/2013,,16.34775,119.93375,A1,,1,Cyanobacteria,Trichodesmium sp.,CYN-Trichodesmium sp.,40
9610,2013,Jul,18,18/07/2013,,16.34775,119.93375,A1,,1,Diatom,Thalassionema spp.,D-Thalassionema spp.,1320
9611,2013,Jul,18,18/07/2013,,16.33431,119.95731,A3,,1,Dinoflagellate,Alexandrium spp.,DF-Alexandrium spp.,20
9612,2013,Jul,18,18/07/2013,,16.33431,119.95731,A3,,1,Diatom,Chaetoceros spp.,D-Chaetoceros spp.,152880
9613,2013,Jul,18,18/07/2013,,16.33431,119.95731,A3,,1,Diatom,Helicotheca tamensis,D-Helicotheca tamensis,25240
9614,2013,Jul,18,18/07/2013,,16.33431,119.95731,A3,,1,Dinoflagellate,Protoperidinium spp.,DF-Protoperidinium spp.,20
9615,2013,Jul,18,18/07/2013,,16.33431,119.95731,A3,,1,Diatom,Pseudonitzschia spp.,D-Pseudonitzschia spp.,36680
9616,2013,Jul,18,18/07/2013,,16.33431,119.95731,A3,,1,Diatom,Rhizosolenia sp2,D-Rhizosolenia sp. 2,5280
9617,2013,Jul,18,18/07/2013,,16.33431,119.95731,A3,,1,Diatom,Thalassiosira spp.,D-Thalassiosira spp.,16920
9618,2013,Jul,18,18/07/2013,,16.33431,119.95731,A3,,1,Diatom,Thalassionema spp.,D-Thalassionema spp.,1660
9619,2013,Jul,18,18/07/2013,,16.3743,119.93198,PP,,NB,Diatom,Chaetoceros spp.,D-Chaetoceros spp.,75760
9620,2013,Jul,18,18/07/2013,,16.3743,119.93198,PP,,NB,Diatom,Helicotheca tamensis,D-Helicotheca tamensis,25600
9621,2013,Jul,18,18/07/2013,,16.3743,119.93198,PP,,NB,Diatom,Pseudonitzschia spp.,D-Pseudonitzschia spp.,7380
9622,2013,Jul,18,18/07/2013,,16.3743,119.93198,PP,,NB,Diatom,Rhizosolenia sp2,D-Rhizosolenia sp. 2,2260
9623,2013,Jul,18,18/07/2013,,16.3743,119.93198,PP,,NB,Diatom,Skeletonema,D-Skeletonema,1080
9624,2013,Jul,18,18/07/2013,,16.3743,119.93198,PP,,NB,Cyanobacteria,Trichodesmium sp.,CYN-Trichodesmium sp.,20
9625,2013,Jul,18,18/07/2013,,16.3743,119.93198,PP,,NB,Diatom,Thalassiosira spp.,D-Thalassiosira spp.,180
9626,2013,Jul,18,18/07/2013,,16.3743,119.93198,PP,,1,Diatom,Chaetoceros spp.,D-Chaetoceros spp.,169900
9627,2013,Jul,18,18/07/2013,,16.3743,119.93198,PP,,1,Diatom,Helicotheca tamensis,D-Helicotheca tamensis,45520
9628,2013,Jul,18,18/07/2013,,16.3743,119.93198,PP,,1,Diatom,Pseudonitzschia spp.,D-Pseudonitzschia spp.,1920
9629,2013,Jul,18,18/07/2013,,16.3743,119.93198,PP,,1,Diatom,Rhizosolenia sp2,D-Rhizosolenia sp. 2,1220
9630,2013,Jul,18,18/07/2013,,16.3743,119.93198,PP,,1,Diatom,Thalassionema spp.,D-Thalassionema spp.,1820
9631,2013,Jul,18,18/07/2013,,16.30944,119.92063,TS1,,NB,Diatom,Helicotheca tamensis,D-Helicotheca tamensis,80
9632,2013,Jul,18,18/07/2013,,16.30944,119.92063,TS1,,NB,Silicoflagellate,Favella sp.,SF-Favella sp.,20
9633,2013,Jul,18,18/07/2013,,16.30944,119.92063,TS1,,NB,Diatom,Pleurosigma sp1,D-Pleurosigma sp. 1,60
9634,2013,Jul,18,18/07/2013,,16.30944,119.92063,TS1,,NB,Diatom,Pleurosigma sp2,D-Pleurosigma sp. 2,360
9635,2013,Jul,18,18/07/2013,,16.30944,119.92063,TS1,,NB,Dinoflagellate,Protoperidinium spp.,DF-Protoperidinium spp.,20
9636,2013,Jul,18,18/07/2013,,16.30944,119.92063,TS1,,NB,Diatom,Pseudonitzschia spp.,D-Pseudonitzschia spp.,980
9637,2013,Jul,18,18/07/2013,,16.30944,119.92063,TS1,,NB,Diatom,Rhizosolenia sp2,D-Rhizosolenia sp. 2,940
9638,2013,Jul,18,18/07/2013,,16.30944,119.92063,TS1,,NB,Diatom,Skeletonema,D-Skeletonema,4640
9639,2013,Jul,18,18/07/2013,,16.30944,119.92063,TS1,,NB,Diatom,Thalassiosira spp.,D-Thalassiosira spp.,6080
9640,2013,Jul,18,18/07/2013,,16.30944,119.92063,TS1,,NB,Silicoflagellate,Tintinopsis,SF-Tintinopsis,44640
9641,2013,Jul,18,18/07/2013,,16.38339,119.91585,TS2,,NB,Cyanobacteria,Trichodesmium sp.,CYN-Trichodesmium sp.,20
9642,2013,Jul,18,18/07/2013,,16.38339,119.91585,TS2,,NB,Diatom,Thalassiosira spp.,D-Thalassiosira spp.,20
9643,2013,Jul,18,18/07/2013,,16.37073,119.93401,W3(2),,1,Diatom,Chaetoceros spp.,D-Chaetoceros spp.,7740
9644,2013,Jul,18,18/07/2013,,16.37073,119.93401,W3(2),,1,Diatom,Helicotheca tamensis,D-Helicotheca tamensis,33080
9645,2013,Jul,18,18/07/2013,,16.37073,119.93401,W3(2),,1,Diatom,Pleurosigma sp1,D-Pleurosigma sp. 1,20
9646,2013,Jul,18,18/07/2013,,16.37073,119.93401,W3(2),,1,Diatom,Pseudonitzschia spp.,D-Pseudonitzschia spp.,1960
9647,2013,Jul,18,18/07/2013,,16.37073,119.93401,W3(2),,1,Diatom,Rhizosolenia sp2,D-Rhizosolenia sp. 2,1640
9648,2013,Jul,18,18/07/2013,,16.37052,119.94857,W10,,1,Diatom,Chaetoceros spp.,D-Chaetoceros spp.,57840
9649,2013,Jul,18,18/07/2013,,16.37052,119.94857,W10,,1,Diatom,Helicotheca tamensis,D-Helicotheca tamensis,94360
9650,2013,Jul,18,18/07/2013,,16.37052,119.94857,W10,,1,Dinoflagellate,Protoperidinium spp.,DF-Protoperidinium spp.,100
9651,2013,Jul,18,18/07/2013,,16.37052,119.94857,W10,,1,Diatom,Pseudonitzschia spp.,D-Pseudonitzschia spp.,400
9652,2013,Jul,18,18/07/2013,,16.37052,119.94857,W10,,1,Diatom,Rhizosolenia sp2,D-Rhizosolenia sp. 2,2780
9653,2013,Jul,18,18/07/2013,,16.37052,119.94857,W10,,1,Diatom,Skeletonema,D-Skeletonema,240
9654,2013,Jul,18,18/07/2013,,16.37052,119.94857,W10,,1,Diatom,Thalassiosira spp.,D-Thalassiosira spp.,460
9655,2013,Jul,18,18/07/2013,,16.38326,119.92616,W11,,Mid,Diatom,Chaetoceros spp.,D-Chaetoceros spp.,85620
9656,2013,Jul,18,18/07/2013,,16.38326,119.92616,W11,,Mid,Diatom,Guinardia,D-Guinardia,120
9657,2013,Jul,18,18/07/2013,,16.38326,119.92616,W11,,Mid,Diatom,Navicula  spp.,D-Navicula  spp.,21760
9658,2013,Jul,18,18/07/2013,,16.38326,119.92616,W11,,Mid,Diatom,Helicotheca tamensis,D-Helicotheca tamensis,32020
9659,2013,Jul,18,18/07/2013,,16.38326,119.92616,W11,,Mid,Diatom,Rhizosolenia sp2,D-Rhizosolenia sp. 2,1080
9660,2013,Jul,22,22/07/2013,,16.34775,119.93375,A1,,1,Diatom,Chaetoceros spp.,D-Chaetoceros spp.,2160
9661,2013,Jul,22,22/07/2013,,16.34775,119.93375,A1,,1,Diatom,Pleurosigma sp1,D-Pleurosigma sp. 1,20
9662,2013,Jul,22,22/07/2013,,16.34775,119.93375,A1,,1,Diatom,Pleurosigma spp.,D-Pleurosigma spp.,20
9663,2013,Jul,22,22/07/2013,,16.34775,119.93375,A1,,1,Dinoflagellate,Protoperidinium spp.,DF-Protoperidinium spp.,60
9664,2013,Jul,22,22/07/2013,,16.34775,119.93375,A1,,1,Diatom,Pseudonitzschia spp.,D-Pseudonitzschia spp.,400
9665,2013,Jul,22,22/07/2013,,16.34775,119.93375,A1,,1,Diatom,Rhizosolenia sp2,D-Rhizosolenia sp. 2,200
9666,2013,Jul,22,22/07/2013,,16.34775,119.93375,A1,,1,Dinoflagellate,Scrippsiella spinifera,DF-Scrippsiella spinifera,20
9667,2013,Jul,22,22/07/2013,,16.34775,119.93375,A1,,1,Diatom,Skeletonema,D-Skeletonema,500
9668,2013,Jul,22,22/07/2013,,16.34775,119.93375,A1,,1,Cyanobacteria,Trichodesmium sp.,CYN-Trichodesmium sp.,20
9669,2013,Jul,22,22/07/2013,,16.34775,119.93375,A1,,1,Diatom,Helicotheca tamensis,D-Helicotheca tamensis,9020
9670,2013,Jul,22,22/07/2013,,16.34775,119.93375,A1,,1,Diatom,Thalassiosira spp.,D-Thalassiosira spp.,120
9671,2013,Jul,22,22/07/2013,,16.34775,119.93375,A1,,1,Silicoflagellate,Tintinopsis,SF-Tintinopsis,20
9672,2013,Jul,22,22/07/2013,,16.34775,119.93375,A1,,1,Dinoflagellate,Prorocentrum  minimum,DF-Prorocentrum  minimum,620
9673,2013,Jul,22,22/07/2013,,16.30944,119.92063,TS1,,NB,Silicoflagellate,Favella sp.,SF-Favella sp.,20
9674,2013,Jul,22,22/07/2013,,16.30944,119.92063,TS1,,NB,Diatom,Pseudonitzschia spp.,D-Pseudonitzschia spp.,160
9675,2013,Jul,22,22/07/2013,,16.30944,119.92063,TS1,,NB,Diatom,Rhizosolenia sp2,D-Rhizosolenia sp. 2,860
9676,2013,Jul,22,22/07/2013,,16.30944,119.92063,TS1,,NB,Diatom,Helicotheca tamensis,D-Helicotheca tamensis,39780
9677,2013,Jul,22,22/07/2013,,16.30944,119.92063,TS1,,NB,Silicoflagellate,Tintinopsis,SF-Tintinopsis,320
9678,2013,Jul,22,22/07/2013,,16.38326,119.92616,W11,,1,Diatom,Chaetoceros spp.,D-Chaetoceros spp.,69900
9679,2013,Jul,22,22/07/2013,,16.38326,119.92616,W11,,1,Diatom,Helicotheca tamensis,D-Helicotheca tamensis,46440
9680,2013,Jul,22,22/07/2013,,16.38326,119.92616,W11,,1,Diatom,Rhizosolenia sp2,D-Rhizosolenia sp. 2,1380
9681,2013,Jul,22,22/07/2013,,16.38326,119.92616,W11,,1,Diatom,Thalassionema spp.,D-Thalassionema spp.,2340
9682,2013,Jul,22,22/07/2013,,16.3743,119.93198,PP,,NB,Diatom,Chaetoceros spp.,D-Chaetoceros spp.,440
9683,2013,Jul,22,22/07/2013,,16.3743,119.93198,PP,,NB,Silicoflagellate,Favella sp.,SF-Favella sp.,20
9684,2013,Jul,22,22/07/2013,,16.3743,119.93198,PP,,NB,Diatom,Pseudonitzschia spp.,D-Pseudonitzschia spp.,1380
9685,2013,Jul,22,22/07/2013,,16.3743,119.93198,PP,,NB,Diatom,Rhizosolenia sp2,D-Rhizosolenia sp. 2,660
9686,2013,Jul,22,22/07/2013,,16.3743,119.93198,PP,,NB,Cyanobacteria,Trichodesmium sp.,CYN-Trichodesmium sp.,20
9687,2013,Jul,22,22/07/2013,,16.3743,119.93198,PP,,NB,Diatom,Helicotheca tamensis,D-Helicotheca tamensis,24960
9688,2013,Jul,22,22/07/2013,,16.3743,119.93198,PP,,NB,Diatom,Thalassionema spp.,D-Thalassionema spp.,1380
9689,2013,Jul,22,22/07/2013,,16.34775,119.93452,A2,,1,Diatom,Chaetoceros spp.,D-Chaetoceros spp.,160
9690,2013,Jul,22,22/07/2013,,16.34775,119.93452,A2,,1,Diatom,Pleurosigma sp1,D-Pleurosigma sp. 1,60
9691,2013,Jul,22,22/07/2013,,16.34775,119.93452,A2,,1,Dinoflagellate,Prorocentrum micans,DF-Prorocentrum micans,40
9692,2013,Jul,22,22/07/2013,,16.34775,119.93452,A2,,1,Dinoflagellate,Protoperinium oblongum,DF-Protoperinium oblongum,20
9693,2013,Jul,22,22/07/2013,,16.34775,119.93452,A2,,1,Diatom,Pseudonitzschia spp.,D-Pseudonitzschia spp.,820
9694,2013,Jul,22,22/07/2013,,16.34775,119.93452,A2,,1,Diatom,Rhizosolenia sp2,D-Rhizosolenia sp. 2,3080
9695,2013,Jul,22,22/07/2013,,16.34775,119.93452,A2,,1,Diatom,Skeletonema,D-Skeletonema,440
9696,2013,Jul,22,22/07/2013,,16.34775,119.93452,A2,,1,Diatom,Helicotheca tamensis,D-Helicotheca tamensis,1220
9697,2013,Jul,22,22/07/2013,,16.34775,119.93452,A2,,1,Diatom,Thalassiosira spp.,D-Thalassiosira spp.,160
9698,2013,Jul,22,22/07/2013,,16.34775,119.93452,A2,,1,Silicoflagellate,Tintinopsis,SF-Tintinopsis,280
9699,2013,Jul,22,22/07/2013,,16.33431,119.95731,A3,,1,Dinoflagellate,Ceratium furca,DF-Ceratium furca,80
9700,2013,Jul,22,22/07/2013,,16.33431,119.95731,A3,,1,Diatom,Chaetoceros spp.,D-Chaetoceros spp.,1280
9701,2013,Jul,22,22/07/2013,,16.33431,119.95731,A3,,1,Diatom,Navicula  spp.,D-Navicula  spp.,80
9702,2013,Jul,22,22/07/2013,,16.33431,119.95731,A3,,1,Silicoflagellate,Favella sp.,SF-Favella sp.,80
9703,2013,Jul,22,22/07/2013,,16.33431,119.95731,A3,,1,Diatom,Pleurosigma sp1,D-Pleurosigma sp. 1,400
9704,2013,Jul,22,22/07/2013,,16.33431,119.95731,A3,,1,Dinoflagellate,Protoperidinium spp.,DF-Protoperidinium spp.,240
9705,2013,Jul,22,22/07/2013,,16.33431,119.95731,A3,,1,Diatom,Pseudonitzschia spp.,D-Pseudonitzschia spp.,880
9706,2013,Jul,22,22/07/2013,,16.33431,119.95731,A3,,1,Diatom,Rhizosolenia sp2,D-Rhizosolenia sp. 2,4560
9707,2013,Jul,22,22/07/2013,,16.33431,119.95731,A3,,1,Cyanobacteria,Trichodesmium sp.,CYN-Trichodesmium sp.,80
9708,2013,Jul,22,22/07/2013,,16.33431,119.95731,A3,,1,Diatom,Helicotheca tamensis,D-Helicotheca tamensis,16800
9709,2013,Jul,22,22/07/2013,,16.33431,119.95731,A3,,1,Diatom,Thalassionema spp.,D-Thalassionema spp.,160
9710,2013,Jul,22,22/07/2013,,16.33431,119.95731,A3,,1,Silicoflagellate,Tintinopsis,SF-Tintinopsis,160
9711,2013,Jul,22,22/07/2013,,16.28459,119.92285,A4,,1,Diatom,Navicula  spp.,D-Navicula  spp.,80
9712,2013,Jul,22,22/07/2013,,16.28459,119.92285,A4,,1,Silicoflagellate,Favella sp.,SF-Favella sp.,80
9713,2013,Jul,22,22/07/2013,,16.28459,119.92285,A4,,1,Diatom,Pleurosigma sp1,D-Pleurosigma sp. 1,880
9714,2013,Jul,22,22/07/2013,,16.28459,119.92285,A4,,1,Diatom,Pleurosigma spp.,D-Pleurosigma spp.,160
9715,2013,Jul,22,22/07/2013,,16.28459,119.92285,A4,,1,Dinoflagellate,Prorocentrum micans,DF-Prorocentrum micans,80
9716,2013,Jul,22,22/07/2013,,16.28459,119.92285,A4,,1,Dinoflagellate,Protoperidinium spp.,DF-Protoperidinium spp.,160
9717,2013,Jul,22,22/07/2013,,16.28459,119.92285,A4,,1,Diatom,Pseudonitzschia spp.,D-Pseudonitzschia spp.,1520
9718,2013,Jul,22,22/07/2013,,16.28459,119.92285,A4,,1,Diatom,Rhizosolenia sp2,D-Rhizosolenia sp. 2,1760
9719,2013,Jul,22,22/07/2013,,16.28459,119.92285,A4,,1,Diatom,Helicotheca tamensis,D-Helicotheca tamensis,9040
9720,2013,Jul,22,22/07/2013,,16.28459,119.92285,A4,,1,Diatom,Thalassiosira spp.,D-Thalassiosira spp.,400
9721,2013,Jul,22,22/07/2013,,16.28459,119.92285,A4,,1,Silicoflagellate,Tintinopsis,SF-Tintinopsis,4400
9722,2013,Jul,22,22/07/2013,,16.27365,119.92599,A5,,1,Dinoflagellate,Gonyaulax verior,DF-Gonyaulax verior,80
9723,2013,Jul,22,22/07/2013,,16.27365,119.92599,A5,,1,Dinoflagellate,Oxytoxum spp.,DF-Oxytoxum spp.,80
9724,2013,Jul,22,22/07/2013,,16.27365,119.92599,A5,,1,Diatom,Pleurosigma sp1,D-Pleurosigma sp. 1,320
9725,2013,Jul,22,22/07/2013,,16.27365,119.92599,A5,,1,Dinoflagellate,Phalacroma  spp.,DF-Phalacroma  spp.,80
9726,2013,Jul,22,22/07/2013,,16.27365,119.92599,A5,,1,Dinoflagellate,Prorocentrum micans,DF-Prorocentrum micans,240
9727,2013,Jul,22,22/07/2013,,16.27365,119.92599,A5,,1,Dinoflagellate,Protoperidinium spp.,DF-Protoperidinium spp.,240
9728,2013,Jul,22,22/07/2013,,16.27365,119.92599,A5,,1,Diatom,Pseudonitzschia spp.,D-Pseudonitzschia spp.,1840
9729,2013,Jul,22,22/07/2013,,16.27365,119.92599,A5,,1,Diatom,Rhizosolenia sp2,D-Rhizosolenia sp. 2,2640
9730,2013,Jul,22,22/07/2013,,16.27365,119.92599,A5,,1,Diatom,Helicotheca tamensis,D-Helicotheca tamensis,5040
9731,2013,Jul,22,22/07/2013,,16.27365,119.92599,A5,,1,Silicoflagellate,Tintinopsis,SF-Tintinopsis,640
9732,2013,Jul,22,22/07/2013,,16.27365,119.92599,A5,,1,Diatom,Thalassionema spp.,D-Thalassionema spp.,240
9733,2013,Jul,22,22/07/2013,,16.3743,119.93198,PP,,1,Diatom,Chaetoceros spp.,D-Chaetoceros spp.,13680
9734,2013,Jul,22,22/07/2013,,16.3743,119.93198,PP,,1,Diatom,Cylindricotheca closterium,D-Cylindricotheca closterium,80
9735,2013,Jul,22,22/07/2013,,16.3743,119.93198,PP,,1,Diatom,Guinardia,D-Guinardia,320
9736,2013,Jul,22,22/07/2013,,16.3743,119.93198,PP,,1,Silicoflagellate,Favella sp.,SF-Favella sp.,160
9737,2013,Jul,22,22/07/2013,,16.3743,119.93198,PP,,1,Diatom,Pleurosigma sp1,D-Pleurosigma sp. 1,160
9738,2013,Jul,22,22/07/2013,,16.3743,119.93198,PP,,1,Dinoflagellate,Prorocentrum micans,DF-Prorocentrum micans,80
9739,2013,Jul,22,22/07/2013,,16.3743,119.93198,PP,,1,Dinoflagellate,Protoperinium oblongum,DF-Protoperinium oblongum,80
9740,2013,Jul,22,22/07/2013,,16.3743,119.93198,PP,,1,Diatom,Pseudonitzschia spp.,D-Pseudonitzschia spp.,7520
9741,2013,Jul,22,22/07/2013,,16.3743,119.93198,PP,,1,Diatom,Rhizosolenia sp2,D-Rhizosolenia sp. 2,4960
9742,2013,Jul,22,22/07/2013,,16.3743,119.93198,PP,,1,Diatom,Skeletonema,D-Skeletonema,400
9743,2013,Jul,22,22/07/2013,,16.3743,119.93198,PP,,1,Cyanobacteria,Trichodesmium sp.,CYN-Trichodesmium sp.,80
9744,2013,Jul,22,22/07/2013,,16.3743,119.93198,PP,,1,Diatom,Helicotheca tamensis,D-Helicotheca tamensis,6400
9745,2013,Jul,22,22/07/2013,,16.3743,119.93198,PP,,1,Diatom,Thalassionema spp.,D-Thalassionema spp.,160
9746,2013,Jul,22,22/07/2013,,16.3743,119.93198,PP,,1,Diatom,Thalassiosira spp.,D-Thalassiosira spp.,80
9747,2013,Jul,22,22/07/2013,,16.3743,119.93198,PP,,1,Silicoflagellate,Tintinopsis,SF-Tintinopsis,240
9748,2013,Jul,22,22/07/2013,,16.3743,119.93198,PP,,1,Diatom,Thalassionema spp.,D-Thalassionema spp.,1520
9749,2013,Jul,22,22/07/2013,,16.39578,119.90667,RVA3,,Mid,Diatom,Helicotheca tamensis,D-Helicotheca tamensis,320
9750,2013,Jul,22,22/07/2013,,16.39578,119.90667,RVA3,,Mid,Diatom,Pseudonitzschia spp.,D-Pseudonitzschia spp.,880
9751,2013,Jul,22,22/07/2013,,16.39578,119.90667,RVA3,,Mid,Diatom,Thalassionema spp.,D-Thalassionema spp.,3360
9752,2013,Jul,22,22/07/2013,,16.39578,119.90667,RVA3,,NB,Diatom,Coscinodiscus spp.,D-Coscinodiscus spp.,160
9753,2013,Jul,22,22/07/2013,,16.39578,119.90667,RVA3,,NB,Diatom,Helicotheca tamensis,D-Helicotheca tamensis,1120
9754,2013,Jul,22,22/07/2013,,16.39578,119.90667,RVA3,,NB,Diatom,Pseudonitzschia spp.,D-Pseudonitzschia spp.,320
9755,2013,Jul,22,22/07/2013,,16.39578,119.90667,RVA3,,NB,Diatom,Rhizosolenia sp2,D-Rhizosolenia sp. 2,320
9756,2013,Jul,22,22/07/2013,,16.39578,119.90667,RVA3,,NB,Diatom,Thalassionema spp.,D-Thalassionema spp.,640
9757,2013,Jul,22,22/07/2013,,16.39578,119.90667,RVA3,,1,Diatom,Chaetoceros spp.,D-Chaetoceros spp.,2960
9758,2013,Jul,22,22/07/2013,,16.39578,119.90667,RVA3,,1,Diatom,Guinardia,D-Guinardia,320
9759,2013,Jul,22,22/07/2013,,16.39578,119.90667,RVA3,,1,Diatom,Pleurosigma spp.,D-Pleurosigma spp.,240
9760,2013,Jul,22,22/07/2013,,16.39578,119.90667,RVA3,,1,Dinoflagellate,Prorocentrum micans,DF-Prorocentrum micans,80
9761,2013,Jul,22,22/07/2013,,16.39578,119.90667,RVA3,,1,Diatom,Pseudonitzschia spp.,D-Pseudonitzschia spp.,3280
9762,2013,Jul,22,22/07/2013,,16.39578,119.90667,RVA3,,1,Diatom,Rhizosolenia sp2,D-Rhizosolenia sp. 2,3200
9763,2013,Jul,22,22/07/2013,,16.39578,119.90667,RVA3,,1,Diatom,Skeletonema,D-Skeletonema,1360
9764,2013,Jul,22,22/07/2013,,16.39578,119.90667,RVA3,,1,Diatom,Helicotheca tamensis,D-Helicotheca tamensis,1120
9765,2013,Jul,22,22/07/2013,,16.39578,119.90667,RVA3,,1,Diatom,Thalassionema spp.,D-Thalassionema spp.,320
9766,2013,Jul,22,22/07/2013,,16.39578,119.90667,RVA3,,1,Silicoflagellate,Tintinopsis,SF-Tintinopsis,160
9767,2013,Jul,22,22/07/2013,,16.39578,119.90667,RVA3,,1,Diatom,Thalassionema spp.,D-Thalassionema spp.,6720
9768,2013,Jul,22,22/07/2013,,16.30944,119.92063,TS1,,1,Diatom,Chaetoceros spp.,D-Chaetoceros spp.,3440
9769,2013,Jul,22,22/07/2013,,16.30944,119.92063,TS1,,1,Diatom,Cylindricotheca closterium,D-Cylindricotheca closterium,80
9770,2013,Jul,22,22/07/2013,,16.30944,119.92063,TS1,,1,Diatom,Helicotheca tamensis,D-Helicotheca tamensis,26560
9771,2013,Jul,22,22/07/2013,,16.30944,119.92063,TS1,,1,Diatom,Pleurosigma sp1,D-Pleurosigma sp. 1,160
9772,2013,Jul,22,22/07/2013,,16.30944,119.92063,TS1,,1,Diatom,Pleurosigma spp.,D-Pleurosigma spp.,80
9773,2013,Jul,22,22/07/2013,,16.30944,119.92063,TS1,,1,Diatom,Pleurosigma sp2,D-Pleurosigma sp. 2,80
9774,2013,Jul,22,22/07/2013,,16.30944,119.92063,TS1,,1,Dinoflagellate,Prorocentrum micans,DF-Prorocentrum micans,80
9775,2013,Jul,22,22/07/2013,,16.30944,119.92063,TS1,,1,Diatom,Pseudonitzschia spp.,D-Pseudonitzschia spp.,3520
9776,2013,Jul,22,22/07/2013,,16.30944,119.92063,TS1,,1,Diatom,Rhizosolenia sp2,D-Rhizosolenia sp. 2,2160
9777,2013,Jul,22,22/07/2013,,16.30944,119.92063,TS1,,1,Diatom,Skeletonema,D-Skeletonema,720
9778,2013,Jul,22,22/07/2013,,16.30944,119.92063,TS1,,1,Diatom,Thalassiosira spp.,D-Thalassiosira spp.,400
9779,2013,Jul,22,22/07/2013,,16.30944,119.92063,TS1,,1,Silicoflagellate,Tintinopsis,SF-Tintinopsis,720
9780,2013,Jul,22,22/07/2013,,16.38339,119.91585,TS2,,Mid,Diatom,Chaetoceros spp.,D-Chaetoceros spp.,2320
9781,2013,Jul,22,22/07/2013,,16.38339,119.91585,TS2,,Mid,Silicoflagellate,Favella sp.,SF-Favella sp.,80
9782,2013,Jul,22,22/07/2013,,16.38339,119.91585,TS2,,Mid,Diatom,Pleurosigma spp.,D-Pleurosigma spp.,80
9783,2013,Jul,22,22/07/2013,,16.38339,119.91585,TS2,,Mid,Diatom,Pseudonitzschia spp.,D-Pseudonitzschia spp.,2640
9784,2013,Jul,22,22/07/2013,,16.38339,119.91585,TS2,,Mid,Diatom,Rhizosolenia sp2,D-Rhizosolenia sp. 2,2320
9785,2013,Jul,22,22/07/2013,,16.38339,119.91585,TS2,,Mid,Diatom,Helicotheca tamensis,D-Helicotheca tamensis,24000
9786,2013,Jul,22,22/07/2013,,16.38339,119.91585,TS2,,Mid,Diatom,Thalassionema spp.,D-Thalassionema spp.,4080
9787,2013,Jul,22,22/07/2013,,16.38339,119.91585,TS2,,NB,Silicoflagellate,Favella sp.,SF-Favella sp.,80
9788,2013,Jul,22,22/07/2013,,16.38339,119.91585,TS2,,NB,Diatom,Rhizosolenia sp2,D-Rhizosolenia sp. 2,160
9789,2013,Jul,22,22/07/2013,,16.38339,119.91585,TS2,,NB,Diatom,Helicotheca tamensis,D-Helicotheca tamensis,4000
9790,2013,Jul,22,22/07/2013,,16.38339,119.91585,TS2,,NB,Diatom,Thalassiosira spp.,D-Thalassiosira spp.,80
9791,2013,Jul,22,22/07/2013,,16.38339,119.91585,TS2,,NB,Silicoflagellate,Tintinopsis,SF-Tintinopsis,80
9792,2013,Jul,22,22/07/2013,,16.38339,119.91585,TS2,,NB,Diatom,Thalassionema spp.,D-Thalassionema spp.,960
9793,2013,Jul,22,22/07/2013,,16.38339,119.91585,TS2,,1,Dinoflagellate,Ceratium furca,DF-Ceratium furca,80
9794,2013,Jul,22,22/07/2013,,16.38339,119.91585,TS2,,1,Diatom,Chaetoceros spp.,D-Chaetoceros spp.,1520
9795,2013,Jul,22,22/07/2013,,16.38339,119.91585,TS2,,1,Diatom,Coscinodiscus spp.,D-Coscinodiscus spp.,80
9796,2013,Jul,22,22/07/2013,,16.38339,119.91585,TS2,,1,Diatom,Navicula  spp.,D-Navicula  spp.,160
9797,2013,Jul,22,22/07/2013,,16.38339,119.91585,TS2,,1,Diatom,Helicotheca tamensis,D-Helicotheca tamensis,4800
9798,2013,Jul,22,22/07/2013,,16.38339,119.91585,TS2,,1,Diatom,Pleurosigma sp1,D-Pleurosigma sp. 1,160
9799,2013,Jul,22,22/07/2013,,16.38339,119.91585,TS2,,1,Dinoflagellate,Prorocentrum micans,DF-Prorocentrum micans,240
9800,2013,Jul,22,22/07/2013,,16.38339,119.91585,TS2,,1,Diatom,Pseudonitzschia spp.,D-Pseudonitzschia spp.,6800
9801,2013,Jul,22,22/07/2013,,16.38339,119.91585,TS2,,1,Diatom,Rhizosolenia sp2,D-Rhizosolenia sp. 2,3440
9802,2013,Jul,22,22/07/2013,,16.38339,119.91585,TS2,,1,Diatom,Thalassiosira spp.,D-Thalassiosira spp.,80
9803,2013,Jul,22,22/07/2013,,16.38339,119.91585,TS2,,1,Silicoflagellate,Tintinopsis,SF-Tintinopsis,160
9804,2013,Jul,22,22/07/2013,,16.38339,119.91585,TS2,,1,Diatom,Thalassionema spp.,D-Thalassionema spp.,3520
9805,2013,Jul,22,22/07/2013,,16.34927,119.94606,W1,,1,Diatom,Chaetoceros spp.,D-Chaetoceros spp.,5760
9806,2013,Jul,22,22/07/2013,,16.34927,119.94606,W1,,1,Diatom,Coscinodiscus spp.,D-Coscinodiscus spp.,80
9807,2013,Jul,22,22/07/2013,,16.34927,119.94606,W1,,1,Diatom,Cylindricotheca closterium,D-Cylindricotheca closterium,80
9808,2013,Jul,22,22/07/2013,,16.34927,119.94606,W1,,1,Diatom,Helicotheca tamensis,D-Helicotheca tamensis,49840
9809,2013,Jul,22,22/07/2013,,16.34927,119.94606,W1,,1,Silicoflagellate,Favella sp.,SF-Favella sp.,80
9810,2013,Jul,22,22/07/2013,,16.34927,119.94606,W1,,1,Diatom,Pleurosigma sp1,D-Pleurosigma sp. 1,80
9811,2013,Jul,22,22/07/2013,,16.34927,119.94606,W1,,1,Diatom,Pleurosigma spp.,D-Pleurosigma spp.,320
9812,2013,Jul,22,22/07/2013,,16.34927,119.94606,W1,,1,Dinoflagellate,Prorocentrum micans,DF-Prorocentrum micans,80
9813,2013,Jul,22,22/07/2013,,16.34927,119.94606,W1,,1,Diatom,Pseudonitzschia spp.,D-Pseudonitzschia spp.,3840
9814,2013,Jul,22,22/07/2013,,16.34927,119.94606,W1,,1,Diatom,Rhizosolenia sp2,D-Rhizosolenia sp. 2,4240
9815,2013,Jul,22,22/07/2013,,16.34927,119.94606,W1,,1,Diatom,Skeletonema,D-Skeletonema,480
9816,2013,Jul,22,22/07/2013,,16.34927,119.94606,W1,,1,Cyanobacteria,Trichodesmium sp.,CYN-Trichodesmium sp.,80
9817,2013,Jul,22,22/07/2013,,16.34927,119.94606,W1,,1,Diatom,Thalassiosira spp.,D-Thalassiosira spp.,80
9818,2013,Jul,22,22/07/2013,,16.34927,119.94606,W1,,1,Silicoflagellate,Tintinopsis,SF-Tintinopsis,80
9819,2013,Jul,22,22/07/2013,,16.34927,119.94606,W1,,1,Diatom,Thalassionema spp.,D-Thalassionema spp.,1760
9820,2013,Jul,22,22/07/2013,,16.37073,119.93401,W3,,1,Diatom,Chaetoceros spp.,D-Chaetoceros spp.,19040
9821,2013,Jul,22,22/07/2013,,16.37073,119.93401,W3,,1,Dinoflagellate,Protoperinium oblongum,DF-Protoperinium oblongum,80
9822,2013,Jul,22,22/07/2013,,16.37073,119.93401,W3,,1,Diatom,Pseudonitzschia spp.,D-Pseudonitzschia spp.,3200
9823,2013,Jul,22,22/07/2013,,16.37073,119.93401,W3,,1,Diatom,Rhizosolenia sp2,D-Rhizosolenia sp. 2,2000
9824,2013,Jul,22,22/07/2013,,16.37073,119.93401,W3,,1,Diatom,Helicotheca tamensis,D-Helicotheca tamensis,9760
9825,2013,Jul,22,22/07/2013,,16.37073,119.93401,W3,,1,Diatom,Thalassiosira spp.,D-Thalassiosira spp.,80
9826,2013,Jul,22,22/07/2013,,16.37073,119.93401,W3,,1,Diatom,Thalassionema spp.,D-Thalassionema spp.,1760
9827,2013,Jul,22,22/07/2013,,16.33668,119.94476,W2A,,1,Diatom,Chaetoceros spp.,D-Chaetoceros spp.,1040
9828,2013,Jul,22,22/07/2013,,16.33668,119.94476,W2A,,1,Diatom,Cylindricotheca closterium,D-Cylindricotheca closterium,80
9829,2013,Jul,22,22/07/2013,,16.33668,119.94476,W2A,,1,Diatom,Pleurosigma spp.,D-Pleurosigma spp.,160
9830,2013,Jul,22,22/07/2013,,16.33668,119.94476,W2A,,1,Diatom,Pseudonitzschia spp.,D-Pseudonitzschia spp.,320
9831,2013,Jul,22,22/07/2013,,16.33668,119.94476,W2A,,1,Diatom,Rhizosolenia sp2,D-Rhizosolenia sp. 2,1280
9832,2013,Jul,22,22/07/2013,,16.33668,119.94476,W2A,,1,Diatom,Helicotheca tamensis,D-Helicotheca tamensis,18720
9833,2013,Jul,22,22/07/2013,,16.33668,119.94476,W2A,,1,Silicoflagellate,Tintinopsis,SF-Tintinopsis,320
9834,2013,Jul,22,22/07/2013,,16.33668,119.94476,W2A,,1,Diatom,Thalassionema spp.,D-Thalassionema spp.,320
9835,2013,Jul,22,22/07/2013,,16.37073,119.93401,W3,,NB,Silicoflagellate,Favella sp.,SF-Favella sp.,80
9836,2013,Jul,22,22/07/2013,,16.37073,119.93401,W3,,NB,Diatom,Pleurosigma spp.,D-Pleurosigma spp.,80
9837,2013,Jul,22,22/07/2013,,16.37073,119.93401,W3,,NB,Diatom,Pseudonitzschia spp.,D-Pseudonitzschia spp.,960
9838,2013,Jul,22,22/07/2013,,16.37073,119.93401,W3,,NB,Diatom,Rhizosolenia sp2,D-Rhizosolenia sp. 2,5120
9839,2013,Jul,22,22/07/2013,,16.37073,119.93401,W3,,NB,Diatom,Helicotheca tamensis,D-Helicotheca tamensis,41600
9840,2013,Jul,22,22/07/2013,,16.37073,119.93401,W3,,NB,Diatom,Thalassionema spp.,D-Thalassionema spp.,2240
9841,2013,Jul,22,22/07/2013,,16.32003,119.93384,W8,,1,Diatom,Chaetoceros spp.,D-Chaetoceros spp.,9120
9842,2013,Jul,22,22/07/2013,,16.32003,119.93384,W8,,1,Diatom,Pleurosigma sp1,D-Pleurosigma sp. 1,160
9843,2013,Jul,22,22/07/2013,,16.32003,119.93384,W8,,1,Diatom,Pleurosigma spp.,D-Pleurosigma spp.,80
9844,2013,Jul,22,22/07/2013,,16.32003,119.93384,W8,,1,Diatom,Pseudonitzschia spp.,D-Pseudonitzschia spp.,480
9845,2013,Jul,22,22/07/2013,,16.32003,119.93384,W8,,1,Diatom,Rhizosolenia sp2,D-Rhizosolenia sp. 2,2880
9846,2013,Jul,22,22/07/2013,,16.32003,119.93384,W8,,1,Diatom,Helicotheca tamensis,D-Helicotheca tamensis,51680
9847,2013,Jul,22,22/07/2013,,16.32003,119.93384,W8,,1,Silicoflagellate,Tintinopsis,SF-Tintinopsis,400
9848,2013,Jul,22,22/07/2013,,16.34775,119.93452,W9,,1,Diatom,Chaetoceros spp.,D-Chaetoceros spp.,6400
9849,2013,Jul,22,22/07/2013,,16.34775,119.93452,W9,,1,Diatom,Pleurosigma sp1,D-Pleurosigma sp. 1,160
9850,2013,Jul,22,22/07/2013,,16.34775,119.93452,W9,,1,Dinoflagellate,Protoperidinium spp.,DF-Protoperidinium spp.,80
9851,2013,Jul,22,22/07/2013,,16.34775,119.93452,W9,,1,Diatom,Pseudonitzschia spp.,D-Pseudonitzschia spp.,2800
9852,2013,Jul,22,22/07/2013,,16.34775,119.93452,W9,,1,Diatom,Rhizosolenia sp2,D-Rhizosolenia sp. 2,8640
9853,2013,Jul,22,22/07/2013,,16.34775,119.93452,W9,,1,Diatom,Helicotheca tamensis,D-Helicotheca tamensis,23520
9854,2013,Jul,22,22/07/2013,,16.34775,119.93452,W9,,1,Diatom,Thalassiosira spp.,D-Thalassiosira spp.,80
9855,2013,Jul,22,22/07/2013,,16.34775,119.93452,W9,,1,Silicoflagellate,Tintinopsis,SF-Tintinopsis,240
9856,2013,Jul,22,22/07/2013,,16.37052,119.94857,W10,,1,Diatom,Chaetoceros spp.,D-Chaetoceros spp.,8000
9857,2013,Jul,22,22/07/2013,,16.37052,119.94857,W10,,1,Diatom,Helicotheca tamensis,D-Helicotheca tamensis,3680
9858,2013,Jul,22,22/07/2013,,16.37052,119.94857,W10,,1,Diatom,Pleurosigma spp.,D-Pleurosigma spp.,80
9859,2013,Jul,22,22/07/2013,,16.37052,119.94857,W10,,1,Diatom,Pleurosigma sp2,D-Pleurosigma sp. 2,80
9860,2013,Jul,22,22/07/2013,,16.37052,119.94857,W10,,1,Diatom,Pseudonitzschia spp.,D-Pseudonitzschia spp.,1200
9861,2013,Jul,22,22/07/2013,,16.37052,119.94857,W10,,1,Diatom,Rhizosolenia sp2,D-Rhizosolenia sp. 2,1440
9862,2013,Jul,22,22/07/2013,,16.37052,119.94857,W10,,1,Diatom,Thalassiosira spp.,D-Thalassiosira spp.,80
9863,2013,Jul,22,22/07/2013,,16.37052,119.94857,W10,,1,Silicoflagellate,Tintinopsis,SF-Tintinopsis,480
9864,2013,Jul,22,22/07/2013,,16.37052,119.94857,W10,,1,Diatom,Thalassionema spp.,D-Thalassionema spp.,2320
9865,2013,Jul,22,22/07/2013,,16.38326,119.92616,W11,,Mid,Diatom,Bacteriastrum spp.,D-Bacteriastrum spp.,480
9866,2013,Jul,22,22/07/2013,,16.38326,119.92616,W11,,Mid,Diatom,Chaetoceros spp.,D-Chaetoceros spp.,2880
9867,2013,Jul,22,22/07/2013,,16.38326,119.92616,W11,,Mid,Diatom,Navicula  spp.,D-Navicula  spp.,80
9868,2013,Jul,22,22/07/2013,,16.38326,119.92616,W11,,Mid,Silicoflagellate,Favella sp.,SF-Favella sp.,80
9869,2013,Jul,22,22/07/2013,,16.38326,119.92616,W11,,Mid,Dinoflagellate,Protoperidinium spp.,DF-Protoperidinium spp.,80
9870,2013,Jul,22,22/07/2013,,16.38326,119.92616,W11,,Mid,Diatom,Pseudonitzschia spp.,D-Pseudonitzschia spp.,6320
9871,2013,Jul,22,22/07/2013,,16.38326,119.92616,W11,,Mid,Diatom,Rhizosolenia sp2,D-Rhizosolenia sp. 2,5120
9872,2013,Jul,22,22/07/2013,,16.38326,119.92616,W11,,Mid,Cyanobacteria,Trichodesmium sp.,CYN-Trichodesmium sp.,80
9873,2013,Jul,22,22/07/2013,,16.38326,119.92616,W11,,Mid,Diatom,Helicotheca tamensis,D-Helicotheca tamensis,19680
9874,2013,Jul,22,22/07/2013,,16.38326,119.92616,W11,,Mid,Diatom,Thalassiosira spp.,D-Thalassiosira spp.,400
9875,2013,Jul,22,22/07/2013,,16.38326,119.92616,W11,,Mid,Silicoflagellate,Tintinopsis,SF-Tintinopsis,80
9876,2013,Jul,22,22/07/2013,,16.38326,119.92616,W11,,NB,Diatom,Guinardia,D-Guinardia,320
9877,2013,Jul,22,22/07/2013,,16.38326,119.92616,W11,,NB,Diatom,Pseudonitzschia spp.,D-Pseudonitzschia spp.,240
9878,2013,Jul,22,22/07/2013,,16.38326,119.92616,W11,,NB,Diatom,Rhizosolenia sp2,D-Rhizosolenia sp. 2,1360
9879,2013,Jul,22,22/07/2013,,16.38326,119.92616,W11,,NB,Diatom,Helicotheca tamensis,D-Helicotheca tamensis,27360
9880,2013,Jul,22,22/07/2013,,16.38326,119.92616,W11,,NB,Diatom,Thalassiosira spp.,D-Thalassiosira spp.,160
9881,2013,Jul,22,22/07/2013,,16.38326,119.92616,W11,,NB,Silicoflagellate,Tintinopsis,SF-Tintinopsis,80
9882,2013,Jul,22,22/07/2013,,16.38326,119.92616,W11,,1,Diatom,Chaetoceros spp.,D-Chaetoceros spp.,4960
9883,2013,Jul,22,22/07/2013,,16.38326,119.92616,W11,,1,Silicoflagellate,Favella sp.,SF-Favella sp.,80
9884,2013,Jul,22,22/07/2013,,16.38326,119.92616,W11,,1,Diatom,Pleurosigma sp1,D-Pleurosigma sp. 1,160
9885,2013,Jul,22,22/07/2013,,16.38326,119.92616,W11,,1,Diatom,Pleurosigma spp.,D-Pleurosigma spp.,160
9886,2013,Jul,22,22/07/2013,,16.38326,119.92616,W11,,1,Dinoflagellate,Protoperidinium spp.,DF-Protoperidinium spp.,240
9887,2013,Jul,22,22/07/2013,,16.38326,119.92616,W11,,1,Diatom,Pseudonitzschia spp.,D-Pseudonitzschia spp.,5040
9888,2013,Jul,22,22/07/2013,,16.38326,119.92616,W11,,1,Diatom,Rhizosolenia sp2,D-Rhizosolenia sp. 2,2160
9889,2013,Jul,22,22/07/2013,,16.38326,119.92616,W11,,1,Diatom,Skeletonema,D-Skeletonema,720
9890,2013,Jul,22,22/07/2013,,16.38326,119.92616,W11,,1,Diatom,Helicotheca tamensis,D-Helicotheca tamensis,16080
9891,2013,Jul,22,22/07/2013,,16.38326,119.92616,W11,,1,Diatom,Thalassionema spp.,D-Thalassionema spp.,160
9892,2013,Jul,22,22/07/2013,,16.38326,119.92616,W11,,1,Diatom,Thalassiosira spp.,D-Thalassiosira spp.,160
9893,2013,Jul,22,22/07/2013,,16.38326,119.92616,W11,,1,Silicoflagellate,Tintinopsis,SF-Tintinopsis,240
9894,2013,Jul,22,22/07/2013,,16.38326,119.92616,W11,,1,Diatom,Thalassionema spp.,D-Thalassionema spp.,1360
9895,2013,Jul,26,26/07/2013,,16.34775,119.93375,A1,,1,Dinoflagellate,Gonyaulax verior,DF-Gonyaulax verior,60
9896,2013,Jul,26,26/07/2013,,16.34775,119.93375,A1,,1,Diatom,Pleurosigma sp1,D-Pleurosigma sp. 1,80
9897,2013,Jul,26,26/07/2013,,16.34775,119.93375,A1,,1,Dinoflagellate,Prorocentrum micans,DF-Prorocentrum micans,880
9898,2013,Jul,26,26/07/2013,,16.34775,119.93375,A1,,1,Dinoflagellate,Protoperidinium spp.,DF-Protoperidinium spp.,80
9899,2013,Jul,26,26/07/2013,,16.34775,119.93375,A1,,1,Dinoflagellate,Protoperinium oblongum,DF-Protoperinium oblongum,1040
9900,2013,Jul,26,26/07/2013,,16.34775,119.93375,A1,,1,Diatom,Rhizosolenia sp2,D-Rhizosolenia sp. 2,15920
9901,2013,Jul,26,26/07/2013,,16.34775,119.93375,A1,,1,Diatom,Skeletonema,D-Skeletonema,2080
9902,2013,Jul,26,26/07/2013,,16.34775,119.93375,A1,,1,Diatom,Helicotheca tamensis,D-Helicotheca tamensis,880
9903,2013,Jul,26,26/07/2013,,16.34775,119.93375,A1,,1,Diatom,Thalassiosira spp.,D-Thalassiosira spp.,720
9904,2013,Jul,26,26/07/2013,,16.34775,119.93375,A1,,1,Silicoflagellate,Tintinopsis,SF-Tintinopsis,320
9905,2013,Jul,26,26/07/2013,,16.34775,119.93375,A1,,1,Dinoflagellate,Prorocentrum  minimum,DF-Prorocentrum  minimum,1600
9906,2013,Jul,26,26/07/2013,,16.34775,119.93452,A2,,1,Dinoflagellate,Cyst,DF-Cyst,80
9907,2013,Jul,26,26/07/2013,,16.34775,119.93452,A2,,1,Diatom,Navicula  spp.,D-Navicula  spp.,160
9908,2013,Jul,26,26/07/2013,,16.34775,119.93452,A2,,1,Diatom,Pleurosigma sp1,D-Pleurosigma sp. 1,160
9909,2013,Jul,26,26/07/2013,,16.34775,119.93452,A2,,1,Diatom,Pleurosigma spp.,D-Pleurosigma spp.,240
9910,2013,Jul,26,26/07/2013,,16.34775,119.93452,A2,,1,Dinoflagellate,Prorocentrum micans,DF-Prorocentrum micans,320
9911,2013,Jul,26,26/07/2013,,16.34775,119.93452,A2,,1,Dinoflagellate,Protoperinium oblongum,DF-Protoperinium oblongum,80
9912,2013,Jul,26,26/07/2013,,16.34775,119.93452,A2,,1,Diatom,Rhizosolenia sp2,D-Rhizosolenia sp. 2,6400
9913,2013,Jul,26,26/07/2013,,16.34775,119.93452,A2,,1,Diatom,Thalassiosira spp.,D-Thalassiosira spp.,720
9914,2013,Jul,26,26/07/2013,,16.34775,119.93452,A2,,1,Diatom,Thalassionema spp.,D-Thalassionema spp.,800
9915,2013,Jul,26,26/07/2013,,16.34775,119.93452,A2,,1,Dinoflagellate,Prorocentrum  minimum,DF-Prorocentrum  minimum,240
9916,2013,Jul,26,26/07/2013,,16.33431,119.95731,A3,,1,Dinoflagellate,Cyst,DF-Cyst,240
9917,2013,Jul,26,26/07/2013,,16.33431,119.95731,A3,,1,Dinoflagellate,Gonyaulax verior,DF-Gonyaulax verior,240
9918,2013,Jul,26,26/07/2013,,16.33431,119.95731,A3,,1,Diatom,Pleurosigma spp.,D-Pleurosigma spp.,80
9919,2013,Jul,26,26/07/2013,,16.33431,119.95731,A3,,1,Dinoflagellate,Prorocentrum micans,DF-Prorocentrum micans,160
9920,2013,Jul,26,26/07/2013,,16.33431,119.95731,A3,,1,Dinoflagellate,Protoperinium oblongum,DF-Protoperinium oblongum,640
9921,2013,Jul,26,26/07/2013,,16.33431,119.95731,A3,,1,Diatom,Rhizosolenia sp2,D-Rhizosolenia sp. 2,9120
9922,2013,Jul,26,26/07/2013,,16.33431,119.95731,A3,,1,Diatom,Helicotheca tamensis,D-Helicotheca tamensis,560
9923,2013,Jul,26,26/07/2013,,16.33431,119.95731,A3,,1,Diatom,Thalassiosira spp.,D-Thalassiosira spp.,1200
9924,2013,Jul,26,26/07/2013,,16.33431,119.95731,A3,,1,Silicoflagellate,Tintinopsis,SF-Tintinopsis,80
9925,2013,Jul,26,26/07/2013,,16.28459,119.92285,A4,,1,Diatom,Cylindricotheca closterium,D-Cylindricotheca closterium,80
9926,2013,Jul,26,26/07/2013,,16.28459,119.92285,A4,,1,Dinoflagellate,Cyst,DF-Cyst,160
9927,2013,Jul,26,26/07/2013,,16.28459,119.92285,A4,,1,Diatom,Navicula  spp.,D-Navicula  spp.,80
9928,2013,Jul,26,26/07/2013,,16.28459,119.92285,A4,,1,Dinoflagellate,Oxytoxum spp.,DF-Oxytoxum spp.,240
9929,2013,Jul,26,26/07/2013,,16.28459,119.92285,A4,,1,Diatom,Pleurosigma sp1,D-Pleurosigma sp. 1,400
9930,2013,Jul,26,26/07/2013,,16.28459,119.92285,A4,,1,Dinoflagellate,Phalacroma  spp.,DF-Phalacroma  spp.,80
9931,2013,Jul,26,26/07/2013,,16.28459,119.92285,A4,,1,Diatom,Pleurosigma spp.,D-Pleurosigma spp.,160
9932,2013,Jul,26,26/07/2013,,16.28459,119.92285,A4,,1,Dinoflagellate,Prorocentrum micans,DF-Prorocentrum micans,800
9933,2013,Jul,26,26/07/2013,,16.28459,119.92285,A4,,1,Diatom,Rhizosolenia sp2,D-Rhizosolenia sp. 2,2960
9934,2013,Jul,26,26/07/2013,,16.28459,119.92285,A4,,1,Diatom,Thalassiosira spp.,D-Thalassiosira spp.,2240
9935,2013,Jul,26,26/07/2013,,16.28459,119.92285,A4,,1,Silicoflagellate,Tintinopsis,SF-Tintinopsis,7680
9936,2013,Jul,26,26/07/2013,,16.27365,119.92599,A5,,1,Dinoflagellate,Cyst,DF-Cyst,800
9937,2013,Jul,26,26/07/2013,,16.27365,119.92599,A5,,1,Dinoflagellate,Oxytoxum spp.,DF-Oxytoxum spp.,320
9938,2013,Jul,26,26/07/2013,,16.27365,119.92599,A5,,1,Diatom,Pleurosigma sp1,D-Pleurosigma sp. 1,160
9939,2013,Jul,26,26/07/2013,,16.27365,119.92599,A5,,1,Dinoflagellate,Phalacroma  spp.,DF-Phalacroma  spp.,80
9940,2013,Jul,26,26/07/2013,,16.27365,119.92599,A5,,1,Dinoflagellate,Prorocentrum micans,DF-Prorocentrum micans,4960
9941,2013,Jul,26,26/07/2013,,16.27365,119.92599,A5,,1,Dinoflagellate,Protoperidinium spp.,DF-Protoperidinium spp.,80
9942,2013,Jul,26,26/07/2013,,16.27365,119.92599,A5,,1,Dinoflagellate,Protoperinium oblongum,DF-Protoperinium oblongum,560
9943,2013,Jul,26,26/07/2013,,16.27365,119.92599,A5,,1,Diatom,Rhizosolenia sp2,D-Rhizosolenia sp. 2,2720
9944,2013,Jul,26,26/07/2013,,16.27365,119.92599,A5,,1,Diatom,Thalassiosira spp.,D-Thalassiosira spp.,1360
9945,2013,Jul,26,26/07/2013,,16.27365,119.92599,A5,,1,Silicoflagellate,Tintinopsis,SF-Tintinopsis,3520
9946,2013,Jul,26,26/07/2013,,16.27365,119.92599,A5,,1,Diatom,Thalassionema spp.,D-Thalassionema spp.,6800
9947,2013,Jul,26,26/07/2013,,16.3743,119.93198,PP,,NB,Diatom,Chaetoceros spp.,D-Chaetoceros spp.,320
9948,2013,Jul,26,26/07/2013,,16.3743,119.93198,PP,,NB,Dinoflagellate,Cyst,DF-Cyst,160
9949,2013,Jul,26,26/07/2013,,16.3743,119.93198,PP,,NB,Dinoflagellate,Gyrodinium,DF-Gyrodinium,240
9950,2013,Jul,26,26/07/2013,,16.3743,119.93198,PP,,NB,Diatom,Pleurosigma sp1,D-Pleurosigma sp. 1,160
9951,2013,Jul,26,26/07/2013,,16.3743,119.93198,PP,,NB,Dinoflagellate,Prorocentrum micans,DF-Prorocentrum micans,80
9952,2013,Jul,26,26/07/2013,,16.3743,119.93198,PP,,NB,Dinoflagellate,Protoperidinium spp.,DF-Protoperidinium spp.,80
9953,2013,Jul,26,26/07/2013,,16.3743,119.93198,PP,,NB,Diatom,Pseudonitzschia spp.,D-Pseudonitzschia spp.,320
9954,2013,Jul,26,26/07/2013,,16.3743,119.93198,PP,,NB,Diatom,Rhizosolenia sp2,D-Rhizosolenia sp. 2,24640
9955,2013,Jul,26,26/07/2013,,16.3743,119.93198,PP,,NB,Diatom,Skeletonema,D-Skeletonema,2640
9956,2013,Jul,26,26/07/2013,,16.3743,119.93198,PP,,NB,Cyanobacteria,Trichodesmium sp.,CYN-Trichodesmium sp.,80
9957,2013,Jul,26,26/07/2013,,16.3743,119.93198,PP,,NB,Diatom,Helicotheca tamensis,D-Helicotheca tamensis,3200
9958,2013,Jul,26,26/07/2013,,16.3743,119.93198,PP,,NB,Diatom,Thalassiosira spp.,D-Thalassiosira spp.,400
9959,2013,Jul,26,26/07/2013,,16.3743,119.93198,PP,,NB,Silicoflagellate,Tintinopsis,SF-Tintinopsis,80
9960,2013,Jul,26,26/07/2013,,16.3743,119.93198,PP,,NB,Cyanobacteria,Trichodesmium sp.,CYN-Trichodesmium sp.,80
9961,2013,Jul,26,26/07/2013,,16.3743,119.93198,PP,,1,Diatom,Chaetoceros spp.,D-Chaetoceros spp.,480
9962,2013,Jul,26,26/07/2013,,16.3743,119.93198,PP,,1,Dinoflagellate,Cyst,DF-Cyst,80
9963,2013,Jul,26,26/07/2013,,16.3743,119.93198,PP,,1,Dinoflagellate,Gyrodinium,DF-Gyrodinium,160
9964,2013,Jul,26,26/07/2013,,16.3743,119.93198,PP,,1,Diatom,Pleurosigma sp1,D-Pleurosigma sp. 1,80
9965,2013,Jul,26,26/07/2013,,16.3743,119.93198,PP,,1,Dinoflagellate,Prorocentrum micans,DF-Prorocentrum micans,320
9966,2013,Jul,26,26/07/2013,,16.3743,119.93198,PP,,1,Diatom,Rhizosolenia sp2,D-Rhizosolenia sp. 2,26720
9967,2013,Jul,26,26/07/2013,,16.3743,119.93198,PP,,1,Diatom,Skeletonema,D-Skeletonema,880
9968,2013,Jul,26,26/07/2013,,16.3743,119.93198,PP,,1,Diatom,Helicotheca tamensis,D-Helicotheca tamensis,1680
9969,2013,Jul,26,26/07/2013,,16.3743,119.93198,PP,,1,Diatom,Thalassiosira spp.,D-Thalassiosira spp.,1280
9970,2013,Jul,26,26/07/2013,,16.3743,119.93198,PP,,1,Silicoflagellate,Tintinopsis,SF-Tintinopsis,160
9971,2013,Jul,26,26/07/2013,,16.39578,119.90667,RVA3,,Mid,Dinoflagellate,Gyrodinium,DF-Gyrodinium,80
9972,2013,Jul,26,26/07/2013,,16.39578,119.90667,RVA3,,Mid,Diatom,Pleurosigma sp1,D-Pleurosigma sp. 1,80
9973,2013,Jul,26,26/07/2013,,16.39578,119.90667,RVA3,,Mid,Diatom,Pseudonitzschia spp.,D-Pseudonitzschia spp.,160
9974,2013,Jul,26,26/07/2013,,16.39578,119.90667,RVA3,,Mid,Diatom,Rhizosolenia sp2,D-Rhizosolenia sp. 2,6080
9975,2013,Jul,26,26/07/2013,,16.39578,119.90667,RVA3,,Mid,Cyanobacteria,Trichodesmium sp.,CYN-Trichodesmium sp.,80
9976,2013,Jul,26,26/07/2013,,16.39578,119.90667,RVA3,,Mid,Diatom,Helicotheca tamensis,D-Helicotheca tamensis,1920
9977,2013,Jul,26,26/07/2013,,16.39578,119.90667,RVA3,,Mid,Diatom,Thalassiosira spp.,D-Thalassiosira spp.,240
9978,2013,Jul,26,26/07/2013,,16.39578,119.90667,RVA3,,NB,Diatom,Pleurosigma sp1,D-Pleurosigma sp. 1,160
9979,2013,Jul,26,26/07/2013,,16.39578,119.90667,RVA3,,NB,Diatom,Pleurosigma spp.,D-Pleurosigma spp.,160
9980,2013,Jul,26,26/07/2013,,16.39578,119.90667,RVA3,,NB,Diatom,Rhizosolenia sp2,D-Rhizosolenia sp. 2,22800
9981,2013,Jul,26,26/07/2013,,16.39578,119.90667,RVA3,,NB,Diatom,Helicotheca tamensis,D-Helicotheca tamensis,1040
9982,2013,Jul,26,26/07/2013,,16.39578,119.90667,RVA3,,NB,Diatom,Thalassiosira spp.,D-Thalassiosira spp.,240
9983,2013,Jul,26,26/07/2013,,16.39578,119.90667,RVA3,,1,Dinoflagellate,Gyrodinium,DF-Gyrodinium,800
9984,2013,Jul,26,26/07/2013,,16.39578,119.90667,RVA3,,1,Dinoflagellate,Oxytoxum spp.,DF-Oxytoxum spp.,80
9985,2013,Jul,26,26/07/2013,,16.39578,119.90667,RVA3,,1,Diatom,Pleurosigma sp1,D-Pleurosigma sp. 1,80
9986,2013,Jul,26,26/07/2013,,16.39578,119.90667,RVA3,,1,Dinoflagellate,Prorocentrum micans,DF-Prorocentrum micans,80
9987,2013,Jul,26,26/07/2013,,16.39578,119.90667,RVA3,,1,Diatom,Pseudonitzschia spp.,D-Pseudonitzschia spp.,880
9988,2013,Jul,26,26/07/2013,,16.39578,119.90667,RVA3,,1,Diatom,Rhizosolenia sp2,D-Rhizosolenia sp. 2,47600
9989,2013,Jul,26,26/07/2013,,16.39578,119.90667,RVA3,,1,Diatom,Skeletonema,D-Skeletonema,720
9990,2013,Jul,26,26/07/2013,,16.39578,119.90667,RVA3,,1,Diatom,Helicotheca tamensis,D-Helicotheca tamensis,960
9991,2013,Jul,26,26/07/2013,,16.39578,119.90667,RVA3,,1,Diatom,Thalassiosira spp.,D-Thalassiosira spp.,1680
9992,2013,Jul,26,26/07/2013,,16.39578,119.90667,RVA3,,1,Silicoflagellate,Tintinopsis,SF-Tintinopsis,320
9993,2013,Jul,26,26/07/2013,,16.30944,119.92063,TS1,,NB,Diatom,Navicula  spp.,D-Navicula  spp.,160
9994,2013,Jul,26,26/07/2013,,16.30944,119.92063,TS1,,NB,Diatom,Pleurosigma sp1,D-Pleurosigma sp. 1,80
9995,2013,Jul,26,26/07/2013,,16.30944,119.92063,TS1,,NB,Diatom,Pleurosigma spp.,D-Pleurosigma spp.,160
9996,2013,Jul,26,26/07/2013,,16.30944,119.92063,TS1,,NB,Diatom,Rhizosolenia sp2,D-Rhizosolenia sp. 2,2000
9997,2013,Jul,26,26/07/2013,,16.30944,119.92063,TS1,,NB,Diatom,Helicotheca tamensis,D-Helicotheca tamensis,640
9998,2013,Jul,26,26/07/2013,,16.30944,119.92063,TS1,,NB,Diatom,Thalassiosira spp.,D-Thalassiosira spp.,320
9999,2013,Jul,26,26/07/2013,,16.30944,119.92063,TS1,,NB,Silicoflagellate,Tintinopsis,SF-Tintinopsis,480
10000,2013,Jul,26,26/07/2013,,16.30944,119.92063,TS1,,1,Dinoflagellate,Cyst,DF-Cyst,320
10001,2013,Jul,26,26/07/2013,,16.30944,119.92063,TS1,,1,Diatom,Navicula  spp.,D-Navicula  spp.,80
10002,2013,Jul,26,26/07/2013,,16.30944,119.92063,TS1,,1,Dinoflagellate,Oxytoxum spp.,DF-Oxytoxum spp.,160
10003,2013,Jul,26,26/07/2013,,16.30944,119.92063,TS1,,1,Diatom,Pleurosigma sp1,D-Pleurosigma sp. 1,320
10004,2013,Jul,26,26/07/2013,,16.30944,119.92063,TS1,,1,Dinoflagellate,Prorocentrum micans,DF-Prorocentrum micans,240
10005,2013,Jul,26,26/07/2013,,16.30944,119.92063,TS1,,1,Dinoflagellate,Protoperidinium spp.,DF-Protoperidinium spp.,160
10006,2013,Jul,26,26/07/2013,,16.30944,119.92063,TS1,,1,Dinoflagellate,Protoperinium oblongum,DF-Protoperinium oblongum,1520
10007,2013,Jul,26,26/07/2013,,16.30944,119.92063,TS1,,1,Diatom,Rhizosolenia sp2,D-Rhizosolenia sp. 2,2400
10008,2013,Jul,26,26/07/2013,,16.30944,119.92063,TS1,,1,Diatom,Thalassiosira spp.,D-Thalassiosira spp.,2800
10009,2013,Jul,26,26/07/2013,,16.30944,119.92063,TS1,,1,Silicoflagellate,Tintinopsis,SF-Tintinopsis,2320
10010,2013,Jul,26,26/07/2013,,16.30944,119.92063,TS1,,1,Diatom,Thalassionema spp.,D-Thalassionema spp.,240
10011,2013,Jul,26,26/07/2013,,16.38339,119.91585,TS2,,Mid,Dinoflagellate,Ceratium furca,DF-Ceratium furca,80
10012,2013,Jul,26,26/07/2013,,16.38339,119.91585,TS2,,Mid,Diatom,Guinardia,D-Guinardia,320
10013,2013,Jul,26,26/07/2013,,16.38339,119.91585,TS2,,Mid,Diatom,Pleurosigma sp1,D-Pleurosigma sp. 1,160
10014,2013,Jul,26,26/07/2013,,16.38339,119.91585,TS2,,Mid,Diatom,Pseudonitzschia spp.,D-Pseudonitzschia spp.,160
10015,2013,Jul,26,26/07/2013,,16.38339,119.91585,TS2,,Mid,Diatom,Rhizosolenia sp2,D-Rhizosolenia sp. 2,13040
10016,2013,Jul,26,26/07/2013,,16.38339,119.91585,TS2,,Mid,Diatom,Skeletonema,D-Skeletonema,480
10017,2013,Jul,26,26/07/2013,,16.38339,119.91585,TS2,,Mid,Diatom,Helicotheca tamensis,D-Helicotheca tamensis,880
10018,2013,Jul,26,26/07/2013,,16.38339,119.91585,TS2,,Mid,Diatom,Thalassiosira spp.,D-Thalassiosira spp.,400
10019,2013,Jul,26,26/07/2013,,16.38339,119.91585,TS2,,Mid,Silicoflagellate,Tintinopsis,SF-Tintinopsis,80
10020,2013,Jul,26,26/07/2013,,16.38339,119.91585,TS2,,NB,Diatom,Guinardia,D-Guinardia,140
10021,2013,Jul,26,26/07/2013,,16.38339,119.91585,TS2,,NB,Diatom,Navicula  spp.,D-Navicula  spp.,80
10022,2013,Jul,26,26/07/2013,,16.38339,119.91585,TS2,,NB,Diatom,Pleurosigma sp1,D-Pleurosigma sp. 1,80
10023,2013,Jul,26,26/07/2013,,16.38339,119.91585,TS2,,NB,Diatom,Pleurosigma spp.,D-Pleurosigma spp.,80
10024,2013,Jul,26,26/07/2013,,16.38339,119.91585,TS2,,NB,Diatom,Pseudonitzschia spp.,D-Pseudonitzschia spp.,80
10025,2013,Jul,26,26/07/2013,,16.38339,119.91585,TS2,,NB,Diatom,Rhizosolenia sp2,D-Rhizosolenia sp. 2,8960
10026,2013,Jul,26,26/07/2013,,16.38339,119.91585,TS2,,NB,Diatom,Helicotheca tamensis,D-Helicotheca tamensis,1440
10027,2013,Jul,26,26/07/2013,,16.38339,119.91585,TS2,,NB,Diatom,Thalassiosira spp.,D-Thalassiosira spp.,240
10028,2013,Jul,26,26/07/2013,,16.38339,119.91585,TS2,,NB,Silicoflagellate,Tintinopsis,SF-Tintinopsis,80
10029,2013,Jul,26,26/07/2013,,16.38339,119.91585,TS2,,NB,Dinoflagellate,Prorocentrum  minimum,DF-Prorocentrum  minimum,160
10030,2013,Jul,26,26/07/2013,,16.38339,119.91585,TS2,,1,Diatom,Biddulphia,D-Biddulphia,20
10031,2013,Jul,26,26/07/2013,,16.38339,119.91585,TS2,,1,Diatom,Chaetoceros spp.,D-Chaetoceros spp.,480
10032,2013,Jul,26,26/07/2013,,16.38339,119.91585,TS2,,1,Dinoflagellate,Gyrodinium,DF-Gyrodinium,160
10033,2013,Jul,26,26/07/2013,,16.38339,119.91585,TS2,,1,Silicoflagellate,Favella sp.,SF-Favella sp.,320
10034,2013,Jul,26,26/07/2013,,16.38339,119.91585,TS2,,1,Diatom,Pleurosigma sp1,D-Pleurosigma sp. 1,320
10035,2013,Jul,26,26/07/2013,,16.38339,119.91585,TS2,,1,Dinoflagellate,Protoperidinium spp.,DF-Protoperidinium spp.,480
10036,2013,Jul,26,26/07/2013,,16.38339,119.91585,TS2,,1,Dinoflagellate,Protoperinium oblongum,DF-Protoperinium oblongum,40
10037,2013,Jul,26,26/07/2013,,16.38339,119.91585,TS2,,1,Diatom,Pseudonitzschia spp.,D-Pseudonitzschia spp.,1440
10038,2013,Jul,26,26/07/2013,,16.38339,119.91585,TS2,,1,Diatom,Rhizosolenia sp2,D-Rhizosolenia sp. 2,34960
10039,2013,Jul,26,26/07/2013,,16.38339,119.91585,TS2,,1,Diatom,Skeletonema,D-Skeletonema,880
10040,2013,Jul,26,26/07/2013,,16.38339,119.91585,TS2,,1,Cyanobacteria,Trichodesmium sp.,CYN-Trichodesmium sp.,240
10041,2013,Jul,26,26/07/2013,,16.38339,119.91585,TS2,,1,Diatom,Helicotheca tamensis,D-Helicotheca tamensis,1440
10042,2013,Jul,26,26/07/2013,,16.38339,119.91585,TS2,,1,Diatom,Thalassiosira spp.,D-Thalassiosira spp.,400
10043,2013,Jul,26,26/07/2013,,16.38339,119.91585,TS2,,1,Silicoflagellate,Tintinopsis,SF-Tintinopsis,80
10044,2013,Jul,26,26/07/2013,,16.38339,119.91585,TS2,,1,Diatom,Thalassionema spp.,D-Thalassionema spp.,2880
10045,2013,Jul,26,26/07/2013,,16.34927,119.94606,W1,,1,Diatom,Chaetoceros spp.,D-Chaetoceros spp.,320
10046,2013,Jul,26,26/07/2013,,16.34927,119.94606,W1,,1,Diatom,Cylindricotheca closterium,D-Cylindricotheca closterium,80
10047,2013,Jul,26,26/07/2013,,16.34927,119.94606,W1,,1,Dinoflagellate,Cyst,DF-Cyst,80
10048,2013,Jul,26,26/07/2013,,16.34927,119.94606,W1,,1,Diatom,Navicula  spp.,D-Navicula  spp.,320
10049,2013,Jul,26,26/07/2013,,16.34927,119.94606,W1,,1,Diatom,Pleurosigma sp1,D-Pleurosigma sp. 1,80
10050,2013,Jul,26,26/07/2013,,16.34927,119.94606,W1,,1,Diatom,Pseudonitzschia spp.,D-Pseudonitzschia spp.,160
10051,2013,Jul,26,26/07/2013,,16.34927,119.94606,W1,,1,Diatom,Rhizosolenia sp2,D-Rhizosolenia sp. 2,3600
10052,2013,Jul,26,26/07/2013,,16.34927,119.94606,W1,,1,Diatom,Skeletonema,D-Skeletonema,560
10053,2013,Jul,26,26/07/2013,,16.34927,119.94606,W1,,1,Cyanobacteria,Trichodesmium sp.,CYN-Trichodesmium sp.,80
10054,2013,Jul,26,26/07/2013,,16.34927,119.94606,W1,,1,Diatom,Helicotheca tamensis,D-Helicotheca tamensis,4000
10055,2013,Jul,26,26/07/2013,,16.34927,119.94606,W1,,1,Diatom,Thalassiosira spp.,D-Thalassiosira spp.,560
10056,2013,Jul,26,26/07/2013,,16.34927,119.94606,W1,,1,Cyanobacteria,Trichodesmium sp.,CYN-Trichodesmium sp.,80
10057,2013,Jul,26,26/07/2013,,16.33668,119.94476,W2A,,1,Dinoflagellate,Gyrodinium,DF-Gyrodinium,80
10058,2013,Jul,26,26/07/2013,,16.33668,119.94476,W2A,,1,Diatom,Pleurosigma sp1,D-Pleurosigma sp. 1,60
10059,2013,Jul,26,26/07/2013,,16.33668,119.94476,W2A,,1,Diatom,Pleurosigma spp.,D-Pleurosigma spp.,80
10060,2013,Jul,26,26/07/2013,,16.33668,119.94476,W2A,,1,Dinoflagellate,Prorocentrum micans,DF-Prorocentrum micans,560
10061,2013,Jul,26,26/07/2013,,16.33668,119.94476,W2A,,1,Dinoflagellate,Protoperidinium spp.,DF-Protoperidinium spp.,240
10062,2013,Jul,26,26/07/2013,,16.33668,119.94476,W2A,,1,Dinoflagellate,Protoperinium oblongum,DF-Protoperinium oblongum,320
10063,2013,Jul,26,26/07/2013,,16.33668,119.94476,W2A,,1,Diatom,Rhizosolenia sp2,D-Rhizosolenia sp. 2,5200
10064,2013,Jul,26,26/07/2013,,16.33668,119.94476,W2A,,1,Diatom,Helicotheca tamensis,D-Helicotheca tamensis,1520
10065,2013,Jul,26,26/07/2013,,16.33668,119.94476,W2A,,1,Diatom,Thalassiosira spp.,D-Thalassiosira spp.,100
10066,2013,Jul,26,26/07/2013,,16.33668,119.94476,W2A,,1,Silicoflagellate,Tintinopsis,SF-Tintinopsis,80
10067,2013,Jul,26,26/07/2013,,16.37073,119.93401,W3,,NB,Diatom,Pleurosigma sp1,D-Pleurosigma sp. 1,40
10068,2013,Jul,26,26/07/2013,,16.37073,119.93401,W3,,NB,Diatom,Pseudonitzschia spp.,D-Pseudonitzschia spp.,160
10069,2013,Jul,26,26/07/2013,,16.37073,119.93401,W3,,NB,Diatom,Rhizosolenia sp2,D-Rhizosolenia sp. 2,11360
10070,2013,Jul,26,26/07/2013,,16.37073,119.93401,W3,,NB,Diatom,Helicotheca tamensis,D-Helicotheca tamensis,15120
10071,2013,Jul,26,26/07/2013,,16.37073,119.93401,W3,,NB,Diatom,Thalassiosira spp.,D-Thalassiosira spp.,80
10072,2013,Jul,26,26/07/2013,,16.37073,119.93401,W3,,NB,Silicoflagellate,Tintinopsis,SF-Tintinopsis,400
10073,2013,Jul,26,26/07/2013,,16.37073,119.93401,W3,,NB,Diatom,Thalassionema spp.,D-Thalassionema spp.,240
10074,2013,Jul,26,26/07/2013,,16.37073,119.93401,W3,,1,Dinoflagellate,Cyst,DF-Cyst,320
10075,2013,Jul,26,26/07/2013,,16.37073,119.93401,W3,,1,Diatom,Pleurosigma sp1,D-Pleurosigma sp. 1,80
10076,2013,Jul,26,26/07/2013,,16.37073,119.93401,W3,,1,Dinoflagellate,Prorocentrum micans,DF-Prorocentrum micans,240
10077,2013,Jul,26,26/07/2013,,16.37073,119.93401,W3,,1,Diatom,Pseudonitzschia spp.,D-Pseudonitzschia spp.,800
10078,2013,Jul,26,26/07/2013,,16.37073,119.93401,W3,,1,Diatom,Rhizosolenia sp2,D-Rhizosolenia sp. 2,7840
10079,2013,Jul,26,26/07/2013,,16.37073,119.93401,W3,,1,Diatom,Skeletonema,D-Skeletonema,880
10080,2013,Jul,26,26/07/2013,,16.37073,119.93401,W3,,1,Diatom,Helicotheca tamensis,D-Helicotheca tamensis,80
10081,2013,Jul,26,26/07/2013,,16.37073,119.93401,W3,,1,Diatom,Thalassiosira spp.,D-Thalassiosira spp.,320
10082,2013,Jul,26,26/07/2013,,16.37073,119.93401,W3,,1,Silicoflagellate,Tintinopsis,SF-Tintinopsis,80
10083,2013,Jul,26,26/07/2013,,16.37073,119.93401,W3,,1,Diatom,Thalassionema spp.,D-Thalassionema spp.,320
10084,2013,Jul,26,26/07/2013,,16.32003,119.93384,W8,,1,Dinoflagellate,Ceratium furca,DF-Ceratium furca,160
10085,2013,Jul,26,26/07/2013,,16.32003,119.93384,W8,,1,Diatom,Cylindricotheca closterium,D-Cylindricotheca closterium,80
10086,2013,Jul,26,26/07/2013,,16.32003,119.93384,W8,,1,Dinoflagellate,Gyrodinium,DF-Gyrodinium,20
10087,2013,Jul,26,26/07/2013,,16.32003,119.93384,W8,,1,Dinoflagellate,Oxytoxum spp.,DF-Oxytoxum spp.,80
10088,2013,Jul,26,26/07/2013,,16.32003,119.93384,W8,,1,Diatom,Pleurosigma sp1,D-Pleurosigma sp. 1,400
10089,2013,Jul,26,26/07/2013,,16.32003,119.93384,W8,,1,Diatom,Pleurosigma spp.,D-Pleurosigma spp.,240
10090,2013,Jul,26,26/07/2013,,16.32003,119.93384,W8,,1,Dinoflagellate,Prorocentrum micans,DF-Prorocentrum micans,2800
10091,2013,Jul,26,26/07/2013,,16.32003,119.93384,W8,,1,Dinoflagellate,Protoperidinium spp.,DF-Protoperidinium spp.,80
10092,2013,Jul,26,26/07/2013,,16.32003,119.93384,W8,,1,Dinoflagellate,Protoperinium oblongum,DF-Protoperinium oblongum,400
10093,2013,Jul,26,26/07/2013,,16.32003,119.93384,W8,,1,Diatom,Rhizosolenia sp2,D-Rhizosolenia sp. 2,8560
10094,2013,Jul,26,26/07/2013,,16.32003,119.93384,W8,,1,Dinoflagellate,Scrippsiella spinifera,DF-Scrippsiella spinifera,80
10095,2013,Jul,26,26/07/2013,,16.32003,119.93384,W8,,1,Diatom,Helicotheca tamensis,D-Helicotheca tamensis,1760
10096,2013,Jul,26,26/07/2013,,16.32003,119.93384,W8,,1,Diatom,Thalassiosira spp.,D-Thalassiosira spp.,71840
10097,2013,Jul,26,26/07/2013,,16.32003,119.93384,W8,,1,Silicoflagellate,Tintinopsis,SF-Tintinopsis,1040
10098,2013,Jul,26,26/07/2013,,16.34775,119.93452,W9,,1,Dinoflagellate,Cyst,DF-Cyst,160
10099,2013,Jul,26,26/07/2013,,16.34775,119.93452,W9,,1,Diatom,Pleurosigma sp1,D-Pleurosigma sp. 1,160
10100,2013,Jul,26,26/07/2013,,16.34775,119.93452,W9,,1,Dinoflagellate,Prorocentrum micans,DF-Prorocentrum micans,80
10101,2013,Jul,26,26/07/2013,,16.34775,119.93452,W9,,1,Dinoflagellate,Protoperidinium spp.,DF-Protoperidinium spp.,80
10102,2013,Jul,26,26/07/2013,,16.34775,119.93452,W9,,1,Diatom,Pseudonitzschia spp.,D-Pseudonitzschia spp.,160
10103,2013,Jul,26,26/07/2013,,16.34775,119.93452,W9,,1,Diatom,Rhizosolenia sp2,D-Rhizosolenia sp. 2,13520
10104,2013,Jul,26,26/07/2013,,16.34775,119.93452,W9,,1,Diatom,Skeletonema,D-Skeletonema,1520
10105,2013,Jul,26,26/07/2013,,16.34775,119.93452,W9,,1,Diatom,Helicotheca tamensis,D-Helicotheca tamensis,1600
10106,2013,Jul,26,26/07/2013,,16.34775,119.93452,W9,,1,Diatom,Thalassiosira spp.,D-Thalassiosira spp.,560
10107,2013,Jul,26,26/07/2013,,16.34775,119.93452,W9,,1,Silicoflagellate,Tintinopsis,SF-Tintinopsis,400
10108,2013,Jul,26,26/07/2013,,16.34775,119.93452,W9,,1,Diatom,Thalassionema spp.,D-Thalassionema spp.,240
10109,2013,Jul,26,26/07/2013,,16.37052,119.94857,W10,,1,Diatom,Chaetoceros spp.,D-Chaetoceros spp.,420
10110,2013,Jul,26,26/07/2013,,16.37052,119.94857,W10,,1,Dinoflagellate,Gyrodinium,DF-Gyrodinium,560
10111,2013,Jul,26,26/07/2013,,16.37052,119.94857,W10,,1,Diatom,Pleurosigma sp1,D-Pleurosigma sp. 1,160
10112,2013,Jul,26,26/07/2013,,16.37052,119.94857,W10,,1,Dinoflagellate,Phalacroma  spp.,DF-Phalacroma  spp.,80
10113,2013,Jul,26,26/07/2013,,16.37052,119.94857,W10,,1,Diatom,Pleurosigma spp.,D-Pleurosigma spp.,320
10114,2013,Jul,26,26/07/2013,,16.37052,119.94857,W10,,1,Dinoflagellate,Prorocentrum micans,DF-Prorocentrum micans,480
10115,2013,Jul,26,26/07/2013,,16.37052,119.94857,W10,,1,Dinoflagellate,Protoperidinium spp.,DF-Protoperidinium spp.,160
10116,2013,Jul,26,26/07/2013,,16.37052,119.94857,W10,,1,Dinoflagellate,Protoperinium oblongum,DF-Protoperinium oblongum,80
10117,2013,Jul,26,26/07/2013,,16.37052,119.94857,W10,,1,Diatom,Pseudonitzschia spp.,D-Pseudonitzschia spp.,1160
10118,2013,Jul,26,26/07/2013,,16.37052,119.94857,W10,,1,Diatom,Rhizosolenia sp2,D-Rhizosolenia sp. 2,16640
10119,2013,Jul,26,26/07/2013,,16.37052,119.94857,W10,,1,Diatom,Skeletonema,D-Skeletonema,2160
10120,2013,Jul,26,26/07/2013,,16.37052,119.94857,W10,,1,Diatom,Helicotheca tamensis,D-Helicotheca tamensis,4480
10121,2013,Jul,26,26/07/2013,,16.37052,119.94857,W10,,1,Diatom,Thalassiosira spp.,D-Thalassiosira spp.,800
10122,2013,Jul,26,26/07/2013,,16.37052,119.94857,W10,,1,Silicoflagellate,Tintinopsis,SF-Tintinopsis,80
10123,2013,Jul,26,26/07/2013,,16.37052,119.94857,W10,,1,Diatom,Thalassionema spp.,D-Thalassionema spp.,320
10124,2013,Jul,26,26/07/2013,,16.38326,119.92616,W11,,Mid,Diatom,Chaetoceros spp.,D-Chaetoceros spp.,1120
10125,2013,Jul,26,26/07/2013,,16.38326,119.92616,W11,,Mid,Diatom,Rhizosolenia sp2,D-Rhizosolenia sp. 2,32960
10126,2013,Jul,26,26/07/2013,,16.38326,119.92616,W11,,Mid,Diatom,Skeletonema,D-Skeletonema,1600
10127,2013,Jul,26,26/07/2013,,16.38326,119.92616,W11,,Mid,Diatom,Helicotheca tamensis,D-Helicotheca tamensis,1440
10128,2013,Jul,26,26/07/2013,,16.38326,119.92616,W11,,Mid,Diatom,Thalassiosira spp.,D-Thalassiosira spp.,640
10129,2013,Jul,26,26/07/2013,,16.38326,119.92616,W11,,Mid,Diatom,Thalassionema spp.,D-Thalassionema spp.,480
10130,2013,Jul,26,26/07/2013,,16.38326,119.92616,W11,,NB,Diatom,Coscinodiscus spp.,D-Coscinodiscus spp.,20
10131,2013,Jul,26,26/07/2013,,16.38326,119.92616,W11,,NB,Diatom,Cylindricotheca closterium,D-Cylindricotheca closterium,20
10132,2013,Jul,26,26/07/2013,,16.38326,119.92616,W11,,NB,Diatom,Pleurosigma sp1,D-Pleurosigma sp. 1,240
10133,2013,Jul,26,26/07/2013,,16.38326,119.92616,W11,,NB,Diatom,Rhizosolenia sp2,D-Rhizosolenia sp. 2,16320
10134,2013,Jul,26,26/07/2013,,16.38326,119.92616,W11,,NB,Diatom,Helicotheca tamensis,D-Helicotheca tamensis,2880
10135,2013,Jul,26,26/07/2013,,16.38326,119.92616,W11,,NB,Diatom,Thalassiosira spp.,D-Thalassiosira spp.,160
10136,2013,Jul,26,26/07/2013,,16.38326,119.92616,W11,,NB,Silicoflagellate,Tintinopsis,SF-Tintinopsis,60
10137,2013,Jul,26,26/07/2013,,16.38326,119.92616,W11,,1,Diatom,Chaetoceros spp.,D-Chaetoceros spp.,400
10138,2013,Jul,26,26/07/2013,,16.38326,119.92616,W11,,1,Dinoflagellate,Cyst,DF-Cyst,320
10139,2013,Jul,26,26/07/2013,,16.38326,119.92616,W11,,1,Dinoflagellate,Gyrodinium,DF-Gyrodinium,240
10140,2013,Jul,26,26/07/2013,,16.38326,119.92616,W11,,1,Diatom,Pleurosigma sp1,D-Pleurosigma sp. 1,80
10141,2013,Jul,26,26/07/2013,,16.38326,119.92616,W11,,1,Dinoflagellate,Prorocentrum micans,DF-Prorocentrum micans,80
10142,2013,Jul,26,26/07/2013,,16.38326,119.92616,W11,,1,Dinoflagellate,Protoperidinium spp.,DF-Protoperidinium spp.,80
10143,2013,Jul,26,26/07/2013,,16.38326,119.92616,W11,,1,Diatom,Pseudonitzschia spp.,D-Pseudonitzschia spp.,640
10144,2013,Jul,26,26/07/2013,,16.38326,119.92616,W11,,1,Diatom,Rhizosolenia sp2,D-Rhizosolenia sp. 2,37600
10145,2013,Jul,26,26/07/2013,,16.38326,119.92616,W11,,1,Diatom,Skeletonema,D-Skeletonema,1840
10146,2013,Jul,26,26/07/2013,,16.38326,119.92616,W11,,1,Diatom,Helicotheca tamensis,D-Helicotheca tamensis,2240
10147,2013,Jul,26,26/07/2013,,16.38326,119.92616,W11,,1,Diatom,Thalassiosira spp.,D-Thalassiosira spp.,1520
10148,2013,Jul,26,26/07/2013,,16.38326,119.92616,W11,,1,Silicoflagellate,Tintinopsis,SF-Tintinopsis,480
10149,2013,Jul,29,29/07/2013,,16.34775,119.93375,A1,,1,Dinoflagellate,Alexandrium spp.,DF-Alexandrium spp.,240
10150,2013,Jul,29,29/07/2013,,16.34775,119.93375,A1,,1,Silicoflagellate,Favella sp.,SF-Favella sp.,240
10151,2013,Jul,29,29/07/2013,,16.34775,119.93375,A1,,1,Dinoflagellate,Cyst,DF-Cyst,60
10152,2013,Jul,29,29/07/2013,,16.34775,119.93375,A1,,1,Dinoflagellate,Gonyaulax verior,DF-Gonyaulax verior,80
10153,2013,Jul,29,29/07/2013,,16.34775,119.93375,A1,,1,Dinoflagellate,Oxytoxum spp.,DF-Oxytoxum spp.,240
10154,2013,Jul,29,29/07/2013,,16.34775,119.93375,A1,,1,Diatom,Pleurosigma sp1,D-Pleurosigma sp. 1,560
10155,2013,Jul,29,29/07/2013,,16.34775,119.93375,A1,,1,Diatom,Pleurosigma sp2,D-Pleurosigma sp. 2,80
10156,2013,Jul,29,29/07/2013,,16.34775,119.93375,A1,,1,Dinoflagellate,Prorocentrum micans,DF-Prorocentrum micans,4640
10157,2013,Jul,29,29/07/2013,,16.34775,119.93375,A1,,1,Dinoflagellate,Protoperidinium spp.,DF-Protoperidinium spp.,880
10158,2013,Jul,29,29/07/2013,,16.34775,119.93375,A1,,1,Dinoflagellate,Protoperidinium pellucidum,DF-Protoperidinium pellucidum,220
10159,2013,Jul,29,29/07/2013,,16.34775,119.93375,A1,,1,Diatom,Pseudonitzschia spp.,D-Pseudonitzschia spp.,560
10160,2013,Jul,29,29/07/2013,,16.34775,119.93375,A1,,1,Diatom,Rhizosolenia sp2,D-Rhizosolenia sp. 2,13280
10161,2013,Jul,29,29/07/2013,,16.34775,119.93375,A1,,1,Diatom,Helicotheca tamensis,D-Helicotheca tamensis,1200
10162,2013,Jul,29,29/07/2013,,16.34775,119.93375,A1,,1,Diatom,Thalassiosira spp.,D-Thalassiosira spp.,115680
10163,2013,Jul,29,29/07/2013,,16.34775,119.93375,A1,,1,Silicoflagellate,Tintinopsis,SF-Tintinopsis,1520
10164,2013,Jul,29,29/07/2013,,16.34775,119.93452,A2,,1,Dinoflagellate,Alexandrium spp.,DF-Alexandrium spp.,240
10165,2013,Jul,29,29/07/2013,,16.34775,119.93452,A2,,1,Diatom,Biddulphia,D-Biddulphia,320
10166,2013,Jul,29,29/07/2013,,16.34775,119.93452,A2,,1,Silicoflagellate,Favella sp.,SF-Favella sp.,2000
10167,2013,Jul,29,29/07/2013,,16.34775,119.93452,A2,,1,Dinoflagellate,Cyst,DF-Cyst,80
10168,2013,Jul,29,29/07/2013,,16.34775,119.93452,A2,,1,Dinoflagellate,Gyrodinium,DF-Gyrodinium,80
10169,2013,Jul,29,29/07/2013,,16.34775,119.93452,A2,,1,Diatom,Navicula  spp.,D-Navicula  spp.,240
10170,2013,Jul,29,29/07/2013,,16.34775,119.93452,A2,,1,Diatom,Pleurosigma sp1,D-Pleurosigma sp. 1,880
10171,2013,Jul,29,29/07/2013,,16.34775,119.93452,A2,,1,Diatom,Pleurosigma spp.,D-Pleurosigma spp.,160
10172,2013,Jul,29,29/07/2013,,16.34775,119.93452,A2,,1,Dinoflagellate,Prorocentrum micans,DF-Prorocentrum micans,3040
10173,2013,Jul,29,29/07/2013,,16.34775,119.93452,A2,,1,Dinoflagellate,Protoperidinium spp.,DF-Protoperidinium spp.,1360
10174,2013,Jul,29,29/07/2013,,16.34775,119.93452,A2,,1,Dinoflagellate,Protoperidinium pellucidum,DF-Protoperidinium pellucidum,160
10175,2013,Jul,29,29/07/2013,,16.34775,119.93452,A2,,1,Diatom,Pseudonitzschia spp.,D-Pseudonitzschia spp.,160
10176,2013,Jul,29,29/07/2013,,16.34775,119.93452,A2,,1,Diatom,Rhizosolenia sp2,D-Rhizosolenia sp. 2,12480
10177,2013,Jul,29,29/07/2013,,16.34775,119.93452,A2,,1,Diatom,Thalassiosira spp.,D-Thalassiosira spp.,120880
10178,2013,Jul,29,29/07/2013,,16.34775,119.93452,A2,,1,Silicoflagellate,Tintinopsis,SF-Tintinopsis,7760
10179,2013,Jul,29,29/07/2013,,16.33431,119.95731,A3,,1,Dinoflagellate,Alexandrium spp.,DF-Alexandrium spp.,300
10180,2013,Jul,29,29/07/2013,,16.33431,119.95731,A3,,1,Silicoflagellate,Favella sp.,SF-Favella sp.,560
10181,2013,Jul,29,29/07/2013,,16.33431,119.95731,A3,,1,Diatom,Cylindricotheca closterium,D-Cylindricotheca closterium,80
10182,2013,Jul,29,29/07/2013,,16.33431,119.95731,A3,,1,Dinoflagellate,Oxytoxum spp.,DF-Oxytoxum spp.,320
10183,2013,Jul,29,29/07/2013,,16.33431,119.95731,A3,,1,Diatom,Pleurosigma sp1,D-Pleurosigma sp. 1,480
10184,2013,Jul,29,29/07/2013,,16.33431,119.95731,A3,,1,Dinoflagellate,Prorocentrum micans,DF-Prorocentrum micans,400
10185,2013,Jul,29,29/07/2013,,16.33431,119.95731,A3,,1,Dinoflagellate,Protoperidinium spp.,DF-Protoperidinium spp.,220
10186,2013,Jul,29,29/07/2013,,16.33431,119.95731,A3,,1,Dinoflagellate,Protoperinium oblongum,DF-Protoperinium oblongum,240
10187,2013,Jul,29,29/07/2013,,16.33431,119.95731,A3,,1,Diatom,Rhizosolenia sp2,D-Rhizosolenia sp. 2,2960
10188,2013,Jul,29,29/07/2013,,16.33431,119.95731,A3,,1,Diatom,Helicotheca tamensis,D-Helicotheca tamensis,240
10189,2013,Jul,29,29/07/2013,,16.33431,119.95731,A3,,1,Diatom,Thalassiosira spp.,D-Thalassiosira spp.,159440
10190,2013,Jul,29,29/07/2013,,16.33431,119.95731,A3,,1,Silicoflagellate,Tintinopsis,SF-Tintinopsis,4960
10191,2013,Jul,29,29/07/2013,,16.28459,119.92285,A4,,1,Dinoflagellate,Gonyaulax verior,DF-Gonyaulax verior,80
10192,2013,Jul,29,29/07/2013,,16.28459,119.92285,A4,,1,Diatom,Navicula  spp.,D-Navicula  spp.,80
10193,2013,Jul,29,29/07/2013,,16.28459,119.92285,A4,,1,Dinoflagellate,Oxytoxum spp.,DF-Oxytoxum spp.,160
10194,2013,Jul,29,29/07/2013,,16.28459,119.92285,A4,,1,Diatom,Pleurosigma sp1,D-Pleurosigma sp. 1,1360
10195,2013,Jul,29,29/07/2013,,16.28459,119.92285,A4,,1,Dinoflagellate,Prorocentrum micans,DF-Prorocentrum micans,3440
10196,2013,Jul,29,29/07/2013,,16.28459,119.92285,A4,,1,Dinoflagellate,Protoperidinium spp.,DF-Protoperidinium spp.,1120
10197,2013,Jul,29,29/07/2013,,16.28459,119.92285,A4,,1,Diatom,Rhizosolenia sp2,D-Rhizosolenia sp. 2,3200
10198,2013,Jul,29,29/07/2013,,16.28459,119.92285,A4,,1,Diatom,Thalassiosira spp.,D-Thalassiosira spp.,91840
10199,2013,Jul,29,29/07/2013,,16.28459,119.92285,A4,,1,Silicoflagellate,Tintinopsis,SF-Tintinopsis,1360
10200,2013,Jul,29,29/07/2013,,16.27365,119.92599,A5,,1,Dinoflagellate,Alexandrium spp.,DF-Alexandrium spp.,720
10201,2013,Jul,29,29/07/2013,,16.27365,119.92599,A5,,1,Dinoflagellate,Gonyaulax verior,DF-Gonyaulax verior,400
10202,2013,Jul,29,29/07/2013,,16.27365,119.92599,A5,,1,Dinoflagellate,Oxytoxum spp.,DF-Oxytoxum spp.,80
10203,2013,Jul,29,29/07/2013,,16.27365,119.92599,A5,,1,Silicoflagellate,Favella sp.,SF-Favella sp.,80
10204,2013,Jul,29,29/07/2013,,16.27365,119.92599,A5,,1,Diatom,Pleurosigma sp1,D-Pleurosigma sp. 1,800
10205,2013,Jul,29,29/07/2013,,16.27365,119.92599,A5,,1,Dinoflagellate,Prorocentrum micans,DF-Prorocentrum micans,3200
10206,2013,Jul,29,29/07/2013,,16.27365,119.92599,A5,,1,Dinoflagellate,Protoperidinium spp.,DF-Protoperidinium spp.,1440
10207,2013,Jul,29,29/07/2013,,16.27365,119.92599,A5,,1,Diatom,Pseudonitzschia spp.,D-Pseudonitzschia spp.,160
10208,2013,Jul,29,29/07/2013,,16.27365,119.92599,A5,,1,Diatom,Rhizosolenia sp2,D-Rhizosolenia sp. 2,1680
10209,2013,Jul,29,29/07/2013,,16.27365,119.92599,A5,,1,Diatom,Thalassiosira spp.,D-Thalassiosira spp.,54800
10210,2013,Jul,29,29/07/2013,,16.27365,119.92599,A5,,1,Silicoflagellate,Tintinopsis,SF-Tintinopsis,68160
10211,2013,Jul,29,29/07/2013,,16.3743,119.93198,PP,,NB,Diatom,Cylindricotheca closterium,D-Cylindricotheca closterium,80
10212,2013,Jul,29,29/07/2013,,16.3743,119.93198,PP,,NB,Diatom,Pleurosigma sp1,D-Pleurosigma sp. 1,320
10213,2013,Jul,29,29/07/2013,,16.3743,119.93198,PP,,NB,Dinoflagellate,Protoperidinium spp.,DF-Protoperidinium spp.,40
10214,2013,Jul,29,29/07/2013,,16.3743,119.93198,PP,,NB,Diatom,Rhizosolenia sp2,D-Rhizosolenia sp. 2,17600
10215,2013,Jul,29,29/07/2013,,16.3743,119.93198,PP,,NB,Diatom,Skeletonema,D-Skeletonema,3360
10216,2013,Jul,29,29/07/2013,,16.3743,119.93198,PP,,NB,Diatom,Helicotheca tamensis,D-Helicotheca tamensis,2480
10217,2013,Jul,29,29/07/2013,,16.3743,119.93198,PP,,NB,Diatom,Thalassiosira spp.,D-Thalassiosira spp.,480
10218,2013,Jul,29,29/07/2013,,16.3743,119.93198,PP,,NB,Silicoflagellate,Tintinopsis,SF-Tintinopsis,80
10219,2013,Jul,29,29/07/2013,,16.3743,119.93198,PP,,1,Dinoflagellate,Gonyaulax verior,DF-Gonyaulax verior,220
10220,2013,Jul,29,29/07/2013,,16.3743,119.93198,PP,,1,Diatom,Pleurosigma sp1,D-Pleurosigma sp. 1,80
10221,2013,Jul,29,29/07/2013,,16.3743,119.93198,PP,,1,Dinoflagellate,Prorocentrum micans,DF-Prorocentrum micans,2720
10222,2013,Jul,29,29/07/2013,,16.3743,119.93198,PP,,1,Dinoflagellate,Protoperidinium spp.,DF-Protoperidinium spp.,240
10223,2013,Jul,29,29/07/2013,,16.3743,119.93198,PP,,1,Dinoflagellate,Protoperinium oblongum,DF-Protoperinium oblongum,240
10224,2013,Jul,29,29/07/2013,,16.3743,119.93198,PP,,1,Diatom,Pseudonitzschia spp.,D-Pseudonitzschia spp.,1360
10225,2013,Jul,29,29/07/2013,,16.3743,119.93198,PP,,1,Diatom,Rhizosolenia sp2,D-Rhizosolenia sp. 2,19120
10226,2013,Jul,29,29/07/2013,,16.3743,119.93198,PP,,1,Diatom,Skeletonema,D-Skeletonema,320
10227,2013,Jul,29,29/07/2013,,16.3743,119.93198,PP,,1,Diatom,Helicotheca tamensis,D-Helicotheca tamensis,1680
10228,2013,Jul,29,29/07/2013,,16.3743,119.93198,PP,,1,Diatom,Thalassiosira spp.,D-Thalassiosira spp.,133680
10229,2013,Jul,29,29/07/2013,,16.39578,119.90667,RVA3,,Mid,Dinoflagellate,Prorocentrum micans,DF-Prorocentrum micans,480
10230,2013,Jul,29,29/07/2013,,16.39578,119.90667,RVA3,,Mid,Diatom,Rhizosolenia sp2,D-Rhizosolenia sp. 2,1200
10231,2013,Jul,29,29/07/2013,,16.39578,119.90667,RVA3,,Mid,Cyanobacteria,Trichodesmium sp.,CYN-Trichodesmium sp.,80
10232,2013,Jul,29,29/07/2013,,16.39578,119.90667,RVA3,,Mid,Diatom,Helicotheca tamensis,D-Helicotheca tamensis,400
10233,2013,Jul,29,29/07/2013,,16.39578,119.90667,RVA3,,NB,Diatom,Pleurosigma sp1,D-Pleurosigma sp. 1,80
10234,2013,Jul,29,29/07/2013,,16.39578,119.90667,RVA3,,NB,Diatom,Rhizosolenia sp2,D-Rhizosolenia sp. 2,1600
10235,2013,Jul,29,29/07/2013,,16.39578,119.90667,RVA3,,NB,Diatom,Helicotheca tamensis,D-Helicotheca tamensis,400
10236,2013,Jul,29,29/07/2013,,16.39578,119.90667,RVA3,,1,Dinoflagellate,Alexandrium spp.,DF-Alexandrium spp.,160
10237,2013,Jul,29,29/07/2013,,16.39578,119.90667,RVA3,,1,Dinoflagellate,Gyrodinium,DF-Gyrodinium,320
10238,2013,Jul,29,29/07/2013,,16.39578,119.90667,RVA3,,1,Diatom,Pleurosigma sp1,D-Pleurosigma sp. 1,240
10239,2013,Jul,29,29/07/2013,,16.39578,119.90667,RVA3,,1,Dinoflagellate,Prorocentrum micans,DF-Prorocentrum micans,3760
10240,2013,Jul,29,29/07/2013,,16.39578,119.90667,RVA3,,1,Dinoflagellate,Prorocentrum minimum,DF-Prorocentrum minimum,80
10241,2013,Jul,29,29/07/2013,,16.39578,119.90667,RVA3,,1,Dinoflagellate,Protoperidinium spp.,DF-Protoperidinium spp.,480
10242,2013,Jul,29,29/07/2013,,16.39578,119.90667,RVA3,,1,Diatom,Pseudonitzschia spp.,D-Pseudonitzschia spp.,480
10243,2013,Jul,29,29/07/2013,,16.39578,119.90667,RVA3,,1,Diatom,Rhizosolenia sp2,D-Rhizosolenia sp. 2,35120
10244,2013,Jul,29,29/07/2013,,16.39578,119.90667,RVA3,,1,Diatom,Skeletonema,D-Skeletonema,2240
10245,2013,Jul,29,29/07/2013,,16.39578,119.90667,RVA3,,1,Diatom,Helicotheca tamensis,D-Helicotheca tamensis,2400
10246,2013,Jul,29,29/07/2013,,16.39578,119.90667,RVA3,,1,Diatom,Thalassiosira spp.,D-Thalassiosira spp.,1360
10247,2013,Jul,29,29/07/2013,,16.39578,119.90667,RVA3,,1,Silicoflagellate,Tintinopsis,SF-Tintinopsis,160
10248,2013,Jul,29,29/07/2013,,16.30944,119.92063,TS1,,NB,Dinoflagellate,Alexandrium spp.,DF-Alexandrium spp.,80
10249,2013,Jul,29,29/07/2013,,16.30944,119.92063,TS1,,NB,Diatom,Biddulphia,D-Biddulphia,80
10250,2013,Jul,29,29/07/2013,,16.30944,119.92063,TS1,,NB,Dinoflagellate,Cyst,DF-Cyst,80
10251,2013,Jul,29,29/07/2013,,16.30944,119.92063,TS1,,NB,Dinoflagellate,Gonyaulax verior,DF-Gonyaulax verior,80
10252,2013,Jul,29,29/07/2013,,16.30944,119.92063,TS1,,NB,Dinoflagellate,Oxytoxum spp.,DF-Oxytoxum spp.,80
10253,2013,Jul,29,29/07/2013,,16.30944,119.92063,TS1,,NB,Diatom,Pleurosigma sp1,D-Pleurosigma sp. 1,800
10254,2013,Jul,29,29/07/2013,,16.30944,119.92063,TS1,,NB,Dinoflagellate,Phalacroma  spp.,DF-Phalacroma  spp.,80
10255,2013,Jul,29,29/07/2013,,16.30944,119.92063,TS1,,NB,Dinoflagellate,Protoperidinium spp.,DF-Protoperidinium spp.,400
10256,2013,Jul,29,29/07/2013,,16.30944,119.92063,TS1,,NB,Diatom,Pseudonitzschia spp.,D-Pseudonitzschia spp.,480
10257,2013,Jul,29,29/07/2013,,16.30944,119.92063,TS1,,NB,Diatom,Rhizosolenia sp2,D-Rhizosolenia sp. 2,5680
10258,2013,Jul,29,29/07/2013,,16.30944,119.92063,TS1,,NB,Diatom,Skeletonema,D-Skeletonema,2560
10259,2013,Jul,29,29/07/2013,,16.30944,119.92063,TS1,,NB,Diatom,Helicotheca tamensis,D-Helicotheca tamensis,80
10260,2013,Jul,29,29/07/2013,,16.30944,119.92063,TS1,,NB,Diatom,Thalassiosira spp.,D-Thalassiosira spp.,1520
10261,2013,Jul,29,29/07/2013,,16.30944,119.92063,TS1,,NB,Silicoflagellate,Tintinopsis,SF-Tintinopsis,320
10262,2013,Jul,29,29/07/2013,,16.30944,119.92063,TS1,,1,Dinoflagellate,Ceratium furca,DF-Ceratium furca,160
10263,2013,Jul,29,29/07/2013,,16.30944,119.92063,TS1,,1,Dinoflagellate,Gonyaulax verior,DF-Gonyaulax verior,80
10264,2013,Jul,29,29/07/2013,,16.30944,119.92063,TS1,,1,Dinoflagellate,Gyrodinium,DF-Gyrodinium,80
10265,2013,Jul,29,29/07/2013,,16.30944,119.92063,TS1,,1,Dinoflagellate,Oxytoxum spp.,DF-Oxytoxum spp.,560
10266,2013,Jul,29,29/07/2013,,16.30944,119.92063,TS1,,1,Diatom,Pleurosigma sp1,D-Pleurosigma sp. 1,1200
10267,2013,Jul,29,29/07/2013,,16.30944,119.92063,TS1,,1,Dinoflagellate,Prorocentrum micans,DF-Prorocentrum micans,7760
10268,2013,Jul,29,29/07/2013,,16.30944,119.92063,TS1,,1,Dinoflagellate,Protoperidinium spp.,DF-Protoperidinium spp.,1120
10269,2013,Jul,29,29/07/2013,,16.30944,119.92063,TS1,,1,Dinoflagellate,Protoperinium oblongum,DF-Protoperinium oblongum,80
10270,2013,Jul,29,29/07/2013,,16.30944,119.92063,TS1,,1,Diatom,Pseudonitzschia spp.,D-Pseudonitzschia spp.,240
10271,2013,Jul,29,29/07/2013,,16.30944,119.92063,TS1,,1,Diatom,Rhizosolenia sp2,D-Rhizosolenia sp. 2,5040
10272,2013,Jul,29,29/07/2013,,16.30944,119.92063,TS1,,1,Diatom,Thalassiosira spp.,D-Thalassiosira spp.,183920
10273,2013,Jul,29,29/07/2013,,16.30944,119.92063,TS1,,1,Silicoflagellate,Tintinopsis,SF-Tintinopsis,8160
10274,2013,Jul,29,29/07/2013,,16.38339,119.91585,TS2,,Mid,Diatom,Pseudonitzschia spp.,D-Pseudonitzschia spp.,400
10275,2013,Jul,29,29/07/2013,,16.38339,119.91585,TS2,,Mid,Diatom,Rhizosolenia sp2,D-Rhizosolenia sp. 2,1120
10276,2013,Jul,29,29/07/2013,,16.38339,119.91585,TS2,,Mid,Diatom,Skeletonema,D-Skeletonema,400
10277,2013,Jul,29,29/07/2013,,16.38339,119.91585,TS2,,Mid,Diatom,Helicotheca tamensis,D-Helicotheca tamensis,720
10278,2013,Jul,29,29/07/2013,,16.38339,119.91585,TS2,,Mid,Diatom,Thalassiosira spp.,D-Thalassiosira spp.,80
10279,2013,Jul,29,29/07/2013,,16.38339,119.91585,TS2,,NB,Dinoflagellate,Protoperidinium spp.,DF-Protoperidinium spp.,320
10280,2013,Jul,29,29/07/2013,,16.38339,119.91585,TS2,,NB,Diatom,Rhizosolenia sp2,D-Rhizosolenia sp. 2,480
10281,2013,Jul,29,29/07/2013,,16.38339,119.91585,TS2,,NB,Diatom,Thalassiosira spp.,D-Thalassiosira spp.,240
10282,2013,Jul,29,29/07/2013,,16.38339,119.91585,TS2,,1,Dinoflagellate,Gonyaulax verior,DF-Gonyaulax verior,160
10283,2013,Jul,29,29/07/2013,,16.38339,119.91585,TS2,,1,Dinoflagellate,Gyrodinium,DF-Gyrodinium,160
10284,2013,Jul,29,29/07/2013,,16.38339,119.91585,TS2,,1,Diatom,Pleurosigma sp1,D-Pleurosigma sp. 1,960
10285,2013,Jul,29,29/07/2013,,16.38339,119.91585,TS2,,1,Dinoflagellate,Prorocentrum micans,DF-Prorocentrum micans,1040
10286,2013,Jul,29,29/07/2013,,16.38339,119.91585,TS2,,1,Dinoflagellate,Protoperidinium spp.,DF-Protoperidinium spp.,160
10287,2013,Jul,29,29/07/2013,,16.38339,119.91585,TS2,,1,Diatom,Pseudonitzschia spp.,D-Pseudonitzschia spp.,1600
10288,2013,Jul,29,29/07/2013,,16.38339,119.91585,TS2,,1,Diatom,Rhizosolenia sp2,D-Rhizosolenia sp. 2,25040
10289,2013,Jul,29,29/07/2013,,16.38339,119.91585,TS2,,1,Diatom,Skeletonema,D-Skeletonema,400
10290,2013,Jul,29,29/07/2013,,16.38339,119.91585,TS2,,1,Diatom,Helicotheca tamensis,D-Helicotheca tamensis,2160
10291,2013,Jul,29,29/07/2013,,16.38339,119.91585,TS2,,1,Diatom,Thalassiosira spp.,D-Thalassiosira spp.,7840
10292,2013,Jul,29,29/07/2013,,16.38339,119.91585,TS2,,1,Diatom,Thalassionema spp.,D-Thalassionema spp.,1600
10293,2013,Jul,29,29/07/2013,,16.34927,119.94606,W1,,1,Diatom,Cylindricotheca closterium,D-Cylindricotheca closterium,160
10294,2013,Jul,29,29/07/2013,,16.34927,119.94606,W1,,1,Diatom,Pleurosigma sp1,D-Pleurosigma sp. 1,400
10295,2013,Jul,29,29/07/2013,,16.34927,119.94606,W1,,1,Dinoflagellate,Phalacroma  spp.,DF-Phalacroma  spp.,80
10296,2013,Jul,29,29/07/2013,,16.34927,119.94606,W1,,1,Diatom,Pleurosigma spp.,D-Pleurosigma spp.,80
10297,2013,Jul,29,29/07/2013,,16.34927,119.94606,W1,,1,Dinoflagellate,Prorocentrum micans,DF-Prorocentrum micans,160
10298,2013,Jul,29,29/07/2013,,16.34927,119.94606,W1,,1,Dinoflagellate,Prorocentrum minimum,DF-Prorocentrum minimum,80
10299,2013,Jul,29,29/07/2013,,16.34927,119.94606,W1,,1,Dinoflagellate,Protoperinium oblongum,DF-Protoperinium oblongum,80
10300,2013,Jul,29,29/07/2013,,16.34927,119.94606,W1,,1,Diatom,Pseudonitzschia spp.,D-Pseudonitzschia spp.,880
10301,2013,Jul,29,29/07/2013,,16.34927,119.94606,W1,,1,Diatom,Rhizosolenia sp2,D-Rhizosolenia sp. 2,13680
10302,2013,Jul,29,29/07/2013,,16.34927,119.94606,W1,,1,Diatom,Helicotheca tamensis,D-Helicotheca tamensis,320
10303,2013,Jul,29,29/07/2013,,16.34927,119.94606,W1,,1,Diatom,Thalassiosira spp.,D-Thalassiosira spp.,2640
10304,2013,Jul,29,29/07/2013,,16.34927,119.94606,W1,,1,Silicoflagellate,Tintinopsis,SF-Tintinopsis,160
10305,2013,Jul,29,29/07/2013,,16.34927,119.94606,W1,,1,Diatom,Thalassionema spp.,D-Thalassionema spp.,480
10306,2013,Jul,29,29/07/2013,,16.33668,119.94476,W2A,,1,Dinoflagellate,Alexandrium spp.,DF-Alexandrium spp.,160
10307,2013,Jul,29,29/07/2013,,16.33668,119.94476,W2A,,1,Dinoflagellate,Gonyaulax verior,DF-Gonyaulax verior,160
10308,2013,Jul,29,29/07/2013,,16.33668,119.94476,W2A,,1,Diatom,Navicula  spp.,D-Navicula  spp.,160
10309,2013,Jul,29,29/07/2013,,16.33668,119.94476,W2A,,1,Dinoflagellate,Oxytoxum spp.,DF-Oxytoxum spp.,400
10310,2013,Jul,29,29/07/2013,,16.33668,119.94476,W2A,,1,Diatom,Pleurosigma sp1,D-Pleurosigma sp. 1,640
10311,2013,Jul,29,29/07/2013,,16.33668,119.94476,W2A,,1,Diatom,Pleurosigma spp.,D-Pleurosigma spp.,720
10312,2013,Jul,29,29/07/2013,,16.33668,119.94476,W2A,,1,Dinoflagellate,Prorocentrum micans,DF-Prorocentrum micans,2560
10313,2013,Jul,29,29/07/2013,,16.33668,119.94476,W2A,,1,Dinoflagellate,Protoperidinium spp.,DF-Protoperidinium spp.,480
10314,2013,Jul,29,29/07/2013,,16.33668,119.94476,W2A,,1,Diatom,Rhizosolenia sp2,D-Rhizosolenia sp. 2,5760
10315,2013,Jul,29,29/07/2013,,16.33668,119.94476,W2A,,1,Diatom,Helicotheca tamensis,D-Helicotheca tamensis,640
10316,2013,Jul,29,29/07/2013,,16.33668,119.94476,W2A,,1,Diatom,Thalassiosira spp.,D-Thalassiosira spp.,38560
10317,2013,Jul,29,29/07/2013,,16.33668,119.94476,W2A,,1,Silicoflagellate,Tintinopsis,SF-Tintinopsis,80
10318,2013,Jul,29,29/07/2013,,16.33668,119.94476,W2A,,1,Dinoflagellate,Prorocentrum  minimum,DF-Prorocentrum  minimum,960
10319,2013,Jul,29,29/07/2013,,16.37073,119.93401,W3,,NB,Diatom,Chaetoceros spp.,D-Chaetoceros spp.,320
10320,2013,Jul,29,29/07/2013,,16.37073,119.93401,W3,,NB,Diatom,Navicula  spp.,D-Navicula  spp.,80
10321,2013,Jul,29,29/07/2013,,16.37073,119.93401,W3,,NB,Diatom,Pleurosigma sp1,D-Pleurosigma sp. 1,160
10322,2013,Jul,29,29/07/2013,,16.37073,119.93401,W3,,NB,Dinoflagellate,Protoperidinium spp.,DF-Protoperidinium spp.,80
10323,2013,Jul,29,29/07/2013,,16.37073,119.93401,W3,,NB,Diatom,Rhizosolenia sp2,D-Rhizosolenia sp. 2,8480
10324,2013,Jul,29,29/07/2013,,16.37073,119.93401,W3,,NB,Diatom,Skeletonema,D-Skeletonema,1280
10325,2013,Jul,29,29/07/2013,,16.37073,119.93401,W3,,NB,Diatom,Helicotheca tamensis,D-Helicotheca tamensis,1440
10326,2013,Jul,29,29/07/2013,,16.37073,119.93401,W3,,NB,Diatom,Thalassiosira spp.,D-Thalassiosira spp.,160
10327,2013,Jul,29,29/07/2013,,16.37073,119.93401,W3,,1,Dinoflagellate,Ceratium furca,DF-Ceratium furca,160
10328,2013,Jul,29,29/07/2013,,16.37073,119.93401,W3,,1,Dinoflagellate,Gonyaulax verior,DF-Gonyaulax verior,880
10329,2013,Jul,29,29/07/2013,,16.37073,119.93401,W3,,1,Dinoflagellate,Gyrodinium,DF-Gyrodinium,160
10330,2013,Jul,29,29/07/2013,,16.37073,119.93401,W3,,1,Diatom,Pleurosigma sp1,D-Pleurosigma sp. 1,480
10331,2013,Jul,29,29/07/2013,,16.37073,119.93401,W3,,1,Dinoflagellate,Prorocentrum micans,DF-Prorocentrum micans,4640
10332,2013,Jul,29,29/07/2013,,16.37073,119.93401,W3,,1,Dinoflagellate,Protoperidinium spp.,DF-Protoperidinium spp.,480
10333,2013,Jul,29,29/07/2013,,16.37073,119.93401,W3,,1,Diatom,Pseudonitzschia spp.,D-Pseudonitzschia spp.,1600
10334,2013,Jul,29,29/07/2013,,16.37073,119.93401,W3,,1,Diatom,Rhizosolenia sp2,D-Rhizosolenia sp. 2,15280
10335,2013,Jul,29,29/07/2013,,16.37073,119.93401,W3,,1,Diatom,Skeletonema,D-Skeletonema,480
10336,2013,Jul,29,29/07/2013,,16.37073,119.93401,W3,,1,Diatom,Helicotheca tamensis,D-Helicotheca tamensis,1840
10337,2013,Jul,29,29/07/2013,,16.37073,119.93401,W3,,1,Diatom,Thalassiosira spp.,D-Thalassiosira spp.,1120
10338,2013,Jul,29,29/07/2013,,16.37073,119.93401,W3,,1,Silicoflagellate,Tintinopsis,SF-Tintinopsis,80
10339,2013,Jul,29,29/07/2013,,16.32003,119.93384,W8,,1,Dinoflagellate,Alexandrium spp.,DF-Alexandrium spp.,160
10340,2013,Jul,29,29/07/2013,,16.32003,119.93384,W8,,1,Dinoflagellate,Cyst,DF-Cyst,160
10341,2013,Jul,29,29/07/2013,,16.32003,119.93384,W8,,1,Diatom,Navicula  spp.,D-Navicula  spp.,240
10342,2013,Jul,29,29/07/2013,,16.32003,119.93384,W8,,1,Diatom,Pleurosigma sp1,D-Pleurosigma sp. 1,1120
10343,2013,Jul,29,29/07/2013,,16.32003,119.93384,W8,,1,Diatom,Pleurosigma spp.,D-Pleurosigma spp.,80
10344,2013,Jul,29,29/07/2013,,16.32003,119.93384,W8,,1,Dinoflagellate,Prorocentrum micans,DF-Prorocentrum micans,1200
10345,2013,Jul,29,29/07/2013,,16.32003,119.93384,W8,,1,Dinoflagellate,Protoperidinium spp.,DF-Protoperidinium spp.,240
10346,2013,Jul,29,29/07/2013,,16.32003,119.93384,W8,,1,Diatom,Pseudonitzschia spp.,D-Pseudonitzschia spp.,400
10347,2013,Jul,29,29/07/2013,,16.32003,119.93384,W8,,1,Diatom,Rhizosolenia sp2,D-Rhizosolenia sp. 2,9520
10348,2013,Jul,29,29/07/2013,,16.32003,119.93384,W8,,1,Diatom,Thalassiosira spp.,D-Thalassiosira spp.,254000
10349,2013,Jul,29,29/07/2013,,16.32003,119.93384,W8,,1,Silicoflagellate,Tintinopsis,SF-Tintinopsis,6480
10350,2013,Jul,29,29/07/2013,,16.34775,119.93452,W9,,1,Dinoflagellate,Alexandrium spp.,DF-Alexandrium spp.,1120
10351,2013,Jul,29,29/07/2013,,16.34775,119.93452,W9,,1,Silicoflagellate,Favella sp.,SF-Favella sp.,480
10352,2013,Jul,29,29/07/2013,,16.34775,119.93452,W9,,1,Dinoflagellate,Cyst,DF-Cyst,80
10353,2013,Jul,29,29/07/2013,,16.34775,119.93452,W9,,1,Dinoflagellate,Gonyaulax spinifera,DF-Gonyaulax spinifera,80
10354,2013,Jul,29,29/07/2013,,16.34775,119.93452,W9,,1,Dinoflagellate,Gonyaulax verior,DF-Gonyaulax verior,160
10355,2013,Jul,29,29/07/2013,,16.34775,119.93452,W9,,1,Diatom,Navicula  spp.,D-Navicula  spp.,160
10356,2013,Jul,29,29/07/2013,,16.34775,119.93452,W9,,1,Dinoflagellate,Oxytoxum spp.,DF-Oxytoxum spp.,480
10357,2013,Jul,29,29/07/2013,,16.34775,119.93452,W9,,1,Diatom,Pleurosigma sp1,D-Pleurosigma sp. 1,1280
10358,2013,Jul,29,29/07/2013,,16.34775,119.93452,W9,,1,Diatom,Pleurosigma spp.,D-Pleurosigma spp.,160
10359,2013,Jul,29,29/07/2013,,16.34775,119.93452,W9,,1,Dinoflagellate,Prorocentrum micans,DF-Prorocentrum micans,3520
10360,2013,Jul,29,29/07/2013,,16.34775,119.93452,W9,,1,Dinoflagellate,Protoperidinium spp.,DF-Protoperidinium spp.,240
10361,2013,Jul,29,29/07/2013,,16.34775,119.93452,W9,,1,Dinoflagellate,Protoperinium oblongum,DF-Protoperinium oblongum,240
10362,2013,Jul,29,29/07/2013,,16.34775,119.93452,W9,,1,Diatom,Rhizosolenia sp2,D-Rhizosolenia sp. 2,5760
10363,2013,Jul,29,29/07/2013,,16.34775,119.93452,W9,,1,Diatom,Helicotheca tamensis,D-Helicotheca tamensis,80
10364,2013,Jul,29,29/07/2013,,16.34775,119.93452,W9,,1,Diatom,Thalassiosira spp.,D-Thalassiosira spp.,113440
10365,2013,Jul,29,29/07/2013,,16.34775,119.93452,W9,,1,Silicoflagellate,Tintinopsis,SF-Tintinopsis,1440
10366,2013,Jul,29,29/07/2013,,16.37052,119.94857,W10,,1,Dinoflagellate,Gyrodinium,DF-Gyrodinium,400
10367,2013,Jul,29,29/07/2013,,16.37052,119.94857,W10,,1,Diatom,Navicula  spp.,D-Navicula  spp.,1120
10368,2013,Jul,29,29/07/2013,,16.37052,119.94857,W10,,1,Dinoflagellate,Oxytoxum spp.,DF-Oxytoxum spp.,400
10369,2013,Jul,29,29/07/2013,,16.37052,119.94857,W10,,1,Dinoflagellate,Prorocentrum micans,DF-Prorocentrum micans,240
10370,2013,Jul,29,29/07/2013,,16.37052,119.94857,W10,,1,Dinoflagellate,Protoperidinium spp.,DF-Protoperidinium spp.,480
10371,2013,Jul,29,29/07/2013,,16.37052,119.94857,W10,,1,Diatom,Pseudonitzschia spp.,D-Pseudonitzschia spp.,3360
10372,2013,Jul,29,29/07/2013,,16.37052,119.94857,W10,,1,Diatom,Rhizosolenia sp2,D-Rhizosolenia sp. 2,43680
10373,2013,Jul,29,29/07/2013,,16.37052,119.94857,W10,,1,Diatom,Skeletonema,D-Skeletonema,1760
10374,2013,Jul,29,29/07/2013,,16.37052,119.94857,W10,,1,Diatom,Helicotheca tamensis,D-Helicotheca tamensis,560
10375,2013,Jul,29,29/07/2013,,16.37052,119.94857,W10,,1,Diatom,Thalassiosira spp.,D-Thalassiosira spp.,24000
10376,2013,Jul,29,29/07/2013,,16.37052,119.94857,W10,,1,Diatom,Thalassionema spp.,D-Thalassionema spp.,6000
10377,2013,Jul,29,29/07/2013,,16.38326,119.92616,W11,,Mid,Diatom,Pleurosigma sp1,D-Pleurosigma sp. 1,320
10378,2013,Jul,29,29/07/2013,,16.38326,119.92616,W11,,Mid,Dinoflagellate,Prorocentrum micans,DF-Prorocentrum micans,160
10379,2013,Jul,29,29/07/2013,,16.38326,119.92616,W11,,Mid,Dinoflagellate,Protoperidinium spp.,DF-Protoperidinium spp.,160
10380,2013,Jul,29,29/07/2013,,16.38326,119.92616,W11,,Mid,Diatom,Pseudonitzschia spp.,D-Pseudonitzschia spp.,1120
10381,2013,Jul,29,29/07/2013,,16.38326,119.92616,W11,,Mid,Diatom,Rhizosolenia sp2,D-Rhizosolenia sp. 2,12240
10382,2013,Jul,29,29/07/2013,,16.38326,119.92616,W11,,Mid,Diatom,Skeletonema,D-Skeletonema,1680
10383,2013,Jul,29,29/07/2013,,16.38326,119.92616,W11,,Mid,Cyanobacteria,Trichodesmium sp.,CYN-Trichodesmium sp.,80
10384,2013,Jul,29,29/07/2013,,16.38326,119.92616,W11,,Mid,Diatom,Helicotheca tamensis,D-Helicotheca tamensis,1920
10385,2013,Jul,29,29/07/2013,,16.38326,119.92616,W11,,NB,Diatom,Navicula  spp.,D-Navicula  spp.,80
10386,2013,Jul,29,29/07/2013,,16.38326,119.92616,W11,,NB,Silicoflagellate,Favella sp.,SF-Favella sp.,80
10387,2013,Jul,29,29/07/2013,,16.38326,119.92616,W11,,NB,Diatom,Pleurosigma sp1,D-Pleurosigma sp. 1,160
10388,2013,Jul,29,29/07/2013,,16.38326,119.92616,W11,,NB,Diatom,Rhizosolenia sp2,D-Rhizosolenia sp. 2,1520
10389,2013,Jul,29,29/07/2013,,16.38326,119.92616,W11,,NB,Diatom,Skeletonema,D-Skeletonema,1120
10390,2013,Jul,29,29/07/2013,,16.38326,119.92616,W11,,NB,Diatom,Helicotheca tamensis,D-Helicotheca tamensis,800
10391,2013,Jul,29,29/07/2013,,16.38326,119.92616,W11,,NB,Diatom,Thalassiosira spp.,D-Thalassiosira spp.,240
10392,2013,Jul,29,29/07/2013,,16.38326,119.92616,W11,,1,Dinoflagellate,Alexandrium spp.,DF-Alexandrium spp.,80
10393,2013,Jul,29,29/07/2013,,16.38326,119.92616,W11,,1,Silicoflagellate,Favella sp.,SF-Favella sp.,480
10394,2013,Jul,29,29/07/2013,,16.38326,119.92616,W11,,1,Dinoflagellate,Cyst,DF-Cyst,80
10395,2013,Jul,29,29/07/2013,,16.38326,119.92616,W11,,1,Dinoflagellate,Gonyaulax verior,DF-Gonyaulax verior,480
10396,2013,Jul,29,29/07/2013,,16.38326,119.92616,W11,,1,Dinoflagellate,Oxytoxum spp.,DF-Oxytoxum spp.,80
10397,2013,Jul,29,29/07/2013,,16.38326,119.92616,W11,,1,Diatom,Pleurosigma sp1,D-Pleurosigma sp. 1,3760
10398,2013,Jul,29,29/07/2013,,16.38326,119.92616,W11,,1,Dinoflagellate,Prorocentrum micans,DF-Prorocentrum micans,3440
10399,2013,Jul,29,29/07/2013,,16.38326,119.92616,W11,,1,Dinoflagellate,Protoperidinium spp.,DF-Protoperidinium spp.,320
10400,2013,Jul,29,29/07/2013,,16.38326,119.92616,W11,,1,Diatom,Pseudonitzschia spp.,D-Pseudonitzschia spp.,480
10401,2013,Jul,29,29/07/2013,,16.38326,119.92616,W11,,1,Diatom,Rhizosolenia sp2,D-Rhizosolenia sp. 2,18480
10402,2013,Jul,29,29/07/2013,,16.38326,119.92616,W11,,1,Diatom,Helicotheca tamensis,D-Helicotheca tamensis,640
10403,2013,Jul,29,29/07/2013,,16.38326,119.92616,W11,,1,Diatom,Thalassiosira spp.,D-Thalassiosira spp.,11600
10404,2013,Jul,29,29/07/2013,,16.38326,119.92616,W11,,1,Silicoflagellate,Tintinopsis,SF-Tintinopsis,240
10405,2013,Aug,1,01/08/2013,,16.34775,119.93375,A1,,1,Dinoflagellate,Cyst,DF-Cyst,80
10406,2013,Aug,1,01/08/2013,,16.34775,119.93375,A1,,1,Diatom,Pleurosigma sp1,D-Pleurosigma sp. 1,1120
10407,2013,Aug,1,01/08/2013,,16.34775,119.93375,A1,,1,Dinoflagellate,Phalacroma  spp.,DF-Phalacroma  spp.,240
10408,2013,Aug,1,01/08/2013,,16.34775,119.93375,A1,,1,Dinoflagellate,Prorocentrum micans,DF-Prorocentrum micans,2800
10409,2013,Aug,1,01/08/2013,,16.34775,119.93375,A1,,1,Dinoflagellate,Protoperidinium spp.,DF-Protoperidinium spp.,1440
10410,2013,Aug,1,01/08/2013,,16.34775,119.93375,A1,,1,Diatom,Pseudonitzschia spp.,D-Pseudonitzschia spp.,240
10411,2013,Aug,1,01/08/2013,,16.34775,119.93375,A1,,1,Diatom,Rhizosolenia sp2,D-Rhizosolenia sp. 2,8080
10412,2013,Aug,1,01/08/2013,,16.34775,119.93375,A1,,1,Cyanobacteria,Trichodesmium sp.,CYN-Trichodesmium sp.,80
10413,2013,Aug,1,01/08/2013,,16.34775,119.93375,A1,,1,Diatom,Helicotheca tamensis,D-Helicotheca tamensis,160
10414,2013,Aug,1,01/08/2013,,16.34775,119.93375,A1,,1,Diatom,Thalassiosira spp.,D-Thalassiosira spp.,10320
10415,2013,Aug,1,01/08/2013,,16.34775,119.93375,A1,,1,Silicoflagellate,Tintinopsis,SF-Tintinopsis,880
10416,2013,Aug,1,01/08/2013,,16.34775,119.93452,A2,,1,Dinoflagellate,Gyrodinium,DF-Gyrodinium,80
10417,2013,Aug,1,01/08/2013,,16.34775,119.93452,A2,,1,Diatom,Navicula  spp.,D-Navicula  spp.,160
10418,2013,Aug,1,01/08/2013,,16.34775,119.93452,A2,,1,Dinoflagellate,Oxytoxum spp.,DF-Oxytoxum spp.,160
10419,2013,Aug,1,01/08/2013,,16.34775,119.93452,A2,,1,Diatom,Pleurosigma sp1,D-Pleurosigma sp. 1,320
10420,2013,Aug,1,01/08/2013,,16.34775,119.93452,A2,,1,Dinoflagellate,Prorocentrum micans,DF-Prorocentrum micans,3840
10421,2013,Aug,1,01/08/2013,,16.34775,119.93452,A2,,1,Dinoflagellate,Protoperidinium spp.,DF-Protoperidinium spp.,240
10422,2013,Aug,1,01/08/2013,,16.34775,119.93452,A2,,1,Dinoflagellate,Protoperdinium  pellucidum,DF-Protoperdinium  pellucidum,560
10423,2013,Aug,1,01/08/2013,,16.34775,119.93452,A2,,1,Diatom,Rhizosolenia sp2,D-Rhizosolenia sp. 2,2480
10424,2013,Aug,1,01/08/2013,,16.34775,119.93452,A2,,1,Diatom,Helicotheca tamensis,D-Helicotheca tamensis,560
10425,2013,Aug,1,01/08/2013,,16.34775,119.93452,A2,,1,Diatom,Thalassiosira spp.,D-Thalassiosira spp.,2400
10426,2013,Aug,1,01/08/2013,,16.34775,119.93452,A2,,1,Silicoflagellate,Tintinopsis,SF-Tintinopsis,320
10427,2013,Aug,1,01/08/2013,,16.33431,119.95731,A3,,1,Diatom,Cylindricotheca closterium,D-Cylindricotheca closterium,80
10428,2013,Aug,1,01/08/2013,,16.33431,119.95731,A3,,1,Dinoflagellate,Gonyaulax verior,DF-Gonyaulax verior,320
10429,2013,Aug,1,01/08/2013,,16.33431,119.95731,A3,,1,Dinoflagellate,Gyrodinium,DF-Gyrodinium,320
10430,2013,Aug,1,01/08/2013,,16.33431,119.95731,A3,,1,Dinoflagellate,Oxytoxum spp.,DF-Oxytoxum spp.,160
10431,2013,Aug,1,01/08/2013,,16.33431,119.95731,A3,,1,Diatom,Pleurosigma sp1,D-Pleurosigma sp. 1,480
10432,2013,Aug,1,01/08/2013,,16.33431,119.95731,A3,,1,Dinoflagellate,Phalacroma  spp.,DF-Phalacroma  spp.,80
10433,2013,Aug,1,01/08/2013,,16.33431,119.95731,A3,,1,Diatom,Pleurosigma spp.,D-Pleurosigma spp.,240
10434,2013,Aug,1,01/08/2013,,16.33431,119.95731,A3,,1,Dinoflagellate,Prorocentrum micans,DF-Prorocentrum micans,3120
10435,2013,Aug,1,01/08/2013,,16.33431,119.95731,A3,,1,Dinoflagellate,Protoperidinium spp.,DF-Protoperidinium spp.,640
10436,2013,Aug,1,01/08/2013,,16.33431,119.95731,A3,,1,Dinoflagellate,Protoperdinium  pellucidum,DF-Protoperdinium  pellucidum,80
10437,2013,Aug,1,01/08/2013,,16.33431,119.95731,A3,,1,Diatom,Pseudonitzschia spp.,D-Pseudonitzschia spp.,160
10438,2013,Aug,1,01/08/2013,,16.33431,119.95731,A3,,1,Diatom,Rhizosolenia sp2,D-Rhizosolenia sp. 2,7200
10439,2013,Aug,1,01/08/2013,,16.33431,119.95731,A3,,1,Cyanobacteria,Trichodesmium sp.,CYN-Trichodesmium sp.,240
10440,2013,Aug,1,01/08/2013,,16.33431,119.95731,A3,,1,Diatom,Helicotheca tamensis,D-Helicotheca tamensis,640
10441,2013,Aug,1,01/08/2013,,16.33431,119.95731,A3,,1,Diatom,Thalassiosira spp.,D-Thalassiosira spp.,1600
10442,2013,Aug,1,01/08/2013,,16.33431,119.95731,A3,,1,Silicoflagellate,Tintinopsis,SF-Tintinopsis,5040
10443,2013,Aug,1,01/08/2013,,16.28459,119.92285,A4,,1,Dinoflagellate,Alexandrium spp.,DF-Alexandrium spp.,160
10444,2013,Aug,1,01/08/2013,,16.28459,119.92285,A4,,1,Diatom,Pleurosigma sp1,D-Pleurosigma sp. 1,2400
10445,2013,Aug,1,01/08/2013,,16.28459,119.92285,A4,,1,Dinoflagellate,Prorocentrum micans,DF-Prorocentrum micans,8320
10446,2013,Aug,1,01/08/2013,,16.28459,119.92285,A4,,1,Dinoflagellate,Protoperidinium spp.,DF-Protoperidinium spp.,1920
10447,2013,Aug,1,01/08/2013,,16.28459,119.92285,A4,,1,Diatom,Rhizosolenia sp2,D-Rhizosolenia sp. 2,2720
10448,2013,Aug,1,01/08/2013,,16.28459,119.92285,A4,,1,Diatom,Thalassiosira spp.,D-Thalassiosira spp.,720
10449,2013,Aug,1,01/08/2013,,16.28459,119.92285,A4,,1,Silicoflagellate,Tintinopsis,SF-Tintinopsis,1120
10450,2013,Aug,1,01/08/2013,,16.27365,119.92599,A5,,1,Diatom,Pleurosigma sp1,D-Pleurosigma sp. 1,1200
10451,2013,Aug,1,01/08/2013,,16.27365,119.92599,A5,,1,Dinoflagellate,Prorocentrum micans,DF-Prorocentrum micans,2160
10452,2013,Aug,1,01/08/2013,,16.27365,119.92599,A5,,1,Dinoflagellate,Protoperidinium spp.,DF-Protoperidinium spp.,320
10453,2013,Aug,1,01/08/2013,,16.27365,119.92599,A5,,1,Diatom,Rhizosolenia sp2,D-Rhizosolenia sp. 2,400
10454,2013,Aug,1,01/08/2013,,16.27365,119.92599,A5,,1,Silicoflagellate,Tintinopsis,SF-Tintinopsis,640
10455,2013,Aug,1,01/08/2013,,16.39578,119.90667,RVA3,,Mid,Diatom,Chaetoceros spp.,D-Chaetoceros spp.,80
10456,2013,Aug,1,01/08/2013,,16.39578,119.90667,RVA3,,Mid,Diatom,Pleurosigma sp1,D-Pleurosigma sp. 1,480
10457,2013,Aug,1,01/08/2013,,16.39578,119.90667,RVA3,,Mid,Diatom,Pleurosigma spp.,D-Pleurosigma spp.,80
10458,2013,Aug,1,01/08/2013,,16.39578,119.90667,RVA3,,Mid,Dinoflagellate,Prorocentrum micans,DF-Prorocentrum micans,480
10459,2013,Aug,1,01/08/2013,,16.39578,119.90667,RVA3,,Mid,Dinoflagellate,Protoperidinium spp.,DF-Protoperidinium spp.,80
10460,2013,Aug,1,01/08/2013,,16.39578,119.90667,RVA3,,Mid,Diatom,Rhizosolenia sp2,D-Rhizosolenia sp. 2,3040
10461,2013,Aug,1,01/08/2013,,16.39578,119.90667,RVA3,,Mid,Diatom,Helicotheca tamensis,D-Helicotheca tamensis,160
10462,2013,Aug,1,01/08/2013,,16.39578,119.90667,RVA3,,Mid,Silicoflagellate,Tintinopsis,SF-Tintinopsis,80
10463,2013,Aug,1,01/08/2013,,16.39578,119.90667,RVA3,,NB,Diatom,Navicula  spp.,D-Navicula  spp.,80
10464,2013,Aug,1,01/08/2013,,16.39578,119.90667,RVA3,,NB,Diatom,Pleurosigma sp1,D-Pleurosigma sp. 1,80
10465,2013,Aug,1,01/08/2013,,16.39578,119.90667,RVA3,,NB,Diatom,Pleurosigma spp.,D-Pleurosigma spp.,80
10466,2013,Aug,1,01/08/2013,,16.39578,119.90667,RVA3,,NB,Dinoflagellate,Prorocentrum micans,DF-Prorocentrum micans,160
10467,2013,Aug,1,01/08/2013,,16.39578,119.90667,RVA3,,NB,Diatom,Rhizosolenia sp2,D-Rhizosolenia sp. 2,400
10468,2013,Aug,1,01/08/2013,,16.39578,119.90667,RVA3,,NB,Diatom,Thalassionema spp.,D-Thalassionema spp.,80
10469,2013,Aug,1,01/08/2013,,16.39578,119.90667,RVA3,,1,Dinoflagellate,Alexandrium spp.,DF-Alexandrium spp.,320
10470,2013,Aug,1,01/08/2013,,16.39578,119.90667,RVA3,,1,Diatom,Cylindricotheca closterium,D-Cylindricotheca closterium,160
10471,2013,Aug,1,01/08/2013,,16.39578,119.90667,RVA3,,1,Dinoflagellate,Gonyaulax verior,DF-Gonyaulax verior,80
10472,2013,Aug,1,01/08/2013,,16.39578,119.90667,RVA3,,1,Diatom,Pleurosigma sp1,D-Pleurosigma sp. 1,2880
10473,2013,Aug,1,01/08/2013,,16.39578,119.90667,RVA3,,1,Dinoflagellate,Prorocentrum micans,DF-Prorocentrum micans,160
10474,2013,Aug,1,01/08/2013,,16.39578,119.90667,RVA3,,1,Diatom,Pseudonitzschia spp.,D-Pseudonitzschia spp.,2160
10475,2013,Aug,1,01/08/2013,,16.39578,119.90667,RVA3,,1,Diatom,Rhizosolenia sp2,D-Rhizosolenia sp. 2,11120
10476,2013,Aug,1,01/08/2013,,16.39578,119.90667,RVA3,,1,Cyanobacteria,Trichodesmium sp.,CYN-Trichodesmium sp.,80
10477,2013,Aug,1,01/08/2013,,16.39578,119.90667,RVA3,,1,Diatom,Helicotheca tamensis,D-Helicotheca tamensis,320
10478,2013,Aug,1,01/08/2013,,16.39578,119.90667,RVA3,,1,Diatom,Thalassiosira spp.,D-Thalassiosira spp.,6080
10479,2013,Aug,1,01/08/2013,,16.39578,119.90667,RVA3,,1,Silicoflagellate,Tintinopsis,SF-Tintinopsis,80
10480,2013,Aug,1,01/08/2013,,16.30944,119.92063,TS1,,NB,Dinoflagellate,Gyrodinium,DF-Gyrodinium,240
10481,2013,Aug,1,01/08/2013,,16.30944,119.92063,TS1,,NB,Dinoflagellate,Oxytoxum spp.,DF-Oxytoxum spp.,320
10482,2013,Aug,1,01/08/2013,,16.30944,119.92063,TS1,,NB,Diatom,Pleurosigma sp1,D-Pleurosigma sp. 1,2000
10483,2013,Aug,1,01/08/2013,,16.30944,119.92063,TS1,,NB,Dinoflagellate,Prorocentrum micans,DF-Prorocentrum micans,800
10484,2013,Aug,1,01/08/2013,,16.30944,119.92063,TS1,,NB,Dinoflagellate,Protoperidinium spp.,DF-Protoperidinium spp.,400
10485,2013,Aug,1,01/08/2013,,16.30944,119.92063,TS1,,NB,Diatom,Pseudonitzschia spp.,D-Pseudonitzschia spp.,320
10486,2013,Aug,1,01/08/2013,,16.30944,119.92063,TS1,,NB,Diatom,Rhizosolenia sp2,D-Rhizosolenia sp. 2,5680
10487,2013,Aug,1,01/08/2013,,16.30944,119.92063,TS1,,NB,Diatom,Helicotheca tamensis,D-Helicotheca tamensis,720
10488,2013,Aug,1,01/08/2013,,16.30944,119.92063,TS1,,NB,Diatom,Thalassiosira spp.,D-Thalassiosira spp.,2400
10489,2013,Aug,1,01/08/2013,,16.30944,119.92063,TS1,,NB,Silicoflagellate,Tintinopsis,SF-Tintinopsis,320
10490,2013,Aug,1,01/08/2013,,16.30944,119.92063,TS1,,1,Dinoflagellate,Ceratium furca,DF-Ceratium furca,160
10491,2013,Aug,1,01/08/2013,,16.30944,119.92063,TS1,,1,Dinoflagellate,Gonyaulax verior,DF-Gonyaulax verior,80
10492,2013,Aug,1,01/08/2013,,16.30944,119.92063,TS1,,1,Diatom,Pleurosigma sp1,D-Pleurosigma sp. 1,2560
10493,2013,Aug,1,01/08/2013,,16.30944,119.92063,TS1,,1,Dinoflagellate,Prorocentrum micans,DF-Prorocentrum micans,6640
10494,2013,Aug,1,01/08/2013,,16.30944,119.92063,TS1,,1,Dinoflagellate,Protoperidinium spp.,DF-Protoperidinium spp.,80
10495,2013,Aug,1,01/08/2013,,16.30944,119.92063,TS1,,1,Dinoflagellate,Protoperdinium  pellucidum,DF-Protoperdinium  pellucidum,80
10496,2013,Aug,1,01/08/2013,,16.30944,119.92063,TS1,,1,Diatom,Rhizosolenia sp2,D-Rhizosolenia sp. 2,1760
10497,2013,Aug,1,01/08/2013,,16.30944,119.92063,TS1,,1,Diatom,Thalassiosira spp.,D-Thalassiosira spp.,80
10498,2013,Aug,1,01/08/2013,,16.30944,119.92063,TS1,,1,Silicoflagellate,Tintinopsis,SF-Tintinopsis,240
10499,2013,Aug,1,01/08/2013,,16.38339,119.91585,TS2,,Mid,Dinoflagellate,Protoperidinium spp.,DF-Protoperidinium spp.,80
10500,2013,Aug,1,01/08/2013,,16.38339,119.91585,TS2,,Mid,Diatom,Rhizosolenia sp2,D-Rhizosolenia sp. 2,320
10501,2013,Aug,1,01/08/2013,,16.38339,119.91585,TS2,,NB,Diatom,Navicula  spp.,D-Navicula  spp.,80
10502,2013,Aug,1,01/08/2013,,16.38339,119.91585,TS2,,NB,Diatom,Pleurosigma sp1,D-Pleurosigma sp. 1,160
10503,2013,Aug,1,01/08/2013,,16.38339,119.91585,TS2,,NB,Dinoflagellate,Prorocentrum micans,DF-Prorocentrum micans,80
10504,2013,Aug,1,01/08/2013,,16.38339,119.91585,TS2,,NB,Diatom,Rhizosolenia sp2,D-Rhizosolenia sp. 2,400
10505,2013,Aug,1,01/08/2013,,16.38339,119.91585,TS2,,NB,Diatom,Thalassiosira spp.,D-Thalassiosira spp.,80
10506,2013,Aug,1,01/08/2013,,16.38339,119.91585,TS2,,1,Silicoflagellate,Favella sp.,SF-Favella sp.,80
10507,2013,Aug,1,01/08/2013,,16.38339,119.91585,TS2,,1,Dinoflagellate,Gyrodinium,DF-Gyrodinium,160
10508,2013,Aug,1,01/08/2013,,16.38339,119.91585,TS2,,1,Dinoflagellate,Oxytoxum spp.,DF-Oxytoxum spp.,80
10509,2013,Aug,1,01/08/2013,,16.38339,119.91585,TS2,,1,Diatom,Pleurosigma sp1,D-Pleurosigma sp. 1,2400
10510,2013,Aug,1,01/08/2013,,16.38339,119.91585,TS2,,1,Dinoflagellate,Prorocentrum micans,DF-Prorocentrum micans,80
10511,2013,Aug,1,01/08/2013,,16.38339,119.91585,TS2,,1,Dinoflagellate,Protoperidinium spp.,DF-Protoperidinium spp.,400
10512,2013,Aug,1,01/08/2013,,16.38339,119.91585,TS2,,1,Diatom,Pseudonitzschia spp.,D-Pseudonitzschia spp.,960
10513,2013,Aug,1,01/08/2013,,16.38339,119.91585,TS2,,1,Diatom,Rhizosolenia sp2,D-Rhizosolenia sp. 2,7280
10514,2013,Aug,1,01/08/2013,,16.38339,119.91585,TS2,,1,Diatom,Skeletonema,D-Skeletonema,240
10515,2013,Aug,1,01/08/2013,,16.38339,119.91585,TS2,,1,Cyanobacteria,Trichodesmium sp.,CYN-Trichodesmium sp.,400
10516,2013,Aug,1,01/08/2013,,16.38339,119.91585,TS2,,1,Diatom,Helicotheca tamensis,D-Helicotheca tamensis,720
10517,2013,Aug,1,01/08/2013,,16.38339,119.91585,TS2,,1,Diatom,Thalassiosira spp.,D-Thalassiosira spp.,480
10518,2013,Aug,1,01/08/2013,,16.34927,119.94606,W1,,1,Dinoflagellate,Alexandrium spp.,DF-Alexandrium spp.,240
10519,2013,Aug,1,01/08/2013,,16.34927,119.94606,W1,,1,Dinoflagellate,Ceratium furca,DF-Ceratium furca,80
10520,2013,Aug,1,01/08/2013,,16.34927,119.94606,W1,,1,Diatom,Navicula  spp.,D-Navicula  spp.,160
10521,2013,Aug,1,01/08/2013,,16.34927,119.94606,W1,,1,Dinoflagellate,Oxytoxum spp.,DF-Oxytoxum spp.,80
10522,2013,Aug,1,01/08/2013,,16.34927,119.94606,W1,,1,Diatom,Pleurosigma sp1,D-Pleurosigma sp. 1,3360
10523,2013,Aug,1,01/08/2013,,16.34927,119.94606,W1,,1,Diatom,Pleurosigma spp.,D-Pleurosigma spp.,160
10524,2013,Aug,1,01/08/2013,,16.34927,119.94606,W1,,1,Dinoflagellate,Prorocentrum micans,DF-Prorocentrum micans,2400
10525,2013,Aug,1,01/08/2013,,16.34927,119.94606,W1,,1,Dinoflagellate,Protoperidinium spp.,DF-Protoperidinium spp.,880
10526,2013,Aug,1,01/08/2013,,16.34927,119.94606,W1,,1,Diatom,Pseudonitzschia spp.,D-Pseudonitzschia spp.,240
10527,2013,Aug,1,01/08/2013,,16.34927,119.94606,W1,,1,Diatom,Rhizosolenia sp2,D-Rhizosolenia sp. 2,14880
10528,2013,Aug,1,01/08/2013,,16.34927,119.94606,W1,,1,Cyanobacteria,Trichodesmium sp.,CYN-Trichodesmium sp.,80
10529,2013,Aug,1,01/08/2013,,16.34927,119.94606,W1,,1,Diatom,Helicotheca tamensis,D-Helicotheca tamensis,2160
10530,2013,Aug,1,01/08/2013,,16.34927,119.94606,W1,,1,Diatom,Thalassiosira spp.,D-Thalassiosira spp.,800
10531,2013,Aug,1,01/08/2013,,16.34927,119.94606,W1,,1,Silicoflagellate,Tintinopsis,SF-Tintinopsis,80
10532,2013,Aug,1,01/08/2013,,16.34927,119.94606,W1,,1,Cyanobacteria,Trichodesmium sp.,CYN-Trichodesmium sp.,80
10533,2013,Aug,1,01/08/2013,,16.33668,119.94476,W2A,,1,Dinoflagellate,Alexandrium spp.,DF-Alexandrium spp.,80
10534,2013,Aug,1,01/08/2013,,16.33668,119.94476,W2A,,1,Dinoflagellate,Gyrodinium,DF-Gyrodinium,80
10535,2013,Aug,1,01/08/2013,,16.33668,119.94476,W2A,,1,Silicoflagellate,Favella sp.,SF-Favella sp.,80
10536,2013,Aug,1,01/08/2013,,16.33668,119.94476,W2A,,1,Diatom,Pleurosigma sp1,D-Pleurosigma sp. 1,1280
10537,2013,Aug,1,01/08/2013,,16.33668,119.94476,W2A,,1,Dinoflagellate,Prorocentrum micans,DF-Prorocentrum micans,7040
10538,2013,Aug,1,01/08/2013,,16.33668,119.94476,W2A,,1,Dinoflagellate,Protoperidinium spp.,DF-Protoperidinium spp.,2160
10539,2013,Aug,1,01/08/2013,,16.33668,119.94476,W2A,,1,Dinoflagellate,Protoperdinium  pellucidum,DF-Protoperdinium  pellucidum,1280
10540,2013,Aug,1,01/08/2013,,16.33668,119.94476,W2A,,1,Diatom,Rhizosolenia sp2,D-Rhizosolenia sp. 2,3440
10541,2013,Aug,1,01/08/2013,,16.33668,119.94476,W2A,,1,Cyanobacteria,Trichodesmium sp.,CYN-Trichodesmium sp.,80
10542,2013,Aug,1,01/08/2013,,16.33668,119.94476,W2A,,1,Diatom,Thalassiosira spp.,D-Thalassiosira spp.,12160
10543,2013,Aug,1,01/08/2013,,16.37073,119.93401,W3,,NB,Dinoflagellate,Oxytoxum spp.,DF-Oxytoxum spp.,80
10544,2013,Aug,1,01/08/2013,,16.37073,119.93401,W3,,NB,Diatom,Pleurosigma sp1,D-Pleurosigma sp. 1,80
10545,2013,Aug,1,01/08/2013,,16.37073,119.93401,W3,,NB,Dinoflagellate,Prorocentrum micans,DF-Prorocentrum micans,80
10546,2013,Aug,1,01/08/2013,,16.37073,119.93401,W3,,NB,Diatom,Rhizosolenia sp2,D-Rhizosolenia sp. 2,1680
10547,2013,Aug,1,01/08/2013,,16.37073,119.93401,W3,,NB,Diatom,Helicotheca tamensis,D-Helicotheca tamensis,240
10548,2013,Aug,1,01/08/2013,,16.37073,119.93401,W3,,1,Diatom,Cylindricotheca closterium,D-Cylindricotheca closterium,80
10549,2013,Aug,1,01/08/2013,,16.37073,119.93401,W3,,1,Dinoflagellate,Gonyaulax verior,DF-Gonyaulax verior,80
10550,2013,Aug,1,01/08/2013,,16.37073,119.93401,W3,,1,Dinoflagellate,Gyrodinium,DF-Gyrodinium,80
10551,2013,Aug,1,01/08/2013,,16.37073,119.93401,W3,,1,Diatom,Pleurosigma sp1,D-Pleurosigma sp. 1,2160
10552,2013,Aug,1,01/08/2013,,16.37073,119.93401,W3,,1,Dinoflagellate,Prorocentrum micans,DF-Prorocentrum micans,320
10553,2013,Aug,1,01/08/2013,,16.37073,119.93401,W3,,1,Dinoflagellate,Protoperidinium spp.,DF-Protoperidinium spp.,80
10554,2013,Aug,1,01/08/2013,,16.37073,119.93401,W3,,1,Diatom,Pseudonitzschia spp.,D-Pseudonitzschia spp.,720
10555,2013,Aug,1,01/08/2013,,16.37073,119.93401,W3,,1,Diatom,Rhizosolenia sp2,D-Rhizosolenia sp. 2,14400
10556,2013,Aug,1,01/08/2013,,16.37073,119.93401,W3,,1,Diatom,Helicotheca tamensis,D-Helicotheca tamensis,1840
10557,2013,Aug,1,01/08/2013,,16.37073,119.93401,W3,,1,Diatom,Thalassiosira spp.,D-Thalassiosira spp.,320
10558,2013,Aug,1,01/08/2013,,16.37073,119.93401,W3,,1,Silicoflagellate,Tintinopsis,SF-Tintinopsis,160
10559,2013,Aug,1,01/08/2013,,16.32003,119.93384,W8,,1,Dinoflagellate,Gonyaulax verior,DF-Gonyaulax verior,80
10560,2013,Aug,1,01/08/2013,,16.32003,119.93384,W8,,1,Dinoflagellate,Gyrodinium,DF-Gyrodinium,80
10561,2013,Aug,1,01/08/2013,,16.32003,119.93384,W8,,1,Dinoflagellate,Oxytoxum spp.,DF-Oxytoxum spp.,80
10562,2013,Aug,1,01/08/2013,,16.32003,119.93384,W8,,1,Silicoflagellate,Favella sp.,SF-Favella sp.,80
10563,2013,Aug,1,01/08/2013,,16.32003,119.93384,W8,,1,Diatom,Pleurosigma sp1,D-Pleurosigma sp. 1,4800
10564,2013,Aug,1,01/08/2013,,16.32003,119.93384,W8,,1,Diatom,Pleurosigma spp.,D-Pleurosigma spp.,80
10565,2013,Aug,1,01/08/2013,,16.32003,119.93384,W8,,1,Dinoflagellate,Prorocentrum micans,DF-Prorocentrum micans,10320
10566,2013,Aug,1,01/08/2013,,16.32003,119.93384,W8,,1,Dinoflagellate,Protoperidinium spp.,DF-Protoperidinium spp.,640
10567,2013,Aug,1,01/08/2013,,16.32003,119.93384,W8,,1,Diatom,Rhizosolenia sp2,D-Rhizosolenia sp. 2,7120
10568,2013,Aug,1,01/08/2013,,16.32003,119.93384,W8,,1,Cyanobacteria,Trichodesmium sp.,CYN-Trichodesmium sp.,80
10569,2013,Aug,1,01/08/2013,,16.32003,119.93384,W8,,1,Diatom,Helicotheca tamensis,D-Helicotheca tamensis,80
10570,2013,Aug,1,01/08/2013,,16.32003,119.93384,W8,,1,Diatom,Thalassiosira spp.,D-Thalassiosira spp.,19600
10571,2013,Aug,1,01/08/2013,,16.32003,119.93384,W8,,1,Silicoflagellate,Tintinopsis,SF-Tintinopsis,1120
10572,2013,Aug,1,01/08/2013,,16.34775,119.93452,W9,,1,Dinoflagellate,Alexandrium spp.,DF-Alexandrium spp.,160
10573,2013,Aug,1,01/08/2013,,16.34775,119.93452,W9,,1,Silicoflagellate,Favella sp.,SF-Favella sp.,80
10574,2013,Aug,1,01/08/2013,,16.34775,119.93452,W9,,1,Dinoflagellate,Gonyaulax verior,DF-Gonyaulax verior,80
10575,2013,Aug,1,01/08/2013,,16.34775,119.93452,W9,,1,Diatom,Pleurosigma sp1,D-Pleurosigma sp. 1,1920
10576,2013,Aug,1,01/08/2013,,16.34775,119.93452,W9,,1,Dinoflagellate,Prorocentrum micans,DF-Prorocentrum micans,7760
10577,2013,Aug,1,01/08/2013,,16.34775,119.93452,W9,,1,Dinoflagellate,Protoperidinium spp.,DF-Protoperidinium spp.,560
10578,2013,Aug,1,01/08/2013,,16.34775,119.93452,W9,,1,Dinoflagellate,Protoperdinium  pellucidum,DF-Protoperdinium  pellucidum,1120
10579,2013,Aug,1,01/08/2013,,16.34775,119.93452,W9,,1,Diatom,Rhizosolenia sp2,D-Rhizosolenia sp. 2,6160
10580,2013,Aug,1,01/08/2013,,16.34775,119.93452,W9,,1,Diatom,Helicotheca tamensis,D-Helicotheca tamensis,240
10581,2013,Aug,1,01/08/2013,,16.34775,119.93452,W9,,1,Diatom,Thalassiosira spp.,D-Thalassiosira spp.,3840
10582,2013,Aug,1,01/08/2013,,16.37052,119.94857,W10,,1,Dinoflagellate,Gonyaulax verior,DF-Gonyaulax verior,160
10583,2013,Aug,1,01/08/2013,,16.37052,119.94857,W10,,1,Dinoflagellate,Gyrodinium,DF-Gyrodinium,80
10584,2013,Aug,1,01/08/2013,,16.37052,119.94857,W10,,1,Diatom,Pleurosigma sp1,D-Pleurosigma sp. 1,3440
10585,2013,Aug,1,01/08/2013,,16.37052,119.94857,W10,,1,Dinoflagellate,Phalacroma  spp.,DF-Phalacroma  spp.,80
10586,2013,Aug,1,01/08/2013,,16.37052,119.94857,W10,,1,Diatom,Pleurosigma spp.,D-Pleurosigma spp.,240
10587,2013,Aug,1,01/08/2013,,16.37052,119.94857,W10,,1,Dinoflagellate,Prorocentrum micans,DF-Prorocentrum micans,320
10588,2013,Aug,1,01/08/2013,,16.37052,119.94857,W10,,1,Dinoflagellate,Protoperidinium spp.,DF-Protoperidinium spp.,1200
10589,2013,Aug,1,01/08/2013,,16.37052,119.94857,W10,,1,Dinoflagellate,Protoperdinium  pellucidum,DF-Protoperdinium  pellucidum,640
10590,2013,Aug,1,01/08/2013,,16.37052,119.94857,W10,,1,Diatom,Rhizosolenia sp2,D-Rhizosolenia sp. 2,8400
10591,2013,Aug,1,01/08/2013,,16.37052,119.94857,W10,,1,Diatom,Helicotheca tamensis,D-Helicotheca tamensis,1280
10592,2013,Aug,1,01/08/2013,,16.38326,119.92616,W11,,Mid,Diatom,Navicula  spp.,D-Navicula  spp.,80
10593,2013,Aug,1,01/08/2013,,16.38326,119.92616,W11,,Mid,Diatom,Pleurosigma sp1,D-Pleurosigma sp. 1,800
10594,2013,Aug,1,01/08/2013,,16.38326,119.92616,W11,,Mid,Dinoflagellate,Prorocentrum micans,DF-Prorocentrum micans,480
10595,2013,Aug,1,01/08/2013,,16.38326,119.92616,W11,,Mid,Diatom,Rhizosolenia sp2,D-Rhizosolenia sp. 2,5280
10596,2013,Aug,1,01/08/2013,,16.38326,119.92616,W11,,Mid,Diatom,Helicotheca tamensis,D-Helicotheca tamensis,400
10597,2013,Aug,1,01/08/2013,,16.38326,119.92616,W11,,Mid,Diatom,Thalassiosira spp.,D-Thalassiosira spp.,240
10598,2013,Aug,1,01/08/2013,,16.38326,119.92616,W11,,NB,Dinoflagellate,Protoperidinium spp.,DF-Protoperidinium spp.,80
10599,2013,Aug,1,01/08/2013,,16.38326,119.92616,W11,,NB,Cyanobacteria,Trichodesmium sp.,CYN-Trichodesmium sp.,160
10600,2013,Aug,1,01/08/2013,,16.38326,119.92616,W11,,NB,Diatom,Thalassiosira spp.,D-Thalassiosira spp.,80
10601,2013,Aug,1,01/08/2013,,16.38326,119.92616,W11,,1,Dinoflagellate,Gonyaulax verior,DF-Gonyaulax verior,80
10602,2013,Aug,1,01/08/2013,,16.38326,119.92616,W11,,1,Dinoflagellate,Gyrodinium,DF-Gyrodinium,400
10603,2013,Aug,1,01/08/2013,,16.38326,119.92616,W11,,1,Diatom,Pleurosigma sp1,D-Pleurosigma sp. 1,1760
10604,2013,Aug,1,01/08/2013,,16.38326,119.92616,W11,,1,Dinoflagellate,Prorocentrum micans,DF-Prorocentrum micans,1760
10605,2013,Aug,1,01/08/2013,,16.38326,119.92616,W11,,1,Dinoflagellate,Protoperidinium spp.,DF-Protoperidinium spp.,720
10606,2013,Aug,1,01/08/2013,,16.38326,119.92616,W11,,1,Diatom,Rhizosolenia sp2,D-Rhizosolenia sp. 2,11360
10607,2013,Aug,1,01/08/2013,,16.38326,119.92616,W11,,1,Diatom,Helicotheca tamensis,D-Helicotheca tamensis,640
10608,2013,Aug,1,01/08/2013,,16.38326,119.92616,W11,,1,Diatom,Thalassiosira spp.,D-Thalassiosira spp.,800
10609,2013,Aug,1,01/08/2013,,16.38326,119.92616,W11,,1,Silicoflagellate,Tintinopsis,SF-Tintinopsis,80
10610,2013,Aug,6,06/08/2013,,16.34775,119.93375,A1,,1,Dinoflagellate,Ceratium furca,DF-Ceratium furca,160
10611,2013,Aug,6,06/08/2013,,16.34775,119.93375,A1,,1,Dinoflagellate,Gyrodinium,DF-Gyrodinium,80
10612,2013,Aug,6,06/08/2013,,16.34775,119.93375,A1,,1,Diatom,Pleurosigma sp1,D-Pleurosigma sp. 1,14160
10613,2013,Aug,6,06/08/2013,,16.34775,119.93375,A1,,1,Dinoflagellate,Prorocentrum micans,DF-Prorocentrum micans,800
10614,2013,Aug,6,06/08/2013,,16.34775,119.93375,A1,,1,Dinoflagellate,Protoperidinium spp.,DF-Protoperidinium spp.,640
10615,2013,Aug,6,06/08/2013,,16.34775,119.93375,A1,,1,Dinoflagellate,Protoperdinium  pellucidum,DF-Protoperdinium  pellucidum,80
10616,2013,Aug,6,06/08/2013,,16.34775,119.93375,A1,,1,Diatom,Rhizosolenia sp2,D-Rhizosolenia sp. 2,1520
10617,2013,Aug,6,06/08/2013,,16.34775,119.93452,A2,,1,Dinoflagellate,Alexandrium spp.,DF-Alexandrium spp.,160
10618,2013,Aug,6,06/08/2013,,16.34775,119.93452,A2,,1,Diatom,Pleurosigma sp1,D-Pleurosigma sp. 1,33520
10619,2013,Aug,6,06/08/2013,,16.34775,119.93452,A2,,1,Dinoflagellate,Phalacroma  spp.,DF-Phalacroma  spp.,80
10620,2013,Aug,6,06/08/2013,,16.34775,119.93452,A2,,1,Diatom,Pleurosigma sp2,D-Pleurosigma sp. 2,80
10621,2013,Aug,6,06/08/2013,,16.34775,119.93452,A2,,1,Dinoflagellate,Prorocentrum micans,DF-Prorocentrum micans,2560
10622,2013,Aug,6,06/08/2013,,16.34775,119.93452,A2,,1,Dinoflagellate,Protoperidinium spp.,DF-Protoperidinium spp.,80
10623,2013,Aug,6,06/08/2013,,16.34775,119.93452,A2,,1,Dinoflagellate,Protoperdinium  pellucidum,DF-Protoperdinium  pellucidum,80
10624,2013,Aug,6,06/08/2013,,16.34775,119.93452,A2,,1,Diatom,Pseudonitzschia spp.,D-Pseudonitzschia spp.,480
10625,2013,Aug,6,06/08/2013,,16.34775,119.93452,A2,,1,Diatom,Rhizosolenia sp2,D-Rhizosolenia sp. 2,2720
10626,2013,Aug,6,06/08/2013,,16.34775,119.93452,A2,,1,Diatom,Helicotheca tamensis,D-Helicotheca tamensis,80
10627,2013,Aug,6,06/08/2013,,16.34775,119.93452,A2,,1,Raphidophyte,Chattonnella subsalsa,RD-Chattonnella subsalsa,80
10628,2013,Aug,6,06/08/2013,,16.34775,119.93452,A2,,1,Diatom,Thalassiosira spp.,D-Thalassiosira spp.,720
10629,2013,Aug,6,06/08/2013,,16.34775,119.93452,A2,,1,Silicoflagellate,Tintinopsis,SF-Tintinopsis,560
10630,2013,Aug,6,06/08/2013,,16.33431,119.95731,A3,,1,Dinoflagellate,Ceratium furca,DF-Ceratium furca,80
10631,2013,Aug,6,06/08/2013,,16.33431,119.95731,A3,,1,Diatom,Pleurosigma sp1,D-Pleurosigma sp. 1,3200
10632,2013,Aug,6,06/08/2013,,16.33431,119.95731,A3,,1,Dinoflagellate,Prorocentrum micans,DF-Prorocentrum micans,400
10633,2013,Aug,6,06/08/2013,,16.33431,119.95731,A3,,1,Dinoflagellate,Protoperidinium spp.,DF-Protoperidinium spp.,160
10634,2013,Aug,6,06/08/2013,,16.33431,119.95731,A3,,1,Silicoflagellate,Tintinopsis,SF-Tintinopsis,80
10635,2013,Aug,6,06/08/2013,,16.39578,119.90667,RVA3,,Mid,Diatom,Pleurosigma sp1,D-Pleurosigma sp. 1,2400
10636,2013,Aug,6,06/08/2013,,16.39578,119.90667,RVA3,,Mid,Dinoflagellate,Prorocentrum micans,DF-Prorocentrum micans,1040
10637,2013,Aug,6,06/08/2013,,16.39578,119.90667,RVA3,,Mid,Dinoflagellate,Protoperidinium spp.,DF-Protoperidinium spp.,80
10638,2013,Aug,6,06/08/2013,,16.39578,119.90667,RVA3,,Mid,Dinoflagellate,Protoperidinium pellucidum,DF-Protoperidinium pellucidum,80
10639,2013,Aug,6,06/08/2013,,16.39578,119.90667,RVA3,,Mid,Dinoflagellate,Protoperdinium  pellucidum,DF-Protoperdinium  pellucidum,240
10640,2013,Aug,6,06/08/2013,,16.39578,119.90667,RVA3,,Mid,Diatom,Pseudonitzschia spp.,D-Pseudonitzschia spp.,240
10641,2013,Aug,6,06/08/2013,,16.39578,119.90667,RVA3,,Mid,Diatom,Rhizosolenia sp2,D-Rhizosolenia sp. 2,1360
10642,2013,Aug,6,06/08/2013,,16.39578,119.90667,RVA3,,Mid,Diatom,Thalassiosira spp.,D-Thalassiosira spp.,160
10643,2013,Aug,6,06/08/2013,,16.39578,119.90667,RVA3,,NB,Diatom,Pleurosigma sp1,D-Pleurosigma sp. 1,960
10644,2013,Aug,6,06/08/2013,,16.39578,119.90667,RVA3,,NB,Dinoflagellate,Prorocentrum micans,DF-Prorocentrum micans,80
10645,2013,Aug,6,06/08/2013,,16.39578,119.90667,RVA3,,NB,Dinoflagellate,Protoperidinium spp.,DF-Protoperidinium spp.,80
10646,2013,Aug,6,06/08/2013,,16.39578,119.90667,RVA3,,NB,Diatom,Rhizosolenia sp2,D-Rhizosolenia sp. 2,320
10647,2013,Aug,6,06/08/2013,,16.39578,119.90667,RVA3,,NB,Diatom,Thalassionema spp.,D-Thalassionema spp.,160
10648,2013,Aug,6,06/08/2013,,16.39578,119.90667,RVA3,,1,Dinoflagellate,Cyst,DF-Cyst,80
10649,2013,Aug,6,06/08/2013,,16.39578,119.90667,RVA3,,1,Diatom,Pleurosigma sp1,D-Pleurosigma sp. 1,22080
10650,2013,Aug,6,06/08/2013,,16.39578,119.90667,RVA3,,1,Dinoflagellate,Prorocentrum micans,DF-Prorocentrum micans,3760
10651,2013,Aug,6,06/08/2013,,16.39578,119.90667,RVA3,,1,Dinoflagellate,Protoperidinium spp.,DF-Protoperidinium spp.,80
10652,2013,Aug,6,06/08/2013,,16.39578,119.90667,RVA3,,1,Dinoflagellate,Protoperdinium  pellucidum,DF-Protoperdinium  pellucidum,240
10653,2013,Aug,6,06/08/2013,,16.39578,119.90667,RVA3,,1,Diatom,Rhizosolenia sp2,D-Rhizosolenia sp. 2,4480
10654,2013,Aug,6,06/08/2013,,16.39578,119.90667,RVA3,,1,Diatom,Helicotheca tamensis,D-Helicotheca tamensis,720
10655,2013,Aug,6,06/08/2013,,16.39578,119.90667,RVA3,,1,Silicoflagellate,Tintinopsis,SF-Tintinopsis,80
10656,2013,Aug,6,06/08/2013,,16.30944,119.92063,TS1,,NB,Diatom,Pleurosigma sp1,D-Pleurosigma sp. 1,22800
10657,2013,Aug,6,06/08/2013,,16.30944,119.92063,TS1,,NB,Dinoflagellate,Prorocentrum micans,DF-Prorocentrum micans,240
10658,2013,Aug,6,06/08/2013,,16.30944,119.92063,TS1,,NB,Diatom,Pseudonitzschia spp.,D-Pseudonitzschia spp.,160
10659,2013,Aug,6,06/08/2013,,16.30944,119.92063,TS1,,NB,Diatom,Rhizosolenia sp2,D-Rhizosolenia sp. 2,800
10660,2013,Aug,6,06/08/2013,,16.30944,119.92063,TS1,,NB,Diatom,Skeletonema,D-Skeletonema,400
10661,2013,Aug,6,06/08/2013,,16.30944,119.92063,TS1,,NB,Diatom,Thalassiosira spp.,D-Thalassiosira spp.,240
10662,2013,Aug,6,06/08/2013,,16.30944,119.92063,TS1,,NB,Silicoflagellate,Tintinopsis,SF-Tintinopsis,320
10663,2013,Aug,6,06/08/2013,,16.30944,119.92063,TS1,,1,Dinoflagellate,Ceratium furca,DF-Ceratium furca,80
10664,2013,Aug,6,06/08/2013,,16.30944,119.92063,TS1,,1,Silicoflagellate,Favella sp.,SF-Favella sp.,80
10665,2013,Aug,6,06/08/2013,,16.30944,119.92063,TS1,,1,Diatom,Pleurosigma sp1,D-Pleurosigma sp. 1,66960
10666,2013,Aug,6,06/08/2013,,16.30944,119.92063,TS1,,1,Dinoflagellate,Prorocentrum micans,DF-Prorocentrum micans,4880
10667,2013,Aug,6,06/08/2013,,16.30944,119.92063,TS1,,1,Dinoflagellate,Protoperidinium spp.,DF-Protoperidinium spp.,160
10668,2013,Aug,6,06/08/2013,,16.30944,119.92063,TS1,,1,Diatom,Pseudonitzschia spp.,D-Pseudonitzschia spp.,720
10669,2013,Aug,6,06/08/2013,,16.30944,119.92063,TS1,,1,Diatom,Rhizosolenia sp2,D-Rhizosolenia sp. 2,1040
10670,2013,Aug,6,06/08/2013,,16.30944,119.92063,TS1,,1,Diatom,Thalassiosira spp.,D-Thalassiosira spp.,240
10671,2013,Aug,6,06/08/2013,,16.30944,119.92063,TS1,,1,Silicoflagellate,Tintinopsis,SF-Tintinopsis,960
10672,2013,Aug,6,06/08/2013,,16.38339,119.91585,TS2,,Mid,Diatom,Pleurosigma sp1,D-Pleurosigma sp. 1,320
10673,2013,Aug,6,06/08/2013,,16.38339,119.91585,TS2,,Mid,Dinoflagellate,Prorocentrum micans,DF-Prorocentrum micans,480
10674,2013,Aug,6,06/08/2013,,16.38339,119.91585,TS2,,Mid,Dinoflagellate,Protoperidinium spp.,DF-Protoperidinium spp.,640
10675,2013,Aug,6,06/08/2013,,16.38339,119.91585,TS2,,Mid,Dinoflagellate,Protoperdinium  pellucidum,DF-Protoperdinium  pellucidum,240
10676,2013,Aug,6,06/08/2013,,16.38339,119.91585,TS2,,1,Dinoflagellate,Ceratium furca,DF-Ceratium furca,80
10677,2013,Aug,6,06/08/2013,,16.38339,119.91585,TS2,,1,Silicoflagellate,Favella sp.,SF-Favella sp.,240
10678,2013,Aug,6,06/08/2013,,16.38339,119.91585,TS2,,1,Diatom,Pleurosigma sp1,D-Pleurosigma sp. 1,23440
10679,2013,Aug,6,06/08/2013,,16.38339,119.91585,TS2,,1,Dinoflagellate,Prorocentrum micans,DF-Prorocentrum micans,6240
10680,2013,Aug,6,06/08/2013,,16.38339,119.91585,TS2,,1,Dinoflagellate,Protoperidinium spp.,DF-Protoperidinium spp.,320
10681,2013,Aug,6,06/08/2013,,16.38339,119.91585,TS2,,1,Diatom,Pseudonitzschia spp.,D-Pseudonitzschia spp.,480
10682,2013,Aug,6,06/08/2013,,16.38339,119.91585,TS2,,1,Diatom,Rhizosolenia sp2,D-Rhizosolenia sp. 2,4080
10683,2013,Aug,6,06/08/2013,,16.38339,119.91585,TS2,,1,Diatom,Helicotheca tamensis,D-Helicotheca tamensis,80
10684,2013,Aug,6,06/08/2013,,16.38339,119.91585,TS2,,1,Diatom,Thalassiosira spp.,D-Thalassiosira spp.,80
10685,2013,Aug,6,06/08/2013,,16.34927,119.94606,W1,,1,Diatom,Pleurosigma sp1,D-Pleurosigma sp. 1,14080
10686,2013,Aug,6,06/08/2013,,16.34927,119.94606,W1,,1,Dinoflagellate,Prorocentrum micans,DF-Prorocentrum micans,240
10687,2013,Aug,6,06/08/2013,,16.34927,119.94606,W1,,1,Dinoflagellate,Protoperidinium spp.,DF-Protoperidinium spp.,80
10688,2013,Aug,6,06/08/2013,,16.34927,119.94606,W1,,1,Dinoflagellate,Protoperdinium  pellucidum,DF-Protoperdinium  pellucidum,160
10689,2013,Aug,6,06/08/2013,,16.34927,119.94606,W1,,1,Diatom,Rhizosolenia sp2,D-Rhizosolenia sp. 2,2320
10690,2013,Aug,6,06/08/2013,,16.34927,119.94606,W1,,1,Silicoflagellate,Tintinopsis,SF-Tintinopsis,160
10691,2013,Aug,6,06/08/2013,,16.33668,119.94476,W2A,,1,Dinoflagellate,Ceratium furca,DF-Ceratium furca,80
10692,2013,Aug,6,06/08/2013,,16.33668,119.94476,W2A,,1,Diatom,Guinardia,D-Guinardia,160
10693,2013,Aug,6,06/08/2013,,16.33668,119.94476,W2A,,1,Diatom,Navicula  spp.,D-Navicula  spp.,80
10694,2013,Aug,6,06/08/2013,,16.33668,119.94476,W2A,,1,Diatom,Pleurosigma sp1,D-Pleurosigma sp. 1,15120
10695,2013,Aug,6,06/08/2013,,16.33668,119.94476,W2A,,1,Diatom,Pleurosigma spp.,D-Pleurosigma spp.,240
10696,2013,Aug,6,06/08/2013,,16.33668,119.94476,W2A,,1,Diatom,Pleurosigma sp2,D-Pleurosigma sp. 2,80
10697,2013,Aug,6,06/08/2013,,16.33668,119.94476,W2A,,1,Dinoflagellate,Prorocentrum micans,DF-Prorocentrum micans,5360
10698,2013,Aug,6,06/08/2013,,16.33668,119.94476,W2A,,1,Dinoflagellate,Protoperidinium spp.,DF-Protoperidinium spp.,80
10699,2013,Aug,6,06/08/2013,,16.33668,119.94476,W2A,,1,Diatom,Pseudonitzschia spp.,D-Pseudonitzschia spp.,240
10700,2013,Aug,6,06/08/2013,,16.33668,119.94476,W2A,,1,Diatom,Rhizosolenia sp2,D-Rhizosolenia sp. 2,2000
10701,2013,Aug,6,06/08/2013,,16.33668,119.94476,W2A,,1,Diatom,Skeletonema,D-Skeletonema,560
10702,2013,Aug,6,06/08/2013,,16.33668,119.94476,W2A,,1,Cyanobacteria,Trichodesmium sp.,CYN-Trichodesmium sp.,160
10703,2013,Aug,6,06/08/2013,,16.33668,119.94476,W2A,,1,Diatom,Helicotheca tamensis,D-Helicotheca tamensis,160
10704,2013,Aug,6,06/08/2013,,16.33668,119.94476,W2A,,1,Diatom,Thalassiosira spp.,D-Thalassiosira spp.,1360
10705,2013,Aug,6,06/08/2013,,16.37073,119.93401,W3,,NB,Diatom,Pleurosigma sp1,D-Pleurosigma sp. 1,2400
10706,2013,Aug,6,06/08/2013,,16.37073,119.93401,W3,,NB,Dinoflagellate,Prorocentrum micans,DF-Prorocentrum micans,640
10707,2013,Aug,6,06/08/2013,,16.37073,119.93401,W3,,NB,Diatom,Rhizosolenia sp2,D-Rhizosolenia sp. 2,1920
10708,2013,Aug,6,06/08/2013,,16.37073,119.93401,W3,,NB,Diatom,Helicotheca tamensis,D-Helicotheca tamensis,160
10709,2013,Aug,6,06/08/2013,,16.37073,119.93401,W3,,NB,Diatom,Thalassiosira spp.,D-Thalassiosira spp.,160
10710,2013,Aug,6,06/08/2013,,16.37073,119.93401,W3,,NB,Silicoflagellate,Tintinopsis,SF-Tintinopsis,240
10711,2013,Aug,6,06/08/2013,,16.37073,119.93401,W3,,1,Diatom,Biddulphia,D-Biddulphia,80
10712,2013,Aug,6,06/08/2013,,16.37073,119.93401,W3,,1,Dinoflagellate,Gonyaulax verior,DF-Gonyaulax verior,160
10713,2013,Aug,6,06/08/2013,,16.37073,119.93401,W3,,1,Dinoflagellate,Gyrodinium,DF-Gyrodinium,80
10714,2013,Aug,6,06/08/2013,,16.37073,119.93401,W3,,1,Silicoflagellate,Favella sp.,SF-Favella sp.,160
10715,2013,Aug,6,06/08/2013,,16.37073,119.93401,W3,,1,Diatom,Pleurosigma sp1,D-Pleurosigma sp. 1,18320
10716,2013,Aug,6,06/08/2013,,16.37073,119.93401,W3,,1,Dinoflagellate,Prorocentrum micans,DF-Prorocentrum micans,8720
10717,2013,Aug,6,06/08/2013,,16.37073,119.93401,W3,,1,Dinoflagellate,Protoperidinium spp.,DF-Protoperidinium spp.,240
10718,2013,Aug,6,06/08/2013,,16.37073,119.93401,W3,,1,Dinoflagellate,Protoperdinium  pellucidum,DF-Protoperdinium  pellucidum,1200
10719,2013,Aug,6,06/08/2013,,16.37073,119.93401,W3,,1,Diatom,Pseudonitzschia spp.,D-Pseudonitzschia spp.,560
10720,2013,Aug,6,06/08/2013,,16.37073,119.93401,W3,,1,Diatom,Rhizosolenia sp2,D-Rhizosolenia sp. 2,17040
10721,2013,Aug,6,06/08/2013,,16.37073,119.93401,W3,,1,Diatom,Skeletonema,D-Skeletonema,1360
10722,2013,Aug,6,06/08/2013,,16.37073,119.93401,W3,,1,Diatom,Helicotheca tamensis,D-Helicotheca tamensis,240
10723,2013,Aug,6,06/08/2013,,16.37073,119.93401,W3,,1,Diatom,Thalassiosira spp.,D-Thalassiosira spp.,240
10724,2013,Aug,6,06/08/2013,,16.37073,119.93401,W3,,1,Silicoflagellate,Tintinopsis,SF-Tintinopsis,320
10725,2013,Aug,6,06/08/2013,,16.32003,119.93384,W8,,1,Dinoflagellate,Gonyaulax verior,DF-Gonyaulax verior,160
10726,2013,Aug,6,06/08/2013,,16.32003,119.93384,W8,,1,Diatom,Pleurosigma sp1,D-Pleurosigma sp. 1,27360
10727,2013,Aug,6,06/08/2013,,16.32003,119.93384,W8,,1,Dinoflagellate,Prorocentrum micans,DF-Prorocentrum micans,9120
10728,2013,Aug,6,06/08/2013,,16.32003,119.93384,W8,,1,Dinoflagellate,Protoperidinium pellucidum,DF-Protoperidinium pellucidum,240
10729,2013,Aug,6,06/08/2013,,16.32003,119.93384,W8,,1,Dinoflagellate,Protoperdinium  pellucidum,DF-Protoperdinium  pellucidum,240
10730,2013,Aug,6,06/08/2013,,16.32003,119.93384,W8,,1,Diatom,Rhizosolenia sp2,D-Rhizosolenia sp. 2,640
10731,2013,Aug,6,06/08/2013,,16.32003,119.93384,W8,,1,Silicoflagellate,Tintinopsis,SF-Tintinopsis,560
10732,2013,Aug,6,06/08/2013,,16.34775,119.93452,W9,,1,Dinoflagellate,Ceratium furca,DF-Ceratium furca,80
10733,2013,Aug,6,06/08/2013,,16.34775,119.93452,W9,,1,Dinoflagellate,Gyrodinium,DF-Gyrodinium,80
10734,2013,Aug,6,06/08/2013,,16.34775,119.93452,W9,,1,Diatom,Navicula  spp.,D-Navicula  spp.,80
10735,2013,Aug,6,06/08/2013,,16.34775,119.93452,W9,,1,Diatom,Pleurosigma sp1,D-Pleurosigma sp. 1,38480
10736,2013,Aug,6,06/08/2013,,16.34775,119.93452,W9,,1,Dinoflagellate,Prorocentrum micans,DF-Prorocentrum micans,8240
10737,2013,Aug,6,06/08/2013,,16.34775,119.93452,W9,,1,Dinoflagellate,Protoperidinium spp.,DF-Protoperidinium spp.,80
10738,2013,Aug,6,06/08/2013,,16.34775,119.93452,W9,,1,Dinoflagellate,Protoperidinium pellucidum,DF-Protoperidinium pellucidum,240
10739,2013,Aug,6,06/08/2013,,16.34775,119.93452,W9,,1,Dinoflagellate,Protoperdinium  pellucidum,DF-Protoperdinium  pellucidum,160
10740,2013,Aug,6,06/08/2013,,16.34775,119.93452,W9,,1,Diatom,Rhizosolenia sp2,D-Rhizosolenia sp. 2,3600
10741,2013,Aug,6,06/08/2013,,16.34775,119.93452,W9,,1,Diatom,Skeletonema,D-Skeletonema,400
10742,2013,Aug,6,06/08/2013,,16.34775,119.93452,W9,,1,Cyanobacteria,Trichodesmium sp.,CYN-Trichodesmium sp.,240
10743,2013,Aug,6,06/08/2013,,16.34775,119.93452,W9,,1,Diatom,Helicotheca tamensis,D-Helicotheca tamensis,640
10744,2013,Aug,6,06/08/2013,,16.34775,119.93452,W9,,1,Diatom,Thalassiosira spp.,D-Thalassiosira spp.,80
10745,2013,Aug,6,06/08/2013,,16.34775,119.93452,W9,,1,Silicoflagellate,Tintinopsis,SF-Tintinopsis,720
10746,2013,Aug,6,06/08/2013,,16.37052,119.94857,W10,,1,Dinoflagellate,Ceratium furca,DF-Ceratium furca,320
10747,2013,Aug,6,06/08/2013,,16.37052,119.94857,W10,,1,Dinoflagellate,Gonyaulax verior,DF-Gonyaulax verior,320
10748,2013,Aug,6,06/08/2013,,16.37052,119.94857,W10,,1,Dinoflagellate,Gyrodinium,DF-Gyrodinium,80
10749,2013,Aug,6,06/08/2013,,16.37052,119.94857,W10,,1,Diatom,Navicula  spp.,D-Navicula  spp.,80
10750,2013,Aug,6,06/08/2013,,16.37052,119.94857,W10,,1,Diatom,Pleurosigma sp1,D-Pleurosigma sp. 1,15600
10751,2013,Aug,6,06/08/2013,,16.37052,119.94857,W10,,1,Diatom,Pleurosigma spp.,D-Pleurosigma spp.,80
10752,2013,Aug,6,06/08/2013,,16.37052,119.94857,W10,,1,Diatom,Pleurosigma sp2,D-Pleurosigma sp. 2,80
10753,2013,Aug,6,06/08/2013,,16.37052,119.94857,W10,,1,Dinoflagellate,Prorocentrum micans,DF-Prorocentrum micans,7040
10754,2013,Aug,6,06/08/2013,,16.37052,119.94857,W10,,1,Dinoflagellate,Protoperidinium spp.,DF-Protoperidinium spp.,1040
10755,2013,Aug,6,06/08/2013,,16.37052,119.94857,W10,,1,Dinoflagellate,Protoperdinium  pellucidum,DF-Protoperdinium  pellucidum,1040
10756,2013,Aug,6,06/08/2013,,16.37052,119.94857,W10,,1,Diatom,Pseudonitzschia spp.,D-Pseudonitzschia spp.,160
10757,2013,Aug,6,06/08/2013,,16.37052,119.94857,W10,,1,Diatom,Rhizosolenia sp2,D-Rhizosolenia sp. 2,4000
10758,2013,Aug,6,06/08/2013,,16.37052,119.94857,W10,,1,Diatom,Helicotheca tamensis,D-Helicotheca tamensis,800
10759,2013,Aug,6,06/08/2013,,16.37052,119.94857,W10,,1,Diatom,Thalassiosira spp.,D-Thalassiosira spp.,160
10760,2013,Aug,6,06/08/2013,,16.38326,119.92616,W11,,Mid,Diatom,Navicula  spp.,D-Navicula  spp.,80
10761,2013,Aug,6,06/08/2013,,16.38326,119.92616,W11,,Mid,Diatom,Pleurosigma sp1,D-Pleurosigma sp. 1,7040
10762,2013,Aug,6,06/08/2013,,16.38326,119.92616,W11,,Mid,Dinoflagellate,Prorocentrum micans,DF-Prorocentrum micans,3200
10763,2013,Aug,6,06/08/2013,,16.38326,119.92616,W11,,Mid,Dinoflagellate,Protoperdinium  pellucidum,DF-Protoperdinium  pellucidum,240
10764,2013,Aug,6,06/08/2013,,16.38326,119.92616,W11,,Mid,Diatom,Pseudonitzschia spp.,D-Pseudonitzschia spp.,80
10765,2013,Aug,6,06/08/2013,,16.38326,119.92616,W11,,Mid,Diatom,Rhizosolenia sp2,D-Rhizosolenia sp. 2,880
10766,2013,Aug,6,06/08/2013,,16.38326,119.92616,W11,,Mid,Diatom,Helicotheca tamensis,D-Helicotheca tamensis,80
10767,2013,Aug,6,06/08/2013,,16.38326,119.92616,W11,,Mid,Diatom,Thalassiosira spp.,D-Thalassiosira spp.,80
10768,2013,Aug,6,06/08/2013,,16.38326,119.92616,W11,,Mid,Silicoflagellate,Tintinopsis,SF-Tintinopsis,80
10769,2013,Aug,6,06/08/2013,,16.38326,119.92616,W11,,NB,Diatom,Guinardia,D-Guinardia,480
10770,2013,Aug,6,06/08/2013,,16.38326,119.92616,W11,,NB,Diatom,Pleurosigma sp1,D-Pleurosigma sp. 1,1360
10771,2013,Aug,6,06/08/2013,,16.38326,119.92616,W11,,NB,Diatom,Pleurosigma spp.,D-Pleurosigma spp.,80
10772,2013,Aug,6,06/08/2013,,16.38326,119.92616,W11,,NB,Dinoflagellate,Prorocentrum micans,DF-Prorocentrum micans,160
10773,2013,Aug,6,06/08/2013,,16.38326,119.92616,W11,,NB,Dinoflagellate,Protoperdinium  pellucidum,DF-Protoperdinium  pellucidum,80
10774,2013,Aug,6,06/08/2013,,16.38326,119.92616,W11,,NB,Diatom,Rhizosolenia sp2,D-Rhizosolenia sp. 2,880
10775,2013,Aug,6,06/08/2013,,16.38326,119.92616,W11,,NB,Cyanobacteria,Trichodesmium sp.,CYN-Trichodesmium sp.,80
10776,2013,Aug,6,06/08/2013,,16.38326,119.92616,W11,,NB,Diatom,Helicotheca tamensis,D-Helicotheca tamensis,80
10777,2013,Aug,6,06/08/2013,,16.38326,119.92616,W11,,1,Diatom,Coscinodiscus spp.,D-Coscinodiscus spp.,80
10778,2013,Aug,6,06/08/2013,,16.38326,119.92616,W11,,1,Dinoflagellate,Gonyaulax verior,DF-Gonyaulax verior,80
10779,2013,Aug,6,06/08/2013,,16.38326,119.92616,W11,,1,Diatom,Pleurosigma sp1,D-Pleurosigma sp. 1,26320
10780,2013,Aug,6,06/08/2013,,16.38326,119.92616,W11,,1,Dinoflagellate,Prorocentrum micans,DF-Prorocentrum micans,14240
10781,2013,Aug,6,06/08/2013,,16.38326,119.92616,W11,,1,Dinoflagellate,Protoperidinium spp.,DF-Protoperidinium spp.,320
10782,2013,Aug,6,06/08/2013,,16.38326,119.92616,W11,,1,Dinoflagellate,Protoperdinium  pellucidum,DF-Protoperdinium  pellucidum,560
10783,2013,Aug,6,06/08/2013,,16.38326,119.92616,W11,,1,Diatom,Pseudonitzschia spp.,D-Pseudonitzschia spp.,320
10784,2013,Aug,6,06/08/2013,,16.38326,119.92616,W11,,1,Diatom,Rhizosolenia sp2,D-Rhizosolenia sp. 2,2640
10785,2013,Aug,6,06/08/2013,,16.38326,119.92616,W11,,1,Diatom,Skeletonema,D-Skeletonema,560
10786,2013,Aug,6,06/08/2013,,16.38326,119.92616,W11,,1,Diatom,Helicotheca tamensis,D-Helicotheca tamensis,640
10787,2013,Aug,6,06/08/2013,,16.38326,119.92616,W11,,1,Diatom,Thalassiosira spp.,D-Thalassiosira spp.,560
10788,2013,Aug,6,06/08/2013,,16.38326,119.92616,W11,,1,Silicoflagellate,Tintinopsis,SF-Tintinopsis,240
10789,2013,Aug,10,10/08/2013,,16.34775,119.93375,A1,,1,Dinoflagellate,Cyst,DF-Cyst,80
10790,2013,Aug,10,10/08/2013,,16.34775,119.93375,A1,,1,Dinoflagellate,Gonyaulax verior,DF-Gonyaulax verior,80
10791,2013,Aug,10,10/08/2013,,16.34775,119.93375,A1,,1,Diatom,Pleurosigma sp1,D-Pleurosigma sp. 1,340
10792,2013,Aug,10,10/08/2013,,16.34775,119.93375,A1,,1,Dinoflagellate,Prorocentrum micans,DF-Prorocentrum micans,880
10793,2013,Aug,10,10/08/2013,,16.34775,119.93375,A1,,1,Dinoflagellate,Protoperidinium spp.,DF-Protoperidinium spp.,800
10794,2013,Aug,10,10/08/2013,,16.34775,119.93375,A1,,1,Dinoflagellate,Protoperidinium pellucidum,DF-Protoperidinium pellucidum,80
10795,2013,Aug,10,10/08/2013,,16.34775,119.93375,A1,,1,Diatom,Rhizosolenia sp2,D-Rhizosolenia sp. 2,24000
10796,2013,Aug,10,10/08/2013,,16.34775,119.93375,A1,,1,Diatom,Thalassiosira spp.,D-Thalassiosira spp.,160
10797,2013,Aug,10,10/08/2013,,16.34775,119.93375,A1,,1,Silicoflagellate,Tintinopsis,SF-Tintinopsis,720
10798,2013,Aug,10,10/08/2013,,16.34775,119.93452,A2,,1,Dinoflagellate,Cyst,DF-Cyst,80
10799,2013,Aug,10,10/08/2013,,16.34775,119.93452,A2,,1,Diatom,Pleurosigma sp1,D-Pleurosigma sp. 1,80
10800,2013,Aug,10,10/08/2013,,16.34775,119.93452,A2,,1,Diatom,Pleurosigma sp2,D-Pleurosigma sp. 2,80
10801,2013,Aug,10,10/08/2013,,16.34775,119.93452,A2,,1,Dinoflagellate,Prorocentrum micans,DF-Prorocentrum micans,1360
10802,2013,Aug,10,10/08/2013,,16.34775,119.93452,A2,,1,Diatom,Pseudonitzschia spp.,D-Pseudonitzschia spp.,160
10803,2013,Aug,10,10/08/2013,,16.34775,119.93452,A2,,1,Diatom,Rhizosolenia sp2,D-Rhizosolenia sp. 2,26320
10804,2013,Aug,10,10/08/2013,,16.34775,119.93452,A2,,1,Silicoflagellate,Tintinopsis,SF-Tintinopsis,640
10805,2013,Aug,10,10/08/2013,,16.33431,119.95731,A3,,1,Dinoflagellate,Ceratium furca,DF-Ceratium furca,160
10806,2013,Aug,10,10/08/2013,,16.33431,119.95731,A3,,1,Diatom,Pleurosigma sp1,D-Pleurosigma sp. 1,320
10807,2013,Aug,10,10/08/2013,,16.33431,119.95731,A3,,1,Dinoflagellate,Prorocentrum micans,DF-Prorocentrum micans,400
10808,2013,Aug,10,10/08/2013,,16.33431,119.95731,A3,,1,Dinoflagellate,Protoperidinium spp.,DF-Protoperidinium spp.,160
10809,2013,Aug,10,10/08/2013,,16.33431,119.95731,A3,,1,Dinoflagellate,Protoperdinium  pellucidum,DF-Protoperdinium  pellucidum,80
10810,2013,Aug,10,10/08/2013,,16.33431,119.95731,A3,,1,Diatom,Rhizosolenia sp2,D-Rhizosolenia sp. 2,8960
10811,2013,Aug,10,10/08/2013,,16.33431,119.95731,A3,,1,Cyanobacteria,Trichodesmium sp.,CYN-Trichodesmium sp.,80
10812,2013,Aug,10,10/08/2013,,16.33431,119.95731,A3,,1,Diatom,Thalassiosira spp.,D-Thalassiosira spp.,160
10813,2013,Aug,10,10/08/2013,,16.33431,119.95731,A3,,1,Silicoflagellate,Tintinopsis,SF-Tintinopsis,2080
10814,2013,Aug,10,10/08/2013,,16.28459,119.92285,A4,,1,Dinoflagellate,Ceratium furca,DF-Ceratium furca,160
10815,2013,Aug,10,10/08/2013,,16.28459,119.92285,A4,,1,Diatom,Pleurosigma sp1,D-Pleurosigma sp. 1,1140
10816,2013,Aug,10,10/08/2013,,16.28459,119.92285,A4,,1,Diatom,Pleurosigma spp.,D-Pleurosigma spp.,80
10817,2013,Aug,10,10/08/2013,,16.28459,119.92285,A4,,1,Dinoflagellate,Prorocentrum micans,DF-Prorocentrum micans,2720
10818,2013,Aug,10,10/08/2013,,16.28459,119.92285,A4,,1,Dinoflagellate,Protoperidinium spp.,DF-Protoperidinium spp.,80
10819,2013,Aug,10,10/08/2013,,16.28459,119.92285,A4,,1,Diatom,Rhizosolenia sp2,D-Rhizosolenia sp. 2,21680
10820,2013,Aug,10,10/08/2013,,16.28459,119.92285,A4,,1,Silicoflagellate,Tintinopsis,SF-Tintinopsis,2240
10821,2013,Aug,10,10/08/2013,,16.27365,119.92599,A5,,1,Dinoflagellate,Ceratium furca,DF-Ceratium furca,80
10822,2013,Aug,10,10/08/2013,,16.27365,119.92599,A5,,1,Dinoflagellate,Cyst,DF-Cyst,80
10823,2013,Aug,10,10/08/2013,,16.27365,119.92599,A5,,1,Diatom,Pleurosigma sp1,D-Pleurosigma sp. 1,220
10824,2013,Aug,10,10/08/2013,,16.27365,119.92599,A5,,1,Dinoflagellate,Prorocentrum micans,DF-Prorocentrum micans,23840
10825,2013,Aug,10,10/08/2013,,16.27365,119.92599,A5,,1,Diatom,Rhizosolenia sp2,D-Rhizosolenia sp. 2,21280
10826,2013,Aug,10,10/08/2013,,16.27365,119.92599,A5,,1,Silicoflagellate,Tintinopsis,SF-Tintinopsis,4160
10827,2013,Aug,10,10/08/2013,,16.39578,119.90667,RVA3,,1,Diatom,Pleurosigma sp1,D-Pleurosigma sp. 1,720
10828,2013,Aug,10,10/08/2013,,16.39578,119.90667,RVA3,,1,Dinoflagellate,Prorocentrum micans,DF-Prorocentrum micans,560
10829,2013,Aug,10,10/08/2013,,16.39578,119.90667,RVA3,,1,Dinoflagellate,Protoperdinium  pellucidum,DF-Protoperdinium  pellucidum,160
10830,2013,Aug,10,10/08/2013,,16.39578,119.90667,RVA3,,1,Diatom,Rhizosolenia sp2,D-Rhizosolenia sp. 2,10560
10831,2013,Aug,10,10/08/2013,,16.39578,119.90667,RVA3,,1,Diatom,Skeletonema,D-Skeletonema,820
10832,2013,Aug,10,10/08/2013,,16.30944,119.92063,TS1,,1,Dinoflagellate,Ceratium furca,DF-Ceratium furca,80
10833,2013,Aug,10,10/08/2013,,16.30944,119.92063,TS1,,1,Diatom,Pleurosigma sp1,D-Pleurosigma sp. 1,1340
10834,2013,Aug,10,10/08/2013,,16.30944,119.92063,TS1,,1,Dinoflagellate,Prorocentrum micans,DF-Prorocentrum micans,2720
10835,2013,Aug,10,10/08/2013,,16.30944,119.92063,TS1,,1,Diatom,Rhizosolenia sp2,D-Rhizosolenia sp. 2,32480
10836,2013,Aug,10,10/08/2013,,16.30944,119.92063,TS1,,1,Silicoflagellate,Tintinopsis,SF-Tintinopsis,2160
10837,2013,Aug,10,10/08/2013,,16.38339,119.91585,TS2,,Mid,Diatom,Navicula  spp.,D-Navicula  spp.,80
10838,2013,Aug,10,10/08/2013,,16.38339,119.91585,TS2,,Mid,Diatom,Pleurosigma sp1,D-Pleurosigma sp. 1,480
10839,2013,Aug,10,10/08/2013,,16.38339,119.91585,TS2,,Mid,Dinoflagellate,Prorocentrum micans,DF-Prorocentrum micans,1280
10840,2013,Aug,10,10/08/2013,,16.38339,119.91585,TS2,,Mid,Diatom,Rhizosolenia sp2,D-Rhizosolenia sp. 2,1120
10841,2013,Aug,10,10/08/2013,,16.38339,119.91585,TS2,,Mid,Cyanobacteria,Trichodesmium sp.,CYN-Trichodesmium sp.,160
10842,2013,Aug,10,10/08/2013,,16.38339,119.91585,TS2,,Mid,Silicoflagellate,Tintinopsis,SF-Tintinopsis,880
10843,2013,Aug,10,10/08/2013,,16.38339,119.91585,TS2,,NB,Diatom,Pleurosigma sp1,D-Pleurosigma sp. 1,80
10844,2013,Aug,10,10/08/2013,,16.38339,119.91585,TS2,,NB,Dinoflagellate,Prorocentrum micans,DF-Prorocentrum micans,80
10845,2013,Aug,10,10/08/2013,,16.38339,119.91585,TS2,,NB,Silicoflagellate,Tintinopsis,SF-Tintinopsis,80
10846,2013,Aug,10,10/08/2013,,16.38339,119.91585,TS2,,1,Dinoflagellate,Cyst,DF-Cyst,320
10847,2013,Aug,10,10/08/2013,,16.38339,119.91585,TS2,,1,Diatom,Pleurosigma sp1,D-Pleurosigma sp. 1,80
10848,2013,Aug,10,10/08/2013,,16.38339,119.91585,TS2,,1,Dinoflagellate,Prorocentrum micans,DF-Prorocentrum micans,8320
10849,2013,Aug,10,10/08/2013,,16.38339,119.91585,TS2,,1,Dinoflagellate,Protoperidinium spp.,DF-Protoperidinium spp.,400
10850,2013,Aug,10,10/08/2013,,16.38339,119.91585,TS2,,1,Dinoflagellate,Protoperidinium pellucidum,DF-Protoperidinium pellucidum,320
10851,2013,Aug,10,10/08/2013,,16.38339,119.91585,TS2,,1,Dinoflagellate,Protoperdinium  pellucidum,DF-Protoperdinium  pellucidum,960
10852,2013,Aug,10,10/08/2013,,16.38339,119.91585,TS2,,1,Dinoflagellate,Protoperinium oblongum,DF-Protoperinium oblongum,80
10853,2013,Aug,10,10/08/2013,,16.38339,119.91585,TS2,,1,Diatom,Rhizosolenia sp2,D-Rhizosolenia sp. 2,12160
10854,2013,Aug,10,10/08/2013,,16.38339,119.91585,TS2,,1,Diatom,Skeletonema,D-Skeletonema,1680
10855,2013,Aug,10,10/08/2013,,16.38339,119.91585,TS2,,1,Diatom,Helicotheca tamensis,D-Helicotheca tamensis,80
10856,2013,Aug,10,10/08/2013,,16.34927,119.94606,W1,,1,Diatom,Cylindricotheca closterium,D-Cylindricotheca closterium,80
10857,2013,Aug,10,10/08/2013,,16.34927,119.94606,W1,,1,Diatom,Navicula  spp.,D-Navicula  spp.,160
10858,2013,Aug,10,10/08/2013,,16.34927,119.94606,W1,,1,Diatom,Pleurosigma sp1,D-Pleurosigma sp. 1,160
10859,2013,Aug,10,10/08/2013,,16.34927,119.94606,W1,,1,Diatom,Pleurosigma spp.,D-Pleurosigma spp.,80
10860,2013,Aug,10,10/08/2013,,16.34927,119.94606,W1,,1,Dinoflagellate,Prorocentrum micans,DF-Prorocentrum micans,700
10861,2013,Aug,10,10/08/2013,,16.34927,119.94606,W1,,1,Diatom,Pseudonitzschia spp.,D-Pseudonitzschia spp.,560
10862,2013,Aug,10,10/08/2013,,16.34927,119.94606,W1,,1,Diatom,Rhizosolenia sp2,D-Rhizosolenia sp. 2,13600
10863,2013,Aug,10,10/08/2013,,16.34927,119.94606,W1,,1,Diatom,Skeletonema,D-Skeletonema,400
10864,2013,Aug,10,10/08/2013,,16.34927,119.94606,W1,,1,Diatom,Thalassiosira spp.,D-Thalassiosira spp.,160
10865,2013,Aug,10,10/08/2013,,16.34927,119.94606,W1,,1,Silicoflagellate,Tintinopsis,SF-Tintinopsis,380
10866,2013,Aug,10,10/08/2013,,16.33668,119.94476,W2A,,1,Dinoflagellate,Ceratium furca,DF-Ceratium furca,240
10867,2013,Aug,10,10/08/2013,,16.33668,119.94476,W2A,,1,Diatom,Pleurosigma sp1,D-Pleurosigma sp. 1,720
10868,2013,Aug,10,10/08/2013,,16.33668,119.94476,W2A,,1,Diatom,Pleurosigma spp.,D-Pleurosigma spp.,80
10869,2013,Aug,10,10/08/2013,,16.33668,119.94476,W2A,,1,Dinoflagellate,Prorocentrum micans,DF-Prorocentrum micans,560
10870,2013,Aug,10,10/08/2013,,16.33668,119.94476,W2A,,1,Dinoflagellate,Protoperidinium spp.,DF-Protoperidinium spp.,80
10871,2013,Aug,10,10/08/2013,,16.33668,119.94476,W2A,,1,Dinoflagellate,Protoperinium oblongum,DF-Protoperinium oblongum,80
10872,2013,Aug,10,10/08/2013,,16.33668,119.94476,W2A,,1,Diatom,Rhizosolenia sp2,D-Rhizosolenia sp. 2,8160
10873,2013,Aug,10,10/08/2013,,16.33668,119.94476,W2A,,1,Diatom,Skeletonema,D-Skeletonema,1520
10874,2013,Aug,10,10/08/2013,,16.33668,119.94476,W2A,,1,Diatom,Thalassionema spp.,D-Thalassionema spp.,80
10875,2013,Aug,10,10/08/2013,,16.33668,119.94476,W2A,,1,Silicoflagellate,Tintinopsis,SF-Tintinopsis,640
10876,2013,Aug,10,10/08/2013,,16.37073,119.93401,W3,,1,Diatom,Pleurosigma sp1,D-Pleurosigma sp. 1,1040
10877,2013,Aug,10,10/08/2013,,16.37073,119.93401,W3,,1,Dinoflagellate,Prorocentrum micans,DF-Prorocentrum micans,4640
10878,2013,Aug,10,10/08/2013,,16.37073,119.93401,W3,,1,Dinoflagellate,Protoperidinium pellucidum,DF-Protoperidinium pellucidum,80
10879,2013,Aug,10,10/08/2013,,16.37073,119.93401,W3,,1,Dinoflagellate,Protoperdinium  pellucidum,DF-Protoperdinium  pellucidum,400
10880,2013,Aug,10,10/08/2013,,16.37073,119.93401,W3,,1,Diatom,Rhizosolenia sp2,D-Rhizosolenia sp. 2,18160
10881,2013,Aug,10,10/08/2013,,16.37073,119.93401,W3,,1,Diatom,Skeletonema,D-Skeletonema,480
10882,2013,Aug,10,10/08/2013,,16.37073,119.93401,W3,,1,Silicoflagellate,Tintinopsis,SF-Tintinopsis,700
10883,2013,Aug,10,10/08/2013,,16.32003,119.93384,W8,,1,Dinoflagellate,Gonyaulax verior,DF-Gonyaulax verior,80
10884,2013,Aug,10,10/08/2013,,16.32003,119.93384,W8,,1,Silicoflagellate,Favella sp.,SF-Favella sp.,160
10885,2013,Aug,10,10/08/2013,,16.32003,119.93384,W8,,1,Diatom,Pleurosigma sp1,D-Pleurosigma sp. 1,560
10886,2013,Aug,10,10/08/2013,,16.32003,119.93384,W8,,1,Dinoflagellate,Prorocentrum micans,DF-Prorocentrum micans,720
10887,2013,Aug,10,10/08/2013,,16.32003,119.93384,W8,,1,Dinoflagellate,Protoperidinium spp.,DF-Protoperidinium spp.,40
10888,2013,Aug,10,10/08/2013,,16.32003,119.93384,W8,,1,Dinoflagellate,Protoperdinium  pellucidum,DF-Protoperdinium  pellucidum,80
10889,2013,Aug,10,10/08/2013,,16.32003,119.93384,W8,,1,Diatom,Rhizosolenia sp2,D-Rhizosolenia sp. 2,16160
10890,2013,Aug,10,10/08/2013,,16.32003,119.93384,W8,,1,Silicoflagellate,Tintinopsis,SF-Tintinopsis,720
10891,2013,Aug,10,10/08/2013,,16.34775,119.93452,W9,,1,Dinoflagellate,Ceratium furca,DF-Ceratium furca,40
10892,2013,Aug,10,10/08/2013,,16.34775,119.93452,W9,,1,Diatom,Pleurosigma sp1,D-Pleurosigma sp. 1,160
10893,2013,Aug,10,10/08/2013,,16.34775,119.93452,W9,,1,Dinoflagellate,Prorocentrum micans,DF-Prorocentrum micans,880
10894,2013,Aug,10,10/08/2013,,16.34775,119.93452,W9,,1,Dinoflagellate,Protoperidinium spp.,DF-Protoperidinium spp.,960
10895,2013,Aug,10,10/08/2013,,16.34775,119.93452,W9,,1,Dinoflagellate,Protoperidinium pellucidum,DF-Protoperidinium pellucidum,80
10896,2013,Aug,10,10/08/2013,,16.34775,119.93452,W9,,1,Dinoflagellate,Protoperinium oblongum,DF-Protoperinium oblongum,80
10897,2013,Aug,10,10/08/2013,,16.34775,119.93452,W9,,1,Diatom,Pseudonitzschia spp.,D-Pseudonitzschia spp.,160
10898,2013,Aug,10,10/08/2013,,16.34775,119.93452,W9,,1,Diatom,Rhizosolenia sp2,D-Rhizosolenia sp. 2,22640
10899,2013,Aug,10,10/08/2013,,16.34775,119.93452,W9,,1,Diatom,Thalassiosira spp.,D-Thalassiosira spp.,80
10900,2013,Aug,10,10/08/2013,,16.34775,119.93452,W9,,1,Silicoflagellate,Tintinopsis,SF-Tintinopsis,160
10901,2013,Aug,10,10/08/2013,,16.37052,119.94857,W10,,1,Dinoflagellate,Ceratium furca,DF-Ceratium furca,80
10902,2013,Aug,10,10/08/2013,,16.37052,119.94857,W10,,1,Diatom,Navicula  spp.,D-Navicula  spp.,160
10903,2013,Aug,10,10/08/2013,,16.37052,119.94857,W10,,1,Diatom,Pleurosigma sp1,D-Pleurosigma sp. 1,1200
10904,2013,Aug,10,10/08/2013,,16.37052,119.94857,W10,,1,Dinoflagellate,Prorocentrum micans,DF-Prorocentrum micans,2240
10905,2013,Aug,10,10/08/2013,,16.37052,119.94857,W10,,1,Dinoflagellate,Protoperidinium spp.,DF-Protoperidinium spp.,160
10906,2013,Aug,10,10/08/2013,,16.37052,119.94857,W10,,1,Diatom,Pseudonitzschia spp.,D-Pseudonitzschia spp.,1040
10907,2013,Aug,10,10/08/2013,,16.37052,119.94857,W10,,1,Diatom,Rhizosolenia sp2,D-Rhizosolenia sp. 2,2800
10908,2013,Aug,10,10/08/2013,,16.37052,119.94857,W10,,1,Diatom,Skeletonema,D-Skeletonema,380
10909,2013,Aug,10,10/08/2013,,16.37052,119.94857,W10,,1,Diatom,Helicotheca tamensis,D-Helicotheca tamensis,80
10910,2013,Aug,10,10/08/2013,,16.38326,119.92616,W11,,1,Diatom,Pleurosigma sp1,D-Pleurosigma sp. 1,720
10911,2013,Aug,10,10/08/2013,,16.38326,119.92616,W11,,1,Dinoflagellate,Prorocentrum micans,DF-Prorocentrum micans,7680
10912,2013,Aug,10,10/08/2013,,16.38326,119.92616,W11,,1,Dinoflagellate,Protoperidinium spp.,DF-Protoperidinium spp.,400
10913,2013,Aug,10,10/08/2013,,16.38326,119.92616,W11,,1,Dinoflagellate,Protoperidinium pellucidum,DF-Protoperidinium pellucidum,240
10914,2013,Aug,10,10/08/2013,,16.38326,119.92616,W11,,1,Dinoflagellate,Protoperdinium  pellucidum,DF-Protoperdinium  pellucidum,40
10915,2013,Aug,10,10/08/2013,,16.38326,119.92616,W11,,1,Diatom,Rhizosolenia sp2,D-Rhizosolenia sp. 2,17360
10916,2013,Aug,10,10/08/2013,,16.38326,119.92616,W11,,1,Diatom,Skeletonema,D-Skeletonema,640
10917,2013,Aug,10,10/08/2013,,16.38326,119.92616,W11,,1,Diatom,Helicotheca tamensis,D-Helicotheca tamensis,160
10918,2013,Aug,10,10/08/2013,,16.38326,119.92616,W11,,1,Diatom,Thalassiosira spp.,D-Thalassiosira spp.,160
10919,2013,Aug,10,10/08/2013,,16.38326,119.92616,W11,,1,Silicoflagellate,Tintinopsis,SF-Tintinopsis,1280
10920,2013,Aug,15,15/08/2013,,16.34775,119.93375,A1,,1,Diatom,Pleurosigma sp1,D-Pleurosigma sp. 1,80
10921,2013,Aug,15,15/08/2013,,16.34775,119.93375,A1,,1,Dinoflagellate,Prorocentrum micans,DF-Prorocentrum micans,400
10922,2013,Aug,15,15/08/2013,,16.34775,119.93375,A1,,1,Diatom,Rhizosolenia sp2,D-Rhizosolenia sp. 2,320
10923,2013,Aug,15,15/08/2013,,16.34775,119.93375,A1,,1,Silicoflagellate,Tintinopsis,SF-Tintinopsis,80
10924,2013,Aug,15,15/08/2013,,16.34775,119.93452,A2,,1,Diatom,Navicula  spp.,D-Navicula  spp.,80
10925,2013,Aug,15,15/08/2013,,16.34775,119.93452,A2,,1,Dinoflagellate,Prorocentrum micans,DF-Prorocentrum micans,3120
10926,2013,Aug,15,15/08/2013,,16.34775,119.93452,A2,,1,Dinoflagellate,Protoperidinium pellucidum,DF-Protoperidinium pellucidum,80
10927,2013,Aug,15,15/08/2013,,16.34775,119.93452,A2,,1,Diatom,Rhizosolenia sp2,D-Rhizosolenia sp. 2,2080
10928,2013,Aug,15,15/08/2013,,16.34775,119.93452,A2,,1,Diatom,Skeletonema,D-Skeletonema,400
10929,2013,Aug,15,15/08/2013,,16.34775,119.93452,A2,,1,Silicoflagellate,Tintinopsis,SF-Tintinopsis,1440
10930,2013,Aug,15,15/08/2013,,16.33431,119.95731,A3,,1,Diatom,Navicula  spp.,D-Navicula  spp.,80
10931,2013,Aug,15,15/08/2013,,16.33431,119.95731,A3,,1,Diatom,Pleurosigma sp2,D-Pleurosigma sp. 2,80
10932,2013,Aug,15,15/08/2013,,16.33431,119.95731,A3,,1,Dinoflagellate,Prorocentrum micans,DF-Prorocentrum micans,880
10933,2013,Aug,15,15/08/2013,,16.33431,119.95731,A3,,1,Diatom,Rhizosolenia sp2,D-Rhizosolenia sp. 2,880
10934,2013,Aug,15,15/08/2013,,16.33431,119.95731,A3,,1,Diatom,Thalassiosira spp.,D-Thalassiosira spp.,80
10935,2013,Aug,15,15/08/2013,,16.33431,119.95731,A3,,1,Silicoflagellate,Tintinopsis,SF-Tintinopsis,400
10936,2013,Aug,15,15/08/2013,,16.28459,119.92285,A4,,1,Diatom,Pleurosigma spp.,D-Pleurosigma spp.,160
10937,2013,Aug,15,15/08/2013,,16.28459,119.92285,A4,,1,Silicoflagellate,Tintinopsis,SF-Tintinopsis,160
10938,2013,Aug,15,15/08/2013,,16.27365,119.92599,A5,,1,Dinoflagellate,Cyst,DF-Cyst,80
10939,2013,Aug,15,15/08/2013,,16.27365,119.92599,A5,,1,Diatom,Navicula  spp.,D-Navicula  spp.,160
10940,2013,Aug,15,15/08/2013,,16.27365,119.92599,A5,,1,Silicoflagellate,Tintinopsis,SF-Tintinopsis,80
10941,2013,Aug,15,15/08/2013,,16.39578,119.90667,RVA3,,1,Diatom,Navicula  spp.,D-Navicula  spp.,80
10942,2013,Aug,15,15/08/2013,,16.39578,119.90667,RVA3,,1,Diatom,Pleurosigma sp1,D-Pleurosigma sp. 1,320
10943,2013,Aug,15,15/08/2013,,16.39578,119.90667,RVA3,,1,Diatom,Rhizosolenia sp2,D-Rhizosolenia sp. 2,2400
10944,2013,Aug,15,15/08/2013,,16.39578,119.90667,RVA3,,1,Silicoflagellate,Tintinopsis,SF-Tintinopsis,320
10945,2013,Aug,15,15/08/2013,,16.30944,119.92063,TS1,,1,Diatom,Navicula  spp.,D-Navicula  spp.,160
10946,2013,Aug,15,15/08/2013,,16.38339,119.91585,TS2,,1,Dinoflagellate,Ceratium furca,DF-Ceratium furca,80
10947,2013,Aug,15,15/08/2013,,16.38339,119.91585,TS2,,1,Dinoflagellate,Cyst,DF-Cyst,80
10948,2013,Aug,15,15/08/2013,,16.38339,119.91585,TS2,,1,Diatom,Pleurosigma sp1,D-Pleurosigma sp. 1,80
10949,2013,Aug,15,15/08/2013,,16.38339,119.91585,TS2,,1,Diatom,Rhizosolenia sp2,D-Rhizosolenia sp. 2,16000
10950,2013,Aug,15,15/08/2013,,16.38339,119.91585,TS2,,1,Diatom,Thalassiosira spp.,D-Thalassiosira spp.,4400
10951,2013,Aug,15,15/08/2013,,16.38339,119.91585,TS2,,1,Silicoflagellate,Tintinopsis,SF-Tintinopsis,1680
10952,2013,Aug,15,15/08/2013,,16.34927,119.94606,W1,,1,Diatom,Navicula  spp.,D-Navicula  spp.,240
10953,2013,Aug,15,15/08/2013,,16.34927,119.94606,W1,,1,Diatom,Pleurosigma sp1,D-Pleurosigma sp. 1,240
10954,2013,Aug,15,15/08/2013,,16.34927,119.94606,W1,,1,Diatom,Pleurosigma spp.,D-Pleurosigma spp.,80
10955,2013,Aug,15,15/08/2013,,16.34927,119.94606,W1,,1,Dinoflagellate,Prorocentrum micans,DF-Prorocentrum micans,2480
10956,2013,Aug,15,15/08/2013,,16.34927,119.94606,W1,,1,Diatom,Rhizosolenia sp2,D-Rhizosolenia sp. 2,800
10957,2013,Aug,15,15/08/2013,,16.34927,119.94606,W1,,1,Diatom,Thalassiosira spp.,D-Thalassiosira spp.,160
10958,2013,Aug,15,15/08/2013,,16.34927,119.94606,W1,,1,Silicoflagellate,Tintinopsis,SF-Tintinopsis,320
10959,2013,Aug,15,15/08/2013,,16.33668,119.94476,W2A,,1,Diatom,Navicula  spp.,D-Navicula  spp.,80
10960,2013,Aug,15,15/08/2013,,16.33668,119.94476,W2A,,1,Dinoflagellate,Prorocentrum micans,DF-Prorocentrum micans,1040
10961,2013,Aug,15,15/08/2013,,16.33668,119.94476,W2A,,1,Diatom,Rhizosolenia sp2,D-Rhizosolenia sp. 2,3280
10962,2013,Aug,15,15/08/2013,,16.33668,119.94476,W2A,,1,Cyanobacteria,Trichodesmium sp.,CYN-Trichodesmium sp.,80
10963,2013,Aug,15,15/08/2013,,16.33668,119.94476,W2A,,1,Diatom,Thalassiosira spp.,D-Thalassiosira spp.,80
10964,2013,Aug,15,15/08/2013,,16.33668,119.94476,W2A,,1,Silicoflagellate,Tintinopsis,SF-Tintinopsis,480
10965,2013,Aug,15,15/08/2013,,16.37073,119.93401,W3,,1,Diatom,Navicula  spp.,D-Navicula  spp.,80
10966,2013,Aug,15,15/08/2013,,16.37073,119.93401,W3,,1,Diatom,Pleurosigma sp1,D-Pleurosigma sp. 1,80
10967,2013,Aug,15,15/08/2013,,16.37073,119.93401,W3,,1,Dinoflagellate,Prorocentrum micans,DF-Prorocentrum micans,240
10968,2013,Aug,15,15/08/2013,,16.37073,119.93401,W3,,1,Diatom,Rhizosolenia sp2,D-Rhizosolenia sp. 2,6480
10969,2013,Aug,15,15/08/2013,,16.37073,119.93401,W3,,1,Silicoflagellate,Tintinopsis,SF-Tintinopsis,320
10970,2013,Aug,15,15/08/2013,,16.32003,119.93384,W8,,1,Diatom,Navicula  spp.,D-Navicula  spp.,80
10971,2013,Aug,15,15/08/2013,,16.32003,119.93384,W8,,1,Diatom,Rhizosolenia sp2,D-Rhizosolenia sp. 2,160
10972,2013,Aug,15,15/08/2013,,16.32003,119.93384,W8,,1,Silicoflagellate,Tintinopsis,SF-Tintinopsis,80
10973,2013,Aug,15,15/08/2013,,16.37052,119.94857,W10,,1,Diatom,Pleurosigma sp1,D-Pleurosigma sp. 1,480
10974,2013,Aug,15,15/08/2013,,16.37052,119.94857,W10,,1,Dinoflagellate,Prorocentrum micans,DF-Prorocentrum micans,1120
10975,2013,Aug,15,15/08/2013,,16.37052,119.94857,W10,,1,Dinoflagellate,Protoperidinium spp.,DF-Protoperidinium spp.,160
10976,2013,Aug,15,15/08/2013,,16.37052,119.94857,W10,,1,Diatom,Rhizosolenia sp2,D-Rhizosolenia sp. 2,10400
10977,2013,Aug,15,15/08/2013,,16.37052,119.94857,W10,,1,Diatom,Thalassiosira spp.,D-Thalassiosira spp.,160
10978,2013,Aug,15,15/08/2013,,16.37052,119.94857,W10,,1,Silicoflagellate,Tintinopsis,SF-Tintinopsis,1680
10979,2013,Aug,15,15/08/2013,,16.38326,119.92616,W11,,1,Diatom,Pleurosigma sp1,D-Pleurosigma sp. 1,80
10980,2013,Aug,15,15/08/2013,,16.38326,119.92616,W11,,1,Diatom,Rhizosolenia sp2,D-Rhizosolenia sp. 2,3840
10981,2013,Aug,15,15/08/2013,,16.38326,119.92616,W11,,1,Diatom,Helicotheca tamensis,D-Helicotheca tamensis,80
10982,2013,Aug,15,15/08/2013,,16.38326,119.92616,W11,,1,Diatom,Thalassiosira spp.,D-Thalassiosira spp.,640
10983,2013,Aug,15,15/08/2013,,16.38326,119.92616,W11,,1,Silicoflagellate,Tintinopsis,SF-Tintinopsis,880
10984,2013,Aug,19,19/08/2013,,16.38326,119.92616,W11,,1,Dinoflagellate,Ceratium furca,DF-Ceratium furca,80
10985,2013,Aug,19,19/08/2013,,16.38326,119.92616,W11,,1,Dinoflagellate,Cyst,DF-Cyst,80
10986,2013,Aug,19,19/08/2013,,16.38326,119.92616,W11,,1,Diatom,Pleurosigma sp1,D-Pleurosigma sp. 1,320
10987,2013,Aug,19,19/08/2013,,16.38326,119.92616,W11,,1,Diatom,Pleurosigma spp.,D-Pleurosigma spp.,80
10988,2013,Aug,19,19/08/2013,,16.38326,119.92616,W11,,1,Diatom,Pseudonitzschia spp.,D-Pseudonitzschia spp.,160
10989,2013,Aug,19,19/08/2013,,16.38326,119.92616,W11,,1,Diatom,Rhizosolenia sp2,D-Rhizosolenia sp. 2,16320
10990,2013,Aug,19,19/08/2013,,16.38326,119.92616,W11,,1,Diatom,Thalassiosira spp.,D-Thalassiosira spp.,7200
10991,2013,Aug,19,19/08/2013,,16.38326,119.92616,W11,,1,Silicoflagellate,Tintinopsis,SF-Tintinopsis,640
10992,2013,Aug,19,19/08/2013,,16.37052,119.94857,W10,,1,Dinoflagellate,Cyst,DF-Cyst,160
10993,2013,Aug,19,19/08/2013,,16.37052,119.94857,W10,,1,Dinoflagellate,Gonyaulax verior,DF-Gonyaulax verior,80
10994,2013,Aug,19,19/08/2013,,16.37052,119.94857,W10,,1,Dinoflagellate,Oxytoxum spp.,DF-Oxytoxum spp.,160
10995,2013,Aug,19,19/08/2013,,16.37052,119.94857,W10,,1,Diatom,Pleurosigma sp1,D-Pleurosigma sp. 1,560
10996,2013,Aug,19,19/08/2013,,16.37052,119.94857,W10,,1,Dinoflagellate,Prorocentrum micans,DF-Prorocentrum micans,320
10997,2013,Aug,19,19/08/2013,,16.37052,119.94857,W10,,1,Dinoflagellate,Protoperidinium spp.,DF-Protoperidinium spp.,240
10998,2013,Aug,19,19/08/2013,,16.37052,119.94857,W10,,1,Diatom,Rhizosolenia sp2,D-Rhizosolenia sp. 2,38720
10999,2013,Aug,19,19/08/2013,,16.37052,119.94857,W10,,1,Cyanobacteria,Trichodesmium sp.,CYN-Trichodesmium sp.,80
11000,2013,Aug,19,19/08/2013,,16.37052,119.94857,W10,,1,Diatom,Thalassiosira spp.,D-Thalassiosira spp.,15200
11001,2013,Aug,19,19/08/2013,,16.34775,119.93452,W9,,1,Dinoflagellate,Alexandrium spp.,DF-Alexandrium spp.,80
11002,2013,Aug,19,19/08/2013,,16.34775,119.93452,W9,,1,Diatom,Navicula  spp.,D-Navicula  spp.,800
11003,2013,Aug,19,19/08/2013,,16.34775,119.93452,W9,,1,Dinoflagellate,Oxytoxum spp.,DF-Oxytoxum spp.,80
11004,2013,Aug,19,19/08/2013,,16.34775,119.93452,W9,,1,Diatom,Pleurosigma sp1,D-Pleurosigma sp. 1,160
11005,2013,Aug,19,19/08/2013,,16.34775,119.93452,W9,,1,Dinoflagellate,Prorocentrum micans,DF-Prorocentrum micans,400
11006,2013,Aug,19,19/08/2013,,16.34775,119.93452,W9,,1,Diatom,Pseudonitzschia spp.,D-Pseudonitzschia spp.,240
11007,2013,Aug,19,19/08/2013,,16.34775,119.93452,W9,,1,Diatom,Rhizosolenia sp2,D-Rhizosolenia sp. 2,1520
11008,2013,Aug,19,19/08/2013,,16.34775,119.93452,W9,,1,Diatom,Thalassiosira spp.,D-Thalassiosira spp.,9200
11009,2013,Aug,19,19/08/2013,,16.34775,119.93452,W9,,1,Silicoflagellate,Tintinopsis,SF-Tintinopsis,2720
11010,2013,Aug,19,19/08/2013,,16.32003,119.93384,W8,,1,Dinoflagellate,Alexandrium spp.,DF-Alexandrium spp.,320
11011,2013,Aug,19,19/08/2013,,16.32003,119.93384,W8,,1,Diatom,Navicula  spp.,D-Navicula  spp.,240
11012,2013,Aug,19,19/08/2013,,16.32003,119.93384,W8,,1,Dinoflagellate,Oxytoxum spp.,DF-Oxytoxum spp.,240
11013,2013,Aug,19,19/08/2013,,16.32003,119.93384,W8,,1,Diatom,Pleurosigma sp1,D-Pleurosigma sp. 1,80
11014,2013,Aug,19,19/08/2013,,16.32003,119.93384,W8,,1,Diatom,Pleurosigma spp.,D-Pleurosigma spp.,80
11015,2013,Aug,19,19/08/2013,,16.32003,119.93384,W8,,1,Dinoflagellate,Prorocentrum micans,DF-Prorocentrum micans,240
11016,2013,Aug,19,19/08/2013,,16.32003,119.93384,W8,,1,Diatom,Rhizosolenia sp2,D-Rhizosolenia sp. 2,1280
11017,2013,Aug,19,19/08/2013,,16.32003,119.93384,W8,,1,Cyanobacteria,Trichodesmium sp.,CYN-Trichodesmium sp.,80
11018,2013,Aug,19,19/08/2013,,16.32003,119.93384,W8,,1,Diatom,Thalassiosira spp.,D-Thalassiosira spp.,4000
11019,2013,Aug,19,19/08/2013,,16.32003,119.93384,W8,,1,Silicoflagellate,Tintinopsis,SF-Tintinopsis,4080
11020,2013,Aug,19,19/08/2013,,16.37073,119.93401,W3,,1,Diatom,Pleurosigma sp1,D-Pleurosigma sp. 1,160
11021,2013,Aug,19,19/08/2013,,16.37073,119.93401,W3,,1,Dinoflagellate,Prorocentrum micans,DF-Prorocentrum micans,880
11022,2013,Aug,19,19/08/2013,,16.37073,119.93401,W3,,1,Diatom,Pseudonitzschia spp.,D-Pseudonitzschia spp.,160
11023,2013,Aug,19,19/08/2013,,16.37073,119.93401,W3,,1,Diatom,Rhizosolenia sp2,D-Rhizosolenia sp. 2,12800
11024,2013,Aug,19,19/08/2013,,16.37073,119.93401,W3,,1,Diatom,Thalassiosira spp.,D-Thalassiosira spp.,7440
11025,2013,Aug,19,19/08/2013,,16.37073,119.93401,W3,,1,Silicoflagellate,Tintinopsis,SF-Tintinopsis,640
11026,2013,Aug,19,19/08/2013,,16.33668,119.94476,W2A,,1,Dinoflagellate,Gyrodinium,DF-Gyrodinium,80
11027,2013,Aug,19,19/08/2013,,16.33668,119.94476,W2A,,1,Dinoflagellate,Prorocentrum micans,DF-Prorocentrum micans,320
11028,2013,Aug,19,19/08/2013,,16.33668,119.94476,W2A,,1,Diatom,Rhizosolenia sp2,D-Rhizosolenia sp. 2,480
11029,2013,Aug,19,19/08/2013,,16.33668,119.94476,W2A,,1,Diatom,Thalassiosira spp.,D-Thalassiosira spp.,11600
11030,2013,Aug,19,19/08/2013,,16.33668,119.94476,W2A,,1,Silicoflagellate,Tintinopsis,SF-Tintinopsis,3760
11031,2013,Aug,19,19/08/2013,,16.34927,119.94606,W1,,1,Dinoflagellate,Gyrodinium,DF-Gyrodinium,240
11032,2013,Aug,19,19/08/2013,,16.34927,119.94606,W1,,1,Diatom,Pleurosigma sp1,D-Pleurosigma sp. 1,160
11033,2013,Aug,19,19/08/2013,,16.34927,119.94606,W1,,1,Dinoflagellate,Prorocentrum micans,DF-Prorocentrum micans,1920
11034,2013,Aug,19,19/08/2013,,16.34927,119.94606,W1,,1,Dinoflagellate,Protoperidinium spp.,DF-Protoperidinium spp.,80
11035,2013,Aug,19,19/08/2013,,16.34927,119.94606,W1,,1,Diatom,Pseudonitzschia spp.,D-Pseudonitzschia spp.,400
11036,2013,Aug,19,19/08/2013,,16.34927,119.94606,W1,,1,Diatom,Rhizosolenia sp2,D-Rhizosolenia sp. 2,13840
11037,2013,Aug,19,19/08/2013,,16.34927,119.94606,W1,,1,Diatom,Thalassiosira spp.,D-Thalassiosira spp.,1280
11038,2013,Aug,19,19/08/2013,,16.34927,119.94606,W1,,1,Silicoflagellate,Tintinopsis,SF-Tintinopsis,320
11039,2013,Aug,19,19/08/2013,,16.38339,119.91585,TS2,,1,Diatom,Pleurosigma sp1,D-Pleurosigma sp. 1,80
11040,2013,Aug,19,19/08/2013,,16.38339,119.91585,TS2,,1,Dinoflagellate,Prorocentrum micans,DF-Prorocentrum micans,400
11041,2013,Aug,19,19/08/2013,,16.38339,119.91585,TS2,,1,Diatom,Pseudonitzschia spp.,D-Pseudonitzschia spp.,80
11042,2013,Aug,19,19/08/2013,,16.38339,119.91585,TS2,,1,Diatom,Rhizosolenia sp2,D-Rhizosolenia sp. 2,11040
11043,2013,Aug,19,19/08/2013,,16.38339,119.91585,TS2,,1,Diatom,Thalassiosira spp.,D-Thalassiosira spp.,2160
11044,2013,Aug,19,19/08/2013,,16.38339,119.91585,TS2,,1,Silicoflagellate,Tintinopsis,SF-Tintinopsis,160
11045,2013,Aug,19,19/08/2013,,16.30944,119.92063,TS1,,1,Diatom,Navicula  spp.,D-Navicula  spp.,80
11046,2013,Aug,19,19/08/2013,,16.30944,119.92063,TS1,,1,Diatom,Rhizosolenia sp2,D-Rhizosolenia sp. 2,80
11047,2013,Aug,19,19/08/2013,,16.30944,119.92063,TS1,,1,Diatom,Thalassiosira spp.,D-Thalassiosira spp.,2240
11048,2013,Aug,19,19/08/2013,,16.30944,119.92063,TS1,,1,Silicoflagellate,Tintinopsis,SF-Tintinopsis,2160
11049,2013,Aug,19,19/08/2013,,16.39578,119.90667,RVA3,,1,Diatom,Rhizosolenia sp2,D-Rhizosolenia sp. 2,17680
11050,2013,Aug,19,19/08/2013,,16.39578,119.90667,RVA3,,1,Diatom,Thalassiosira spp.,D-Thalassiosira spp.,80
11051,2013,Aug,19,19/08/2013,,16.27365,119.92599,A5,,1,Diatom,Navicula  spp.,D-Navicula  spp.,80
11052,2013,Aug,19,19/08/2013,,16.27365,119.92599,A5,,1,Diatom,Pleurosigma sp1,D-Pleurosigma sp. 1,160
11053,2013,Aug,19,19/08/2013,,16.27365,119.92599,A5,,1,Diatom,Rhizosolenia sp2,D-Rhizosolenia sp. 2,80
11054,2013,Aug,19,19/08/2013,,16.27365,119.92599,A5,,1,Diatom,Thalassiosira spp.,D-Thalassiosira spp.,240
11055,2013,Aug,19,19/08/2013,,16.27365,119.92599,A5,,1,Silicoflagellate,Tintinopsis,SF-Tintinopsis,400
11056,2013,Aug,19,19/08/2013,,16.28459,119.92285,A4,,1,Diatom,Thalassiosira spp.,D-Thalassiosira spp.,480
11057,2013,Aug,19,19/08/2013,,16.28459,119.92285,A4,,1,Silicoflagellate,Tintinopsis,SF-Tintinopsis,800
11058,2013,Aug,19,19/08/2013,,16.33431,119.95731,A3,,1,Dinoflagellate,Cyst,DF-Cyst,80
11059,2013,Aug,19,19/08/2013,,16.33431,119.95731,A3,,1,Diatom,Rhizosolenia sp2,D-Rhizosolenia sp. 2,400
11060,2013,Aug,19,19/08/2013,,16.33431,119.95731,A3,,1,Diatom,Thalassiosira spp.,D-Thalassiosira spp.,7360
11061,2013,Aug,19,19/08/2013,,16.33431,119.95731,A3,,1,Silicoflagellate,Tintinopsis,SF-Tintinopsis,3440
11062,2013,Aug,19,19/08/2013,,16.34775,119.93452,A2,,1,Dinoflagellate,Alexandrium spp.,DF-Alexandrium spp.,1920
11063,2013,Aug,19,19/08/2013,,16.34775,119.93452,A2,,1,Diatom,Navicula  spp.,D-Navicula  spp.,160
11064,2013,Aug,19,19/08/2013,,16.34775,119.93452,A2,,1,Diatom,Pleurosigma sp1,D-Pleurosigma sp. 1,80
11065,2013,Aug,19,19/08/2013,,16.34775,119.93452,A2,,1,Dinoflagellate,Prorocentrum micans,DF-Prorocentrum micans,240
11066,2013,Aug,19,19/08/2013,,16.34775,119.93452,A2,,1,Dinoflagellate,Protoperidinium spp.,DF-Protoperidinium spp.,80
11067,2013,Aug,19,19/08/2013,,16.34775,119.93452,A2,,1,Diatom,Rhizosolenia sp2,D-Rhizosolenia sp. 2,560
11068,2013,Aug,19,19/08/2013,,16.34775,119.93452,A2,,1,Diatom,Thalassiosira spp.,D-Thalassiosira spp.,3040
11069,2013,Aug,19,19/08/2013,,16.34775,119.93452,A2,,1,Silicoflagellate,Tintinopsis,SF-Tintinopsis,1520
11070,2013,Aug,19,19/08/2013,,16.34775,119.93375,A1,,1,Dinoflagellate,Alexandrium spp.,DF-Alexandrium spp.,640
11071,2013,Aug,19,19/08/2013,,16.34775,119.93375,A1,,1,Diatom,Cylindricotheca closterium,D-Cylindricotheca closterium,80
11072,2013,Aug,19,19/08/2013,,16.34775,119.93375,A1,,1,Dinoflagellate,Cyst,DF-Cyst,80
11073,2013,Aug,19,19/08/2013,,16.34775,119.93375,A1,,1,Diatom,Navicula  spp.,D-Navicula  spp.,160
11074,2013,Aug,19,19/08/2013,,16.34775,119.93375,A1,,1,Diatom,Pleurosigma sp1,D-Pleurosigma sp. 1,80
11075,2013,Aug,19,19/08/2013,,16.34775,119.93375,A1,,1,Dinoflagellate,Prorocentrum micans,DF-Prorocentrum micans,80
11076,2013,Aug,19,19/08/2013,,16.34775,119.93375,A1,,1,Diatom,Rhizosolenia sp2,D-Rhizosolenia sp. 2,3680
11077,2013,Aug,19,19/08/2013,,16.34775,119.93375,A1,,1,Diatom,Skeletonema,D-Skeletonema,1200
11078,2013,Aug,19,19/08/2013,,16.34775,119.93375,A1,,1,Diatom,Thalassiosira spp.,D-Thalassiosira spp.,7600
11079,2013,Aug,19,19/08/2013,,16.34775,119.93375,A1,,1,Silicoflagellate,Tintinopsis,SF-Tintinopsis,1840
11080,2013,Aug,22,22/08/2013,,16.38326,119.92616,W11,,1,Dinoflagellate,Ceratium furca,DF-Ceratium furca,240
11081,2013,Aug,22,22/08/2013,,16.38326,119.92616,W11,,1,Dinoflagellate,Gyrodinium,DF-Gyrodinium,60
11082,2013,Aug,22,22/08/2013,,16.38326,119.92616,W11,,1,Diatom,Pleurosigma sp1,D-Pleurosigma sp. 1,160
11083,2013,Aug,22,22/08/2013,,16.38326,119.92616,W11,,1,Dinoflagellate,Prorocentrum micans,DF-Prorocentrum micans,560
11084,2013,Aug,22,22/08/2013,,16.38326,119.92616,W11,,1,Diatom,Rhizosolenia sp2,D-Rhizosolenia sp. 2,3600
11085,2013,Aug,22,22/08/2013,,16.38326,119.92616,W11,,1,Diatom,Thalassiosira spp.,D-Thalassiosira spp.,18800
11086,2013,Aug,22,22/08/2013,,16.38326,119.92616,W11,,1,Silicoflagellate,Tintinopsis,SF-Tintinopsis,4720
11087,2013,Aug,22,22/08/2013,,16.37052,119.94857,W10,,1,Dinoflagellate,Cyst,DF-Cyst,80
11088,2013,Aug,22,22/08/2013,,16.37052,119.94857,W10,,1,Dinoflagellate,Gyrodinium,DF-Gyrodinium,80
11089,2013,Aug,22,22/08/2013,,16.37052,119.94857,W10,,1,Diatom,Navicula  spp.,D-Navicula  spp.,80
11090,2013,Aug,22,22/08/2013,,16.37052,119.94857,W10,,1,Diatom,Pleurosigma spp.,D-Pleurosigma spp.,80
11091,2013,Aug,22,22/08/2013,,16.37052,119.94857,W10,,1,Dinoflagellate,Prorocentrum micans,DF-Prorocentrum micans,560
11092,2013,Aug,22,22/08/2013,,16.37052,119.94857,W10,,1,Dinoflagellate,Protoperidinium spp.,DF-Protoperidinium spp.,80
11093,2013,Aug,22,22/08/2013,,16.37052,119.94857,W10,,1,Diatom,Pseudonitzschia spp.,D-Pseudonitzschia spp.,320
11094,2013,Aug,22,22/08/2013,,16.37052,119.94857,W10,,1,Diatom,Rhizosolenia sp2,D-Rhizosolenia sp. 2,7200
11095,2013,Aug,22,22/08/2013,,16.37052,119.94857,W10,,1,Diatom,Thalassiosira spp.,D-Thalassiosira spp.,720
11096,2013,Aug,22,22/08/2013,,16.37052,119.94857,W10,,1,Silicoflagellate,Tintinopsis,SF-Tintinopsis,11520
11097,2013,Aug,22,22/08/2013,,16.34775,119.93452,W9,,1,Diatom,Navicula  spp.,D-Navicula  spp.,80
11098,2013,Aug,22,22/08/2013,,16.34775,119.93452,W9,,1,Diatom,Pleurosigma spp.,D-Pleurosigma spp.,80
11099,2013,Aug,22,22/08/2013,,16.34775,119.93452,W9,,1,Dinoflagellate,Prorocentrum micans,DF-Prorocentrum micans,320
11100,2013,Aug,22,22/08/2013,,16.34775,119.93452,W9,,1,Diatom,Pseudonitzschia spp.,D-Pseudonitzschia spp.,220
11101,2013,Aug,22,22/08/2013,,16.34775,119.93452,W9,,1,Diatom,Rhizosolenia sp2,D-Rhizosolenia sp. 2,1600
11102,2013,Aug,22,22/08/2013,,16.34775,119.93452,W9,,1,Diatom,Thalassiosira spp.,D-Thalassiosira spp.,1360
11103,2013,Aug,22,22/08/2013,,16.34775,119.93452,W9,,1,Silicoflagellate,Tintinopsis,SF-Tintinopsis,4080
11104,2013,Aug,22,22/08/2013,,16.32003,119.93384,W8,,1,Dinoflagellate,Ceratium furca,DF-Ceratium furca,160
11105,2013,Aug,22,22/08/2013,,16.32003,119.93384,W8,,1,Dinoflagellate,Cyst,DF-Cyst,80
11106,2013,Aug,22,22/08/2013,,16.32003,119.93384,W8,,1,Silicoflagellate,Tintinopsis,SF-Tintinopsis,22240
11107,2013,Aug,22,22/08/2013,,16.37073,119.93401,W3,,1,Dinoflagellate,Cyst,DF-Cyst,80
11108,2013,Aug,22,22/08/2013,,16.37073,119.93401,W3,,1,Dinoflagellate,Gyrodinium,DF-Gyrodinium,560
11109,2013,Aug,22,22/08/2013,,16.37073,119.93401,W3,,1,Diatom,Pleurosigma sp1,D-Pleurosigma sp. 1,160
11110,2013,Aug,22,22/08/2013,,16.37073,119.93401,W3,,1,Diatom,Pleurosigma sp2,D-Pleurosigma sp. 2,80
11111,2013,Aug,22,22/08/2013,,16.37073,119.93401,W3,,1,Dinoflagellate,Prorocentrum micans,DF-Prorocentrum micans,1040
11112,2013,Aug,22,22/08/2013,,16.37073,119.93401,W3,,1,Diatom,Rhizosolenia sp2,D-Rhizosolenia sp. 2,4160
11113,2013,Aug,22,22/08/2013,,16.37073,119.93401,W3,,1,Diatom,Thalassiosira spp.,D-Thalassiosira spp.,18320
11114,2013,Aug,22,22/08/2013,,16.37073,119.93401,W3,,1,Silicoflagellate,Tintinopsis,SF-Tintinopsis,12080
11115,2013,Aug,22,22/08/2013,,16.33668,119.94476,W2A,,1,Diatom,Cylindricotheca closterium,D-Cylindricotheca closterium,80
11116,2013,Aug,22,22/08/2013,,16.33668,119.94476,W2A,,1,Diatom,Navicula  spp.,D-Navicula  spp.,80
11117,2013,Aug,22,22/08/2013,,16.33668,119.94476,W2A,,1,Dinoflagellate,Prorocentrum micans,DF-Prorocentrum micans,80
11118,2013,Aug,22,22/08/2013,,16.33668,119.94476,W2A,,1,Dinoflagellate,Protoperidinium spp.,DF-Protoperidinium spp.,80
11119,2013,Aug,22,22/08/2013,,16.33668,119.94476,W2A,,1,Diatom,Rhizosolenia sp2,D-Rhizosolenia sp. 2,80
11120,2013,Aug,22,22/08/2013,,16.33668,119.94476,W2A,,1,Diatom,Thalassiosira spp.,D-Thalassiosira spp.,400
11121,2013,Aug,22,22/08/2013,,16.33668,119.94476,W2A,,1,Silicoflagellate,Tintinopsis,SF-Tintinopsis,22240
11122,2013,Aug,22,22/08/2013,,16.34927,119.94606,W1,,1,Dinoflagellate,Gonyaulax spinifera,DF-Gonyaulax spinifera,60
11123,2013,Aug,22,22/08/2013,,16.34927,119.94606,W1,,1,Dinoflagellate,Gonyaulax verior,DF-Gonyaulax verior,80
11124,2013,Aug,22,22/08/2013,,16.34927,119.94606,W1,,1,Dinoflagellate,Oxytoxum spp.,DF-Oxytoxum spp.,160
11125,2013,Aug,22,22/08/2013,,16.34927,119.94606,W1,,1,Diatom,Pleurosigma sp1,D-Pleurosigma sp. 1,80
11126,2013,Aug,22,22/08/2013,,16.34927,119.94606,W1,,1,Diatom,Pleurosigma spp.,D-Pleurosigma spp.,40
11127,2013,Aug,22,22/08/2013,,16.34927,119.94606,W1,,1,Dinoflagellate,Prorocentrum micans,DF-Prorocentrum micans,320
11128,2013,Aug,22,22/08/2013,,16.34927,119.94606,W1,,1,Dinoflagellate,Protoperidinium pellucidum,DF-Protoperidinium pellucidum,160
11129,2013,Aug,22,22/08/2013,,16.34927,119.94606,W1,,1,Diatom,Pseudonitzschia spp.,D-Pseudonitzschia spp.,480
11130,2013,Aug,22,22/08/2013,,16.34927,119.94606,W1,,1,Diatom,Rhizosolenia sp2,D-Rhizosolenia sp. 2,9920
11131,2013,Aug,22,22/08/2013,,16.34927,119.94606,W1,,1,Diatom,Thalassiosira spp.,D-Thalassiosira spp.,3840
11132,2013,Aug,22,22/08/2013,,16.34927,119.94606,W1,,1,Silicoflagellate,Tintinopsis,SF-Tintinopsis,2720
11133,2013,Aug,22,22/08/2013,,16.38339,119.91585,TS2,,1,Dinoflagellate,Gyrodinium,DF-Gyrodinium,320
11134,2013,Aug,22,22/08/2013,,16.38339,119.91585,TS2,,1,Diatom,Navicula  spp.,D-Navicula  spp.,40
11135,2013,Aug,22,22/08/2013,,16.38339,119.91585,TS2,,1,Dinoflagellate,Oxytoxum spp.,DF-Oxytoxum spp.,240
11136,2013,Aug,22,22/08/2013,,16.38339,119.91585,TS2,,1,Diatom,Pleurosigma sp1,D-Pleurosigma sp. 1,720
11137,2013,Aug,22,22/08/2013,,16.38339,119.91585,TS2,,1,Dinoflagellate,Prorocentrum micans,DF-Prorocentrum micans,240
11138,2013,Aug,22,22/08/2013,,16.38339,119.91585,TS2,,1,Dinoflagellate,Protoperidinium pellucidum,DF-Protoperidinium pellucidum,80
11139,2013,Aug,22,22/08/2013,,16.38339,119.91585,TS2,,1,Diatom,Pseudonitzschia spp.,D-Pseudonitzschia spp.,320
11140,2013,Aug,22,22/08/2013,,16.38339,119.91585,TS2,,1,Diatom,Rhizosolenia sp2,D-Rhizosolenia sp. 2,3760
11141,2013,Aug,22,22/08/2013,,16.38339,119.91585,TS2,,1,Diatom,Thalassionema spp.,D-Thalassionema spp.,80
11142,2013,Aug,22,22/08/2013,,16.38339,119.91585,TS2,,1,Diatom,Thalassiosira spp.,D-Thalassiosira spp.,11600
11143,2013,Aug,22,22/08/2013,,16.38339,119.91585,TS2,,1,Silicoflagellate,Tintinopsis,SF-Tintinopsis,6720
11144,2013,Aug,22,22/08/2013,,16.30944,119.92063,TS1,,1,Diatom,Cylindricotheca closterium,D-Cylindricotheca closterium,160
11145,2013,Aug,22,22/08/2013,,16.30944,119.92063,TS1,,1,Silicoflagellate,Tintinopsis,SF-Tintinopsis,9120
11146,2013,Aug,22,22/08/2013,,16.39578,119.90667,RVA3,,1,Diatom,Navicula  spp.,D-Navicula  spp.,80
11147,2013,Aug,22,22/08/2013,,16.39578,119.90667,RVA3,,1,Diatom,Pleurosigma sp1,D-Pleurosigma sp. 1,160
11148,2013,Aug,22,22/08/2013,,16.39578,119.90667,RVA3,,1,Diatom,Rhizosolenia sp2,D-Rhizosolenia sp. 2,3440
11149,2013,Aug,22,22/08/2013,,16.39578,119.90667,RVA3,,1,Diatom,Thalassiosira spp.,D-Thalassiosira spp.,16240
11150,2013,Aug,22,22/08/2013,,16.39578,119.90667,RVA3,,1,Silicoflagellate,Tintinopsis,SF-Tintinopsis,2240
11151,2013,Aug,22,22/08/2013,,16.28459,119.92285,A4,,1,Diatom,Cylindricotheca closterium,D-Cylindricotheca closterium,320
11152,2013,Aug,22,22/08/2013,,16.28459,119.92285,A4,,1,Dinoflagellate,Protoperidinium pellucidum,DF-Protoperidinium pellucidum,80
11153,2013,Aug,22,22/08/2013,,16.28459,119.92285,A4,,1,Diatom,Thalassiosira spp.,D-Thalassiosira spp.,300
11154,2013,Aug,22,22/08/2013,,16.28459,119.92285,A4,,1,Silicoflagellate,Tintinopsis,SF-Tintinopsis,25620
11155,2013,Aug,22,22/08/2013,,16.33431,119.95731,A3,,1,Dinoflagellate,Ceratium macroceros,DF-Ceratium macroceros,80
11156,2013,Aug,22,22/08/2013,,16.33431,119.95731,A3,,1,Dinoflagellate,Prorocentrum micans,DF-Prorocentrum micans,300
11157,2013,Aug,22,22/08/2013,,16.33431,119.95731,A3,,1,Diatom,Rhizosolenia sp2,D-Rhizosolenia sp. 2,440
11158,2013,Aug,22,22/08/2013,,16.33431,119.95731,A3,,1,Diatom,Thalassiosira spp.,D-Thalassiosira spp.,80
11159,2013,Aug,22,22/08/2013,,16.33431,119.95731,A3,,1,Silicoflagellate,Tintinopsis,SF-Tintinopsis,5920
11160,2013,Aug,22,22/08/2013,,16.34775,119.93452,A2,,1,Diatom,Navicula  spp.,D-Navicula  spp.,160
11161,2013,Aug,22,22/08/2013,,16.34775,119.93452,A2,,1,Diatom,Pleurosigma sp1,D-Pleurosigma sp. 1,80
11162,2013,Aug,22,22/08/2013,,16.34775,119.93452,A2,,1,Dinoflagellate,Prorocentrum micans,DF-Prorocentrum micans,80
11163,2013,Aug,22,22/08/2013,,16.34775,119.93452,A2,,1,Diatom,Rhizosolenia sp2,D-Rhizosolenia sp. 2,1520
11164,2013,Aug,22,22/08/2013,,16.34775,119.93452,A2,,1,Silicoflagellate,Tintinopsis,SF-Tintinopsis,3520
11165,2013,Aug,22,22/08/2013,,16.34775,119.93375,A1,,1,Dinoflagellate,Gyrodinium,DF-Gyrodinium,80
11166,2013,Aug,22,22/08/2013,,16.34775,119.93375,A1,,1,Diatom,Navicula  spp.,D-Navicula  spp.,240
11167,2013,Aug,22,22/08/2013,,16.34775,119.93375,A1,,1,Dinoflagellate,Protoperidinium pellucidum,DF-Protoperidinium pellucidum,80
11168,2013,Aug,22,22/08/2013,,16.34775,119.93375,A1,,1,Diatom,Rhizosolenia sp2,D-Rhizosolenia sp. 2,560
11169,2013,Aug,22,22/08/2013,,16.34775,119.93375,A1,,1,Diatom,Thalassiosira spp.,D-Thalassiosira spp.,1280
11170,2013,Aug,22,22/08/2013,,16.34775,119.93375,A1,,1,Silicoflagellate,Tintinopsis,SF-Tintinopsis,180
11171,2013,Aug,27,27/08/2013,,16.38326,119.92616,W11,,1,Diatom,Navicula  spp.,D-Navicula  spp.,60
11172,2013,Aug,27,27/08/2013,,16.38326,119.92616,W11,,1,Silicoflagellate,Favella sp.,SF-Favella sp.,40
11173,2013,Aug,27,27/08/2013,,16.38326,119.92616,W11,,1,Diatom,Pleurosigma sp1,D-Pleurosigma sp. 1,80
11174,2013,Aug,27,27/08/2013,,16.38326,119.92616,W11,,1,Diatom,Rhizosolenia sp2,D-Rhizosolenia sp. 2,880
11175,2013,Aug,27,27/08/2013,,16.38326,119.92616,W11,,1,Diatom,Thalassiosira spp.,D-Thalassiosira spp.,160
11176,2013,Aug,27,27/08/2013,,16.37073,119.93401,W3,,1,Diatom,Coscinodiscus spp.,D-Coscinodiscus spp.,160
11177,2013,Aug,27,27/08/2013,,16.37073,119.93401,W3,,1,Silicoflagellate,Favella sp.,SF-Favella sp.,560
11178,2013,Aug,27,27/08/2013,,16.37073,119.93401,W3,,1,Diatom,Pleurosigma sp1,D-Pleurosigma sp. 1,160
11179,2013,Aug,27,27/08/2013,,16.37073,119.93401,W3,,1,Dinoflagellate,Prorocentrum minimum,DF-Prorocentrum minimum,80
11180,2013,Aug,27,27/08/2013,,16.37073,119.93401,W3,,1,Diatom,Rhizosolenia sp2,D-Rhizosolenia sp. 2,1680
11181,2013,Aug,27,27/08/2013,,16.37073,119.93401,W3,,1,Diatom,Thalassiosira spp.,D-Thalassiosira spp.,1520
11182,2013,Aug,27,27/08/2013,,16.37073,119.93401,W3,,1,Silicoflagellate,Tintinopsis,SF-Tintinopsis,80
11183,2013,Aug,27,27/08/2013,,16.33668,119.94476,W2A,,1,Diatom,Navicula  spp.,D-Navicula  spp.,160
11184,2013,Aug,27,27/08/2013,,16.33668,119.94476,W2A,,1,Silicoflagellate,Favella sp.,SF-Favella sp.,80
11185,2013,Aug,27,27/08/2013,,16.33668,119.94476,W2A,,1,Diatom,Pleurosigma sp1,D-Pleurosigma sp. 1,80
11186,2013,Aug,27,27/08/2013,,16.33668,119.94476,W2A,,1,Dinoflagellate,Prorocentrum minimum,DF-Prorocentrum minimum,240
11187,2013,Aug,27,27/08/2013,,16.33668,119.94476,W2A,,1,Dinoflagellate,Protoperinium oblongum,DF-Protoperinium oblongum,80
11188,2013,Aug,27,27/08/2013,,16.33668,119.94476,W2A,,1,Cyanobacteria,Trichodesmium sp.,CYN-Trichodesmium sp.,160
11189,2013,Aug,27,27/08/2013,,16.33668,119.94476,W2A,,1,Diatom,Thalassiosira spp.,D-Thalassiosira spp.,160
11190,2013,Aug,27,27/08/2013,,16.33668,119.94476,W2A,,1,Silicoflagellate,Tintinopsis,SF-Tintinopsis,560
11191,2013,Aug,27,27/08/2013,,16.34927,119.94606,W1,,1,Silicoflagellate,Favella sp.,SF-Favella sp.,80
11192,2013,Aug,27,27/08/2013,,16.34927,119.94606,W1,,1,Diatom,Pleurosigma sp1,D-Pleurosigma sp. 1,320
11193,2013,Aug,27,27/08/2013,,16.34927,119.94606,W1,,1,Dinoflagellate,Phalacroma  spp.,DF-Phalacroma  spp.,80
11194,2013,Aug,27,27/08/2013,,16.34927,119.94606,W1,,1,Dinoflagellate,Prorocentrum minimum,DF-Prorocentrum minimum,160
11195,2013,Aug,27,27/08/2013,,16.34927,119.94606,W1,,1,Diatom,Rhizosolenia sp2,D-Rhizosolenia sp. 2,320
11196,2013,Aug,27,27/08/2013,,16.34927,119.94606,W1,,1,Diatom,Thalassiosira spp.,D-Thalassiosira spp.,160
11197,2013,Aug,27,27/08/2013,,16.34927,119.94606,W1,,1,Silicoflagellate,Tintinopsis,SF-Tintinopsis,80
11198,2013,Aug,27,27/08/2013,,16.38339,119.91585,TS2,,1,Diatom,Cylindricotheca closterium,D-Cylindricotheca closterium,80
11199,2013,Aug,27,27/08/2013,,16.38339,119.91585,TS2,,1,Diatom,Thalassiosira spp.,D-Thalassiosira spp.,160
11200,2013,Aug,27,27/08/2013,,16.38339,119.91585,TS2,,1,Diatom,Thalassionema spp.,D-Thalassionema spp.,1040
11201,2013,Aug,27,27/08/2013,,16.30944,119.92063,TS1,,1,Diatom,Bacteriastrum spp.,D-Bacteriastrum spp.,80
11202,2013,Aug,27,27/08/2013,,16.30944,119.92063,TS1,,1,Diatom,Chaetoceros spp.,D-Chaetoceros spp.,80
11203,2013,Aug,27,27/08/2013,,16.30944,119.92063,TS1,,1,Diatom,Coscinodiscus spp.,D-Coscinodiscus spp.,60
11204,2013,Aug,27,27/08/2013,,16.30944,119.92063,TS1,,1,Diatom,Pleurosigma sp1,D-Pleurosigma sp. 1,480
11205,2013,Aug,27,27/08/2013,,16.30944,119.92063,TS1,,1,Diatom,Rhizosolenia sp2,D-Rhizosolenia sp. 2,1600
11206,2013,Aug,27,27/08/2013,,16.30944,119.92063,TS1,,1,Diatom,Thalassiosira spp.,D-Thalassiosira spp.,1040
11207,2013,Aug,27,27/08/2013,,16.30944,119.92063,TS1,,1,Silicoflagellate,Tintinopsis,SF-Tintinopsis,240
11208,2013,Aug,27,27/08/2013,,16.39578,119.90667,RVA3,,1,Diatom,Bacteriastrum spp.,D-Bacteriastrum spp.,480
11209,2013,Aug,27,27/08/2013,,16.39578,119.90667,RVA3,,1,Dinoflagellate,Ceratium furca,DF-Ceratium furca,80
11210,2013,Aug,27,27/08/2013,,16.39578,119.90667,RVA3,,1,Diatom,Chaetoceros spp.,D-Chaetoceros spp.,640
11211,2013,Aug,27,27/08/2013,,16.39578,119.90667,RVA3,,1,Diatom,Coscinodiscus spp.,D-Coscinodiscus spp.,80
11212,2013,Aug,27,27/08/2013,,16.39578,119.90667,RVA3,,1,Dinoflagellate,Cyst,DF-Cyst,80
11213,2013,Aug,27,27/08/2013,,16.39578,119.90667,RVA3,,1,Diatom,Pleurosigma sp1,D-Pleurosigma sp. 1,1980
11214,2013,Aug,27,27/08/2013,,16.39578,119.90667,RVA3,,1,Diatom,Rhizosolenia sp2,D-Rhizosolenia sp. 2,360
11215,2013,Aug,27,27/08/2013,,16.39578,119.90667,RVA3,,1,Diatom,Skeletonema,D-Skeletonema,420
11216,2013,Aug,27,27/08/2013,,16.39578,119.90667,RVA3,,1,Diatom,Thalassiosira spp.,D-Thalassiosira spp.,240
11217,2013,Aug,27,27/08/2013,,16.39578,119.90667,RVA3,,1,Silicoflagellate,Tintinopsis,SF-Tintinopsis,160
11218,2013,Aug,27,27/08/2013,,16.27365,119.92599,A5,,1,Diatom,Rhizosolenia sp2,D-Rhizosolenia sp. 2,80
11219,2013,Aug,27,27/08/2013,,16.27365,119.92599,A5,,1,Diatom,Thalassiosira spp.,D-Thalassiosira spp.,3360
11220,2013,Aug,27,27/08/2013,,16.27365,119.92599,A5,,1,Silicoflagellate,Tintinopsis,SF-Tintinopsis,3840
11221,2013,Aug,27,27/08/2013,,16.28459,119.92285,A4,,1,Diatom,Navicula  spp.,D-Navicula  spp.,80
11222,2013,Aug,27,27/08/2013,,16.28459,119.92285,A4,,1,Diatom,Pleurosigma spp.,D-Pleurosigma spp.,80
11223,2013,Aug,27,27/08/2013,,16.28459,119.92285,A4,,1,Diatom,Thalassiosira spp.,D-Thalassiosira spp.,2600
11224,2013,Aug,27,27/08/2013,,16.33431,119.95731,A3,,1,Silicoflagellate,Favella sp.,SF-Favella sp.,80
11225,2013,Aug,27,27/08/2013,,16.33431,119.95731,A3,,1,Diatom,Pleurosigma sp1,D-Pleurosigma sp. 1,420
11226,2013,Aug,27,27/08/2013,,16.33431,119.95731,A3,,1,Diatom,Rhizosolenia sp2,D-Rhizosolenia sp. 2,400
11227,2013,Aug,27,27/08/2013,,16.33431,119.95731,A3,,1,Diatom,Thalassiosira spp.,D-Thalassiosira spp.,180
11228,2013,Aug,27,27/08/2013,,16.34775,119.93452,A2,,1,Diatom,Navicula  spp.,D-Navicula  spp.,400
11229,2013,Aug,27,27/08/2013,,16.34775,119.93452,A2,,1,Silicoflagellate,Favella sp.,SF-Favella sp.,80
11230,2013,Aug,27,27/08/2013,,16.34775,119.93452,A2,,1,Diatom,Pleurosigma sp1,D-Pleurosigma sp. 1,340
11231,2013,Aug,27,27/08/2013,,16.34775,119.93452,A2,,1,Dinoflagellate,Prorocentrum minimum,DF-Prorocentrum minimum,80
11232,2013,Aug,27,27/08/2013,,16.34775,119.93452,A2,,1,Diatom,Rhizosolenia sp2,D-Rhizosolenia sp. 2,460
11233,2013,Aug,27,27/08/2013,,16.34775,119.93452,A2,,1,Cyanobacteria,Trichodesmium sp.,CYN-Trichodesmium sp.,160
11234,2013,Aug,27,27/08/2013,,16.34775,119.93452,A2,,1,Diatom,Thalassiosira spp.,D-Thalassiosira spp.,1520
11235,2013,Aug,27,27/08/2013,,16.34775,119.93452,A2,,1,Silicoflagellate,Tintinopsis,SF-Tintinopsis,480
11236,2013,Aug,27,27/08/2013,,16.34775,119.93375,A1,,1,Diatom,Pleurosigma sp1,D-Pleurosigma sp. 1,720
11237,2013,Aug,27,27/08/2013,,16.34775,119.93375,A1,,1,Diatom,Rhizosolenia sp2,D-Rhizosolenia sp. 2,160
11238,2013,Aug,27,27/08/2013,,16.34775,119.93375,A1,,1,Diatom,Thalassionema spp.,D-Thalassionema spp.,160
11239,2013,Aug,27,27/08/2013,,16.34775,119.93375,A1,,1,Diatom,Thalassiosira spp.,D-Thalassiosira spp.,640
11240,2013,Aug,27,27/08/2013,,16.37052,119.94857,W10,,1,Silicoflagellate,Favella sp.,SF-Favella sp.,80
11241,2013,Aug,27,27/08/2013,,16.37052,119.94857,W10,,1,Diatom,Pleurosigma sp1,D-Pleurosigma sp. 1,80
11242,2013,Aug,27,27/08/2013,,16.37052,119.94857,W10,,1,Dinoflagellate,Prorocentrum minimum,DF-Prorocentrum minimum,480
11243,2013,Aug,27,27/08/2013,,16.37052,119.94857,W10,,1,Dinoflagellate,Protoperinium oblongum,DF-Protoperinium oblongum,80
11244,2013,Aug,27,27/08/2013,,16.37052,119.94857,W10,,1,Diatom,Rhizosolenia sp2,D-Rhizosolenia sp. 2,640
11245,2013,Aug,27,27/08/2013,,16.37052,119.94857,W10,,1,Diatom,Thalassiosira spp.,D-Thalassiosira spp.,720
11246,2013,Aug,27,27/08/2013,,16.37052,119.94857,W10,,1,Silicoflagellate,Tintinopsis,SF-Tintinopsis,80
11247,2013,Aug,27,27/08/2013,,16.34775,119.93452,W9,,1,Diatom,Navicula  spp.,D-Navicula  spp.,80
11248,2013,Aug,27,27/08/2013,,16.34775,119.93452,W9,,1,Silicoflagellate,Favella sp.,SF-Favella sp.,80
11249,2013,Aug,27,27/08/2013,,16.34775,119.93452,W9,,1,Diatom,Pleurosigma sp1,D-Pleurosigma sp. 1,240
11250,2013,Aug,27,27/08/2013,,16.34775,119.93452,W9,,1,Dinoflagellate,Protoperidinium pellucidum,DF-Protoperidinium pellucidum,80
11251,2013,Aug,27,27/08/2013,,16.34775,119.93452,W9,,1,Diatom,Rhizosolenia sp2,D-Rhizosolenia sp. 2,320
11252,2013,Aug,27,27/08/2013,,16.34775,119.93452,W9,,1,Diatom,Thalassiosira spp.,D-Thalassiosira spp.,160
11253,2013,Aug,27,27/08/2013,,16.34775,119.93452,W9,,1,Silicoflagellate,Tintinopsis,SF-Tintinopsis,160
11254,2013,Aug,27,27/08/2013,,16.32003,119.93384,W8,,1,Dinoflagellate,Gyrodinium,DF-Gyrodinium,240
11255,2013,Aug,27,27/08/2013,,16.32003,119.93384,W8,,1,Diatom,Navicula  spp.,D-Navicula  spp.,80
11256,2013,Aug,27,27/08/2013,,16.32003,119.93384,W8,,1,Silicoflagellate,Favella sp.,SF-Favella sp.,160
11257,2013,Aug,27,27/08/2013,,16.32003,119.93384,W8,,1,Diatom,Pleurosigma sp1,D-Pleurosigma sp. 1,80
11258,2013,Aug,27,27/08/2013,,16.32003,119.93384,W8,,1,Diatom,Rhizosolenia sp2,D-Rhizosolenia sp. 2,320
11259,2013,Aug,27,27/08/2013,,16.32003,119.93384,W8,,1,Diatom,Thalassiosira spp.,D-Thalassiosira spp.,640
11260,2013,Aug,27,27/08/2013,,16.32003,119.93384,W8,,1,Silicoflagellate,Tintinopsis,SF-Tintinopsis,400
11261,2013,Aug,30,30/08/2013,,16.38326,119.92616,W11,,1,Dinoflagellate,Alexandrium spp.,DF-Alexandrium spp.,13520
11262,2013,Aug,30,30/08/2013,,16.38326,119.92616,W11,,1,Diatom,Navicula  spp.,D-Navicula  spp.,540
11263,2013,Aug,30,30/08/2013,,16.38326,119.92616,W11,,1,Diatom,Pleurosigma sp1,D-Pleurosigma sp. 1,160
11264,2013,Aug,30,30/08/2013,,16.38326,119.92616,W11,,1,Dinoflagellate,Protoperinium oblongum,DF-Protoperinium oblongum,80
11265,2013,Aug,30,30/08/2013,,16.38326,119.92616,W11,,1,Diatom,Rhizosolenia sp2,D-Rhizosolenia sp. 2,320
11266,2013,Aug,30,30/08/2013,,16.38326,119.92616,W11,,1,Raphidophyte,Chattonnella subsalsa,RD-Chattonnella subsalsa,160
11267,2013,Aug,30,30/08/2013,,16.38326,119.92616,W11,,1,Diatom,Thalassiosira spp.,D-Thalassiosira spp.,960
11268,2013,Aug,30,30/08/2013,,16.38326,119.92616,W11,,1,Cyanobacteria,Trichodesmium sp.,CYN-Trichodesmium sp.,80
11269,2013,Aug,30,30/08/2013,,16.37052,119.94857,W10,,1,Dinoflagellate,Alexandrium spp.,DF-Alexandrium spp.,5760
11270,2013,Aug,30,30/08/2013,,16.37052,119.94857,W10,,1,Dinoflagellate,Ceratium furca,DF-Ceratium furca,80
11271,2013,Aug,30,30/08/2013,,16.37052,119.94857,W10,,1,Dinoflagellate,Prorocentrum micans,DF-Prorocentrum micans,5200
11272,2013,Aug,30,30/08/2013,,16.37052,119.94857,W10,,1,Diatom,Navicula  spp.,D-Navicula  spp.,480
11273,2013,Aug,30,30/08/2013,,16.37052,119.94857,W10,,1,Diatom,Pleurosigma sp1,D-Pleurosigma sp. 1,400
11274,2013,Aug,30,30/08/2013,,16.37052,119.94857,W10,,1,Diatom,Pleurosigma spp.,D-Pleurosigma spp.,80
11275,2013,Aug,30,30/08/2013,,16.37052,119.94857,W10,,1,Dinoflagellate,Prorocentrum micans,DF-Prorocentrum micans,400
11276,2013,Aug,30,30/08/2013,,16.37052,119.94857,W10,,1,Dinoflagellate,Protoperidinium spp.,DF-Protoperidinium spp.,80
11277,2013,Aug,30,30/08/2013,,16.37052,119.94857,W10,,1,Dinoflagellate,Protoperidinium pellucidum,DF-Protoperidinium pellucidum,80
11278,2013,Aug,30,30/08/2013,,16.37052,119.94857,W10,,1,Diatom,Rhizosolenia sp2,D-Rhizosolenia sp. 2,2960
11279,2013,Aug,30,30/08/2013,,16.37052,119.94857,W10,,1,Cyanobacteria,Trichodesmium sp.,CYN-Trichodesmium sp.,80
11280,2013,Aug,30,30/08/2013,,16.37052,119.94857,W10,,1,Diatom,Thalassiosira spp.,D-Thalassiosira spp.,2480
11281,2013,Aug,30,30/08/2013,,16.37052,119.94857,W10,,1,Silicoflagellate,Tintinopsis,SF-Tintinopsis,160
11282,2013,Aug,30,30/08/2013,,16.34775,119.93452,W9,,1,Dinoflagellate,Alexandrium spp.,DF-Alexandrium spp.,14960
11283,2013,Aug,30,30/08/2013,,16.34775,119.93452,W9,,1,Diatom,Navicula  spp.,D-Navicula  spp.,320
11284,2013,Aug,30,30/08/2013,,16.34775,119.93452,W9,,1,Diatom,Pleurosigma sp1,D-Pleurosigma sp. 1,160
11285,2013,Aug,30,30/08/2013,,16.34775,119.93452,W9,,1,Dinoflagellate,Prorocentrum micans,DF-Prorocentrum micans,160
11286,2013,Aug,30,30/08/2013,,16.34775,119.93452,W9,,1,Diatom,Rhizosolenia sp2,D-Rhizosolenia sp. 2,160
11287,2013,Aug,30,30/08/2013,,16.34775,119.93452,W9,,1,Cyanobacteria,Trichodesmium sp.,CYN-Trichodesmium sp.,80
11288,2013,Aug,30,30/08/2013,,16.34775,119.93452,W9,,1,Diatom,Thalassionema spp.,D-Thalassionema spp.,240
11289,2013,Aug,30,30/08/2013,,16.34775,119.93452,W9,,1,Diatom,Thalassiosira spp.,D-Thalassiosira spp.,480
11290,2013,Aug,30,30/08/2013,,16.32003,119.93384,W8,,1,Dinoflagellate,Alexandrium spp.,DF-Alexandrium spp.,182480
11291,2013,Aug,30,30/08/2013,,16.32003,119.93384,W8,,1,Dinoflagellate,Oxytoxum spp.,DF-Oxytoxum spp.,80
11292,2013,Aug,30,30/08/2013,,16.32003,119.93384,W8,,1,Dinoflagellate,Phalacroma  spp.,DF-Phalacroma  spp.,80
11293,2013,Aug,30,30/08/2013,,16.32003,119.93384,W8,,1,Dinoflagellate,Protoperinium oblongum,DF-Protoperinium oblongum,80
11294,2013,Aug,30,30/08/2013,,16.32003,119.93384,W8,,1,Diatom,Rhizosolenia sp2,D-Rhizosolenia sp. 2,480
11295,2013,Aug,30,30/08/2013,,16.32003,119.93384,W8,,1,Diatom,Thalassiosira spp.,D-Thalassiosira spp.,80
11296,2013,Aug,30,30/08/2013,,16.32003,119.93384,W8,,1,Silicoflagellate,Tintinopsis,SF-Tintinopsis,80
11297,2013,Aug,30,30/08/2013,,16.37073,119.93401,W3,,1,Dinoflagellate,Alexandrium spp.,DF-Alexandrium spp.,17280
11298,2013,Aug,30,30/08/2013,,16.37073,119.93401,W3,,1,Diatom,Pleurosigma sp1,D-Pleurosigma sp. 1,640
11299,2013,Aug,30,30/08/2013,,16.37073,119.93401,W3,,1,Dinoflagellate,Protoperidinium spp.,DF-Protoperidinium spp.,80
11300,2013,Aug,30,30/08/2013,,16.37073,119.93401,W3,,1,Diatom,Rhizosolenia sp2,D-Rhizosolenia sp. 2,1600
11301,2013,Aug,30,30/08/2013,,16.37073,119.93401,W3,,1,Diatom,Thalassiosira spp.,D-Thalassiosira spp.,1680
11302,2013,Aug,30,30/08/2013,,16.33668,119.94476,W2A,,1,Dinoflagellate,Alexandrium spp.,DF-Alexandrium spp.,49840
11303,2013,Aug,30,30/08/2013,,16.33668,119.94476,W2A,,1,Silicoflagellate,Favella sp.,SF-Favella sp.,80
11304,2013,Aug,30,30/08/2013,,16.33668,119.94476,W2A,,1,Diatom,Rhizosolenia sp2,D-Rhizosolenia sp. 2,160
11305,2013,Aug,30,30/08/2013,,16.34927,119.94606,W1,,1,Dinoflagellate,Alexandrium spp.,DF-Alexandrium spp.,37120
11306,2013,Aug,30,30/08/2013,,16.34927,119.94606,W1,,1,Diatom,Coscinodiscus spp.,D-Coscinodiscus spp.,80
11307,2013,Aug,30,30/08/2013,,16.34927,119.94606,W1,,1,Dinoflagellate,Gyrodinium,DF-Gyrodinium,160
11308,2013,Aug,30,30/08/2013,,16.34927,119.94606,W1,,1,Diatom,Navicula  spp.,D-Navicula  spp.,80
11309,2013,Aug,30,30/08/2013,,16.34927,119.94606,W1,,1,Dinoflagellate,Oxytoxum spp.,DF-Oxytoxum spp.,80
11310,2013,Aug,30,30/08/2013,,16.34927,119.94606,W1,,1,Diatom,Pleurosigma sp1,D-Pleurosigma sp. 1,80
11311,2013,Aug,30,30/08/2013,,16.34927,119.94606,W1,,1,Dinoflagellate,Protoperinium oblongum,DF-Protoperinium oblongum,80
11312,2013,Aug,30,30/08/2013,,16.34927,119.94606,W1,,1,Diatom,Rhizosolenia sp2,D-Rhizosolenia sp. 2,1280
11313,2013,Aug,30,30/08/2013,,16.34927,119.94606,W1,,1,Diatom,Thalassiosira spp.,D-Thalassiosira spp.,760
11314,2013,Aug,30,30/08/2013,,16.38339,119.91585,TS2,,1,Dinoflagellate,Alexandrium spp.,DF-Alexandrium spp.,5280
11315,2013,Aug,30,30/08/2013,,16.38339,119.91585,TS2,,1,Dinoflagellate,Ceratium furca,DF-Ceratium furca,100
11316,2013,Aug,30,30/08/2013,,16.38339,119.91585,TS2,,1,Diatom,Coscinodiscus spp.,D-Coscinodiscus spp.,160
11317,2013,Aug,30,30/08/2013,,16.38339,119.91585,TS2,,1,Dinoflagellate,Oxytoxum spp.,DF-Oxytoxum spp.,80
11318,2013,Aug,30,30/08/2013,,16.38339,119.91585,TS2,,1,Diatom,Pleurosigma sp1,D-Pleurosigma sp. 1,640
11319,2013,Aug,30,30/08/2013,,16.38339,119.91585,TS2,,1,Dinoflagellate,Prorocentrum micans,DF-Prorocentrum micans,60
11320,2013,Aug,30,30/08/2013,,16.38339,119.91585,TS2,,1,Diatom,Rhizosolenia sp2,D-Rhizosolenia sp. 2,1360
11321,2013,Aug,30,30/08/2013,,16.38339,119.91585,TS2,,1,Diatom,Thalassiosira spp.,D-Thalassiosira spp.,2800
11322,2013,Aug,30,30/08/2013,,16.30944,119.92063,TS1,,1,Dinoflagellate,Alexandrium spp.,DF-Alexandrium spp.,1920
11323,2013,Aug,30,30/08/2013,,16.30944,119.92063,TS1,,1,Silicoflagellate,Favella sp.,SF-Favella sp.,15920
11324,2013,Aug,30,30/08/2013,,16.30944,119.92063,TS1,,1,Diatom,Thalassiosira spp.,D-Thalassiosira spp.,160
11325,2013,Aug,30,30/08/2013,,16.30944,119.92063,TS1,,1,Silicoflagellate,Tintinopsis,SF-Tintinopsis,240
11326,2013,Aug,30,30/08/2013,,16.39578,119.90667,RVA3,,1,Dinoflagellate,Alexandrium spp.,DF-Alexandrium spp.,3120
11327,2013,Aug,30,30/08/2013,,16.39578,119.90667,RVA3,,1,Diatom,Bacteriastrum spp.,D-Bacteriastrum spp.,140
11328,2013,Aug,30,30/08/2013,,16.39578,119.90667,RVA3,,1,Dinoflagellate,Ceratium furca,DF-Ceratium furca,80
11329,2013,Aug,30,30/08/2013,,16.39578,119.90667,RVA3,,1,Diatom,Chaetoceros spp.,D-Chaetoceros spp.,180
11330,2013,Aug,30,30/08/2013,,16.39578,119.90667,RVA3,,1,Diatom,Coscinodiscus spp.,D-Coscinodiscus spp.,80
11331,2013,Aug,30,30/08/2013,,16.39578,119.90667,RVA3,,1,Diatom,Pleurosigma sp1,D-Pleurosigma sp. 1,2560
11332,2013,Aug,30,30/08/2013,,16.39578,119.90667,RVA3,,1,Dinoflagellate,Phalacroma  spp.,DF-Phalacroma  spp.,80
11333,2013,Aug,30,30/08/2013,,16.39578,119.90667,RVA3,,1,Dinoflagellate,Protoperidinium spp.,DF-Protoperidinium spp.,80
11334,2013,Aug,30,30/08/2013,,16.39578,119.90667,RVA3,,1,Diatom,Rhizosolenia sp2,D-Rhizosolenia sp. 2,3200
11335,2013,Aug,30,30/08/2013,,16.39578,119.90667,RVA3,,1,Diatom,Thalassionema spp.,D-Thalassionema spp.,1040
11336,2013,Aug,30,30/08/2013,,16.39578,119.90667,RVA3,,1,Diatom,Thalassiosira spp.,D-Thalassiosira spp.,2240
11337,2013,Aug,30,30/08/2013,,16.27365,119.92599,A5,,1,Diatom,Navicula  spp.,D-Navicula  spp.,160
11338,2013,Aug,30,30/08/2013,,16.27365,119.92599,A5,,1,Diatom,Thalassiosira spp.,D-Thalassiosira spp.,3900
11339,2013,Aug,30,30/08/2013,,16.27365,119.92599,A5,,1,Silicoflagellate,Tintinopsis,SF-Tintinopsis,160
11340,2013,Aug,30,30/08/2013,,16.28459,119.92285,A4,,1,Diatom,Cylindricotheca closterium,D-Cylindricotheca closterium,80
11341,2013,Aug,30,30/08/2013,,16.28459,119.92285,A4,,1,Diatom,Navicula  spp.,D-Navicula  spp.,80
11342,2013,Aug,30,30/08/2013,,16.28459,119.92285,A4,,1,Diatom,Thalassiosira spp.,D-Thalassiosira spp.,660
11343,2013,Aug,30,30/08/2013,,16.28459,119.92285,A4,,1,Silicoflagellate,Tintinopsis,SF-Tintinopsis,80
11344,2013,Aug,30,30/08/2013,,16.33431,119.95731,A3,,1,Dinoflagellate,Alexandrium spp.,DF-Alexandrium spp.,30880
11345,2013,Aug,30,30/08/2013,,16.33431,119.95731,A3,,1,Dinoflagellate,Oxytoxum spp.,DF-Oxytoxum spp.,160
11346,2013,Aug,30,30/08/2013,,16.33431,119.95731,A3,,1,Diatom,Pleurosigma sp1,D-Pleurosigma sp. 1,480
11347,2013,Aug,30,30/08/2013,,16.33431,119.95731,A3,,1,Dinoflagellate,Protoperinium oblongum,DF-Protoperinium oblongum,160
11348,2013,Aug,30,30/08/2013,,16.33431,119.95731,A3,,1,Diatom,Rhizosolenia sp2,D-Rhizosolenia sp. 2,400
11349,2013,Aug,30,30/08/2013,,16.33431,119.95731,A3,,1,Raphidophyte,Chattonnella subsalsa,RD-Chattonnella subsalsa,320
11350,2013,Aug,30,30/08/2013,,16.33431,119.95731,A3,,1,Diatom,Thalassiosira spp.,D-Thalassiosira spp.,480
11351,2013,Aug,30,30/08/2013,,16.33431,119.95731,A3,,1,Silicoflagellate,Tintinopsis,SF-Tintinopsis,320
11352,2013,Aug,30,30/08/2013,,16.34775,119.93452,A2,,1,Dinoflagellate,Alexandrium spp.,DF-Alexandrium spp.,19600
11353,2013,Aug,30,30/08/2013,,16.34775,119.93452,A2,,1,Diatom,Navicula  spp.,D-Navicula  spp.,220
11354,2013,Aug,30,30/08/2013,,16.34775,119.93452,A2,,1,Silicoflagellate,Favella sp.,SF-Favella sp.,80
11355,2013,Aug,30,30/08/2013,,16.34775,119.93452,A2,,1,Dinoflagellate,Phalacroma  spp.,DF-Phalacroma  spp.,80
11356,2013,Aug,30,30/08/2013,,16.34775,119.93452,A2,,1,Diatom,Rhizosolenia sp2,D-Rhizosolenia sp. 2,240
11357,2013,Aug,30,30/08/2013,,16.34775,119.93452,A2,,1,Diatom,Thalassiosira spp.,D-Thalassiosira spp.,480
11358,2013,Aug,30,30/08/2013,,16.34775,119.93375,A1,,1,Dinoflagellate,Alexandrium spp.,DF-Alexandrium spp.,7120
11359,2013,Aug,30,30/08/2013,,16.34775,119.93375,A1,,1,Diatom,Chaetoceros spp.,D-Chaetoceros spp.,160
11360,2013,Aug,30,30/08/2013,,16.34775,119.93375,A1,,1,Diatom,Cylindricotheca closterium,D-Cylindricotheca closterium,80
11361,2013,Aug,30,30/08/2013,,16.34775,119.93375,A1,,1,Diatom,Navicula  spp.,D-Navicula  spp.,880
11362,2013,Aug,30,30/08/2013,,16.34775,119.93375,A1,,1,Diatom,Pleurosigma sp1,D-Pleurosigma sp. 1,440
11363,2013,Aug,30,30/08/2013,,16.34775,119.93375,A1,,1,Dinoflagellate,Prorocentrum micans,DF-Prorocentrum micans,260
11364,2013,Aug,30,30/08/2013,,16.34775,119.93375,A1,,1,Dinoflagellate,Protoperidinium pellucidum,DF-Protoperidinium pellucidum,80
11365,2013,Aug,30,30/08/2013,,16.34775,119.93375,A1,,1,Diatom,Rhizosolenia sp2,D-Rhizosolenia sp. 2,2080
11366,2013,Aug,30,30/08/2013,,16.34775,119.93375,A1,,1,Cyanobacteria,Trichodesmium sp.,CYN-Trichodesmium sp.,160
11367,2013,Aug,30,30/08/2013,,16.34775,119.93375,A1,,1,Diatom,Thalassiosira spp.,D-Thalassiosira spp.,1280
11368,2013,Aug,30,30/08/2013,,16.34775,119.93375,A1,,1,Silicoflagellate,Tintinopsis,SF-Tintinopsis,220
11369,2013,Sep,2,02/09/2013,,16.38326,119.92616,W11,,1,Diatom,Coscinodiscus spp.,D-Coscinodiscus spp.,740
11370,2013,Sep,2,02/09/2013,,16.38326,119.92616,W11,,1,Diatom,Pleurosigma sp1,D-Pleurosigma sp. 1,3280
11371,2013,Sep,2,02/09/2013,,16.38326,119.92616,W11,,1,Dinoflagellate,Prorocentrum micans,DF-Prorocentrum micans,620
11372,2013,Sep,2,02/09/2013,,16.38326,119.92616,W11,,1,Dinoflagellate,Protoperidinium pellucidum,DF-Protoperidinium pellucidum,560
11373,2013,Sep,2,02/09/2013,,16.38326,119.92616,W11,,1,Diatom,Pseudonitzschia spp.,D-Pseudonitzschia spp.,4800
11374,2013,Sep,2,02/09/2013,,16.38326,119.92616,W11,,1,Diatom,Rhizosolenia sp2,D-Rhizosolenia sp. 2,1520
11375,2013,Sep,2,02/09/2013,,16.38326,119.92616,W11,,1,Diatom,Skeletonema,D-Skeletonema,400
11376,2013,Sep,2,02/09/2013,,16.38326,119.92616,W11,,1,Diatom,Thalassiosira spp.,D-Thalassiosira spp.,9520
11377,2013,Sep,2,02/09/2013,,16.38326,119.92616,W11,,1,Silicoflagellate,Tintinopsis,SF-Tintinopsis,160
11378,2013,Sep,2,02/09/2013,,16.37052,119.94857,W10,,1,Dinoflagellate,Alexandrium spp.,DF-Alexandrium spp.,1040
11379,2013,Sep,2,02/09/2013,,16.37052,119.94857,W10,,1,Diatom,Chaetoceros spp.,D-Chaetoceros spp.,80
11380,2013,Sep,2,02/09/2013,,16.37052,119.94857,W10,,1,Diatom,Coscinodiscus spp.,D-Coscinodiscus spp.,480
11381,2013,Sep,2,02/09/2013,,16.37052,119.94857,W10,,1,Dinoflagellate,Gonyaulax verior,DF-Gonyaulax verior,160
11382,2013,Sep,2,02/09/2013,,16.37052,119.94857,W10,,1,Dinoflagellate,Oxytoxum spp.,DF-Oxytoxum spp.,400
11383,2013,Sep,2,02/09/2013,,16.37052,119.94857,W10,,1,Silicoflagellate,Favella sp.,SF-Favella sp.,80
11384,2013,Sep,2,02/09/2013,,16.37052,119.94857,W10,,1,Diatom,Pleurosigma sp1,D-Pleurosigma sp. 1,2800
11385,2013,Sep,2,02/09/2013,,16.37052,119.94857,W10,,1,Dinoflagellate,Prorocentrum micans,DF-Prorocentrum micans,720
11386,2013,Sep,2,02/09/2013,,16.37052,119.94857,W10,,1,Dinoflagellate,Protoperidinium spp.,DF-Protoperidinium spp.,240
11387,2013,Sep,2,02/09/2013,,16.37052,119.94857,W10,,1,Dinoflagellate,Protoperidinium pellucidum,DF-Protoperidinium pellucidum,1520
11388,2013,Sep,2,02/09/2013,,16.37052,119.94857,W10,,1,Diatom,Pseudonitzschia spp.,D-Pseudonitzschia spp.,11440
11389,2013,Sep,2,02/09/2013,,16.37052,119.94857,W10,,1,Diatom,Rhizosolenia sp2,D-Rhizosolenia sp. 2,640
11390,2013,Sep,2,02/09/2013,,16.37052,119.94857,W10,,1,Diatom,Skeletonema,D-Skeletonema,1100
11391,2013,Sep,2,02/09/2013,,16.37052,119.94857,W10,,1,Diatom,Thalassionema spp.,D-Thalassionema spp.,400
11392,2013,Sep,2,02/09/2013,,16.37052,119.94857,W10,,1,Diatom,Thalassiosira spp.,D-Thalassiosira spp.,6000
11393,2013,Sep,2,02/09/2013,,16.34775,119.93452,W9,,1,Dinoflagellate,Alexandrium spp.,DF-Alexandrium spp.,160
11394,2013,Sep,2,02/09/2013,,16.34775,119.93452,W9,,1,Diatom,Coscinodiscus spp.,D-Coscinodiscus spp.,60
11395,2013,Sep,2,02/09/2013,,16.34775,119.93452,W9,,1,Diatom,Navicula  spp.,D-Navicula  spp.,300
11396,2013,Sep,2,02/09/2013,,16.34775,119.93452,W9,,1,Diatom,Pleurosigma sp1,D-Pleurosigma sp. 1,1280
11397,2013,Sep,2,02/09/2013,,16.34775,119.93452,W9,,1,Dinoflagellate,Prorocentrum micans,DF-Prorocentrum micans,480
11398,2013,Sep,2,02/09/2013,,16.34775,119.93452,W9,,1,Dinoflagellate,Protoperidinium spp.,DF-Protoperidinium spp.,80
11399,2013,Sep,2,02/09/2013,,16.34775,119.93452,W9,,1,Diatom,Pseudonitzschia spp.,D-Pseudonitzschia spp.,2720
11400,2013,Sep,2,02/09/2013,,16.34775,119.93452,W9,,1,Diatom,Rhizosolenia sp2,D-Rhizosolenia sp. 2,2400
11401,2013,Sep,2,02/09/2013,,16.34775,119.93452,W9,,1,Diatom,Skeletonema,D-Skeletonema,1520
11402,2013,Sep,2,02/09/2013,,16.34775,119.93452,W9,,1,Diatom,Thalassionema spp.,D-Thalassionema spp.,560
11403,2013,Sep,2,02/09/2013,,16.34775,119.93452,W9,,1,Diatom,Thalassiosira spp.,D-Thalassiosira spp.,6240
11404,2013,Sep,2,02/09/2013,,16.32003,119.93384,W8,,1,Dinoflagellate,Gonyaulax verior,DF-Gonyaulax verior,80
11405,2013,Sep,2,02/09/2013,,16.32003,119.93384,W8,,1,Diatom,Navicula  spp.,D-Navicula  spp.,40
11406,2013,Sep,2,02/09/2013,,16.32003,119.93384,W8,,1,Dinoflagellate,Oxytoxum spp.,DF-Oxytoxum spp.,40
11407,2013,Sep,2,02/09/2013,,16.32003,119.93384,W8,,1,Diatom,Pleurosigma sp1,D-Pleurosigma sp. 1,480
11408,2013,Sep,2,02/09/2013,,16.32003,119.93384,W8,,1,Dinoflagellate,Prorocentrum micans,DF-Prorocentrum micans,160
11409,2013,Sep,2,02/09/2013,,16.32003,119.93384,W8,,1,Dinoflagellate,Protoperidinium pellucidum,DF-Protoperidinium pellucidum,160
11410,2013,Sep,2,02/09/2013,,16.32003,119.93384,W8,,1,Diatom,Pseudonitzschia spp.,D-Pseudonitzschia spp.,400
11411,2013,Sep,2,02/09/2013,,16.32003,119.93384,W8,,1,Diatom,Rhizosolenia sp2,D-Rhizosolenia sp. 2,2880
11412,2013,Sep,2,02/09/2013,,16.32003,119.93384,W8,,1,Cyanobacteria,Trichodesmium sp.,CYN-Trichodesmium sp.,80
11413,2013,Sep,2,02/09/2013,,16.32003,119.93384,W8,,1,Diatom,Thalassiosira spp.,D-Thalassiosira spp.,4240
11414,2013,Sep,2,02/09/2013,,16.37073,119.93401,W3,,1,Diatom,Coscinodiscus spp.,D-Coscinodiscus spp.,480
11415,2013,Sep,2,02/09/2013,,16.37073,119.93401,W3,,1,Dinoflagellate,Gonyaulax verior,DF-Gonyaulax verior,80
11416,2013,Sep,2,02/09/2013,,16.37073,119.93401,W3,,1,Diatom,Navicula  spp.,D-Navicula  spp.,160
11417,2013,Sep,2,02/09/2013,,16.37073,119.93401,W3,,1,Silicoflagellate,Favella sp.,SF-Favella sp.,80
11418,2013,Sep,2,02/09/2013,,16.37073,119.93401,W3,,1,Diatom,Pleurosigma sp1,D-Pleurosigma sp. 1,2480
11419,2013,Sep,2,02/09/2013,,16.37073,119.93401,W3,,1,Dinoflagellate,Prorocentrum micans,DF-Prorocentrum micans,320
11420,2013,Sep,2,02/09/2013,,16.37073,119.93401,W3,,1,Dinoflagellate,Protoperidinium spp.,DF-Protoperidinium spp.,80
11421,2013,Sep,2,02/09/2013,,16.37073,119.93401,W3,,1,Dinoflagellate,Protoperidinium pellucidum,DF-Protoperidinium pellucidum,720
11422,2013,Sep,2,02/09/2013,,16.37073,119.93401,W3,,1,Diatom,Pseudonitzschia spp.,D-Pseudonitzschia spp.,1380
11423,2013,Sep,2,02/09/2013,,16.37073,119.93401,W3,,1,Diatom,Rhizosolenia sp2,D-Rhizosolenia sp. 2,2300
11424,2013,Sep,2,02/09/2013,,16.37073,119.93401,W3,,1,Diatom,Skeletonema,D-Skeletonema,800
11425,2013,Sep,2,02/09/2013,,16.37073,119.93401,W3,,1,Diatom,Thalassiosira spp.,D-Thalassiosira spp.,3840
11426,2013,Sep,2,02/09/2013,,16.37073,119.93401,W3,,1,Silicoflagellate,Tintinopsis,SF-Tintinopsis,140
11427,2013,Sep,2,02/09/2013,,16.33668,119.94476,W2A,,1,Dinoflagellate,Ceratium furca,DF-Ceratium furca,2480
11428,2013,Sep,2,02/09/2013,,16.33668,119.94476,W2A,,1,Dinoflagellate,Prorocentrum micans,DF-Prorocentrum micans,80
11429,2013,Sep,2,02/09/2013,,16.33668,119.94476,W2A,,1,Diatom,Navicula  spp.,D-Navicula  spp.,400
11430,2013,Sep,2,02/09/2013,,16.33668,119.94476,W2A,,1,Diatom,Pleurosigma sp1,D-Pleurosigma sp. 1,1040
11431,2013,Sep,2,02/09/2013,,16.33668,119.94476,W2A,,1,Dinoflagellate,Prorocentrum micans,DF-Prorocentrum micans,1600
11432,2013,Sep,2,02/09/2013,,16.33668,119.94476,W2A,,1,Dinoflagellate,Prorocentrum minimum,DF-Prorocentrum minimum,80
11433,2013,Sep,2,02/09/2013,,16.33668,119.94476,W2A,,1,Dinoflagellate,Prorocentrum sigmoides,DF-Prorocentrum sigmoides,80
11434,2013,Sep,2,02/09/2013,,16.33668,119.94476,W2A,,1,Dinoflagellate,Protoperidinium spp.,DF-Protoperidinium spp.,80
11435,2013,Sep,2,02/09/2013,,16.33668,119.94476,W2A,,1,Dinoflagellate,Protoperidinium pellucidum,DF-Protoperidinium pellucidum,80
11436,2013,Sep,2,02/09/2013,,16.33668,119.94476,W2A,,1,Diatom,Rhizosolenia sp2,D-Rhizosolenia sp. 2,640
11437,2013,Sep,2,02/09/2013,,16.33668,119.94476,W2A,,1,Diatom,Thalassiosira spp.,D-Thalassiosira spp.,2320
11438,2013,Sep,2,02/09/2013,,16.34927,119.94606,W1,,1,Dinoflagellate,Alexandrium spp.,DF-Alexandrium spp.,80
11439,2013,Sep,2,02/09/2013,,16.34927,119.94606,W1,,1,Diatom,Coscinodiscus spp.,D-Coscinodiscus spp.,400
11440,2013,Sep,2,02/09/2013,,16.34927,119.94606,W1,,1,Diatom,Pleurosigma sp1,D-Pleurosigma sp. 1,1840
11441,2013,Sep,2,02/09/2013,,16.34927,119.94606,W1,,1,Dinoflagellate,Prorocentrum micans,DF-Prorocentrum micans,160
11442,2013,Sep,2,02/09/2013,,16.34927,119.94606,W1,,1,Dinoflagellate,Protoperidinium spp.,DF-Protoperidinium spp.,60
11443,2013,Sep,2,02/09/2013,,16.34927,119.94606,W1,,1,Dinoflagellate,Protoperidinium pellucidum,DF-Protoperidinium pellucidum,640
11444,2013,Sep,2,02/09/2013,,16.34927,119.94606,W1,,1,Diatom,Pseudonitzschia spp.,D-Pseudonitzschia spp.,3200
11445,2013,Sep,2,02/09/2013,,16.34927,119.94606,W1,,1,Diatom,Rhizosolenia sp2,D-Rhizosolenia sp. 2,1440
11446,2013,Sep,2,02/09/2013,,16.34927,119.94606,W1,,1,Cyanobacteria,Trichodesmium sp.,CYN-Trichodesmium sp.,80
11447,2013,Sep,2,02/09/2013,,16.34927,119.94606,W1,,1,Diatom,Thalassionema spp.,D-Thalassionema spp.,400
11448,2013,Sep,2,02/09/2013,,16.34927,119.94606,W1,,1,Diatom,Thalassiosira spp.,D-Thalassiosira spp.,8240
11449,2013,Sep,2,02/09/2013,,16.38339,119.91585,TS2,,1,Diatom,Coscinodiscus spp.,D-Coscinodiscus spp.,220
11450,2013,Sep,2,02/09/2013,,16.38339,119.91585,TS2,,1,Diatom,Pleurosigma sp1,D-Pleurosigma sp. 1,1760
11451,2013,Sep,2,02/09/2013,,16.38339,119.91585,TS2,,1,Diatom,Pleurosigma sp2,D-Pleurosigma sp. 2,160
11452,2013,Sep,2,02/09/2013,,16.38339,119.91585,TS2,,1,Dinoflagellate,Prorocentrum micans,DF-Prorocentrum micans,1600
11453,2013,Sep,2,02/09/2013,,16.38339,119.91585,TS2,,1,Dinoflagellate,Protoperidinium spp.,DF-Protoperidinium spp.,160
11454,2013,Sep,2,02/09/2013,,16.38339,119.91585,TS2,,1,Diatom,Pseudonitzschia spp.,D-Pseudonitzschia spp.,2400
11455,2013,Sep,2,02/09/2013,,16.38339,119.91585,TS2,,1,Diatom,Rhizosolenia sp2,D-Rhizosolenia sp. 2,4480
11456,2013,Sep,2,02/09/2013,,16.38339,119.91585,TS2,,1,Diatom,Skeletonema,D-Skeletonema,880
11457,2013,Sep,2,02/09/2013,,16.38339,119.91585,TS2,,1,Diatom,Thalassionema spp.,D-Thalassionema spp.,240
11458,2013,Sep,2,02/09/2013,,16.38339,119.91585,TS2,,1,Diatom,Thalassiosira spp.,D-Thalassiosira spp.,3680
11459,2013,Sep,2,02/09/2013,,16.30944,119.92063,TS1,,1,Diatom,Chaetoceros spp.,D-Chaetoceros spp.,100
11460,2013,Sep,2,02/09/2013,,16.30944,119.92063,TS1,,1,Diatom,Coscinodiscus spp.,D-Coscinodiscus spp.,160
11461,2013,Sep,2,02/09/2013,,16.30944,119.92063,TS1,,1,Dinoflagellate,Gonyaulax verior,DF-Gonyaulax verior,180
11462,2013,Sep,2,02/09/2013,,16.30944,119.92063,TS1,,1,Dinoflagellate,Gyrodinium,DF-Gyrodinium,80
11463,2013,Sep,2,02/09/2013,,16.30944,119.92063,TS1,,1,Diatom,Navicula  spp.,D-Navicula  spp.,440
11464,2013,Sep,2,02/09/2013,,16.30944,119.92063,TS1,,1,Dinoflagellate,Oxytoxum spp.,DF-Oxytoxum spp.,460
11465,2013,Sep,2,02/09/2013,,16.30944,119.92063,TS1,,1,Diatom,Pleurosigma sp1,D-Pleurosigma sp. 1,400
11466,2013,Sep,2,02/09/2013,,16.30944,119.92063,TS1,,1,Dinoflagellate,Prorocentrum micans,DF-Prorocentrum micans,1040
11467,2013,Sep,2,02/09/2013,,16.30944,119.92063,TS1,,1,Dinoflagellate,Protoperidinium pellucidum,DF-Protoperidinium pellucidum,300
11468,2013,Sep,2,02/09/2013,,16.30944,119.92063,TS1,,1,Diatom,Pseudonitzschia spp.,D-Pseudonitzschia spp.,480
11469,2013,Sep,2,02/09/2013,,16.30944,119.92063,TS1,,1,Diatom,Rhizosolenia sp2,D-Rhizosolenia sp. 2,1440
11470,2013,Sep,2,02/09/2013,,16.30944,119.92063,TS1,,1,Diatom,Thalassiosira spp.,D-Thalassiosira spp.,4160
11471,2013,Sep,2,02/09/2013,,16.30944,119.92063,TS1,,1,Silicoflagellate,Tintinopsis,SF-Tintinopsis,80
11472,2013,Sep,2,02/09/2013,,16.39578,119.90667,RVA3,,1,Diatom,Coscinodiscus spp.,D-Coscinodiscus spp.,940
11473,2013,Sep,2,02/09/2013,,16.39578,119.90667,RVA3,,1,Diatom,Pleurosigma sp1,D-Pleurosigma sp. 1,4880
11474,2013,Sep,2,02/09/2013,,16.39578,119.90667,RVA3,,1,Dinoflagellate,Protoperidinium spp.,DF-Protoperidinium spp.,40
11475,2013,Sep,2,02/09/2013,,16.39578,119.90667,RVA3,,1,Dinoflagellate,Protoperidinium pellucidum,DF-Protoperidinium pellucidum,240
11476,2013,Sep,2,02/09/2013,,16.39578,119.90667,RVA3,,1,Diatom,Pseudonitzschia spp.,D-Pseudonitzschia spp.,400
11477,2013,Sep,2,02/09/2013,,16.39578,119.90667,RVA3,,1,Diatom,Rhizosolenia sp2,D-Rhizosolenia sp. 2,4240
11478,2013,Sep,2,02/09/2013,,16.39578,119.90667,RVA3,,1,Diatom,Skeletonema,D-Skeletonema,880
11479,2013,Sep,2,02/09/2013,,16.39578,119.90667,RVA3,,1,Diatom,Thalassiosira spp.,D-Thalassiosira spp.,13480
11480,2013,Sep,2,02/09/2013,,16.27365,119.92599,A5,,1,Dinoflagellate,Alexandrium spp.,DF-Alexandrium spp.,80
11481,2013,Sep,2,02/09/2013,,16.27365,119.92599,A5,,1,Dinoflagellate,Prorocentrum micans,DF-Prorocentrum micans,640
11482,2013,Sep,2,02/09/2013,,16.27365,119.92599,A5,,1,Dinoflagellate,Oxytoxum spp.,DF-Oxytoxum spp.,80
11483,2013,Sep,2,02/09/2013,,16.27365,119.92599,A5,,1,Dinoflagellate,Protoperidinium pellucidum,DF-Protoperidinium pellucidum,80
11484,2013,Sep,2,02/09/2013,,16.27365,119.92599,A5,,1,Dinoflagellate,Protoperinium oblongum,DF-Protoperinium oblongum,160
11485,2013,Sep,2,02/09/2013,,16.27365,119.92599,A5,,1,Diatom,Rhizosolenia sp2,D-Rhizosolenia sp. 2,1200
11486,2013,Sep,2,02/09/2013,,16.27365,119.92599,A5,,1,Silicoflagellate,Tintinopsis,SF-Tintinopsis,6960
11487,2013,Sep,2,02/09/2013,,16.27365,119.92599,A5,,1,Raphidophyte,Chattonnella subsalsa,RD-Chattonnella subsalsa,80
11488,2013,Sep,2,02/09/2013,,16.27365,119.92599,A5,,1,Diatom,Thalassionema spp.,D-Thalassionema spp.,160
11489,2013,Sep,2,02/09/2013,,16.27365,119.92599,A5,,1,Diatom,Thalassiosira spp.,D-Thalassiosira spp.,2640
11490,2013,Sep,2,02/09/2013,,16.27365,119.92599,A5,,1,Silicoflagellate,Tintinopsis,SF-Tintinopsis,480
11491,2013,Sep,2,02/09/2013,,16.28459,119.92285,A4,,1,Dinoflagellate,Oxytoxum spp.,DF-Oxytoxum spp.,3100
11492,2013,Sep,2,02/09/2013,,16.28459,119.92285,A4,,1,Diatom,Pleurosigma sp1,D-Pleurosigma sp. 1,80
11493,2013,Sep,2,02/09/2013,,16.28459,119.92285,A4,,1,Dinoflagellate,Prorocentrum micans,DF-Prorocentrum micans,80
11494,2013,Sep,2,02/09/2013,,16.28459,119.92285,A4,,1,Dinoflagellate,Protoperidinium pellucidum,DF-Protoperidinium pellucidum,240
11495,2013,Sep,2,02/09/2013,,16.28459,119.92285,A4,,1,Diatom,Rhizosolenia sp2,D-Rhizosolenia sp. 2,1040
11496,2013,Sep,2,02/09/2013,,16.28459,119.92285,A4,,1,Silicoflagellate,Tintinopsis,SF-Tintinopsis,2200
11497,2013,Sep,2,02/09/2013,,16.28459,119.92285,A4,,1,Diatom,Skeletonema,D-Skeletonema,320
11498,2013,Sep,2,02/09/2013,,16.28459,119.92285,A4,,1,Diatom,Thalassiosira spp.,D-Thalassiosira spp.,1520
11499,2013,Sep,2,02/09/2013,,16.33431,119.95731,A3,,1,Dinoflagellate,Ceratium furca,DF-Ceratium furca,1100
11500,2013,Sep,2,02/09/2013,,16.33431,119.95731,A3,,1,Diatom,Chaetoceros spp.,D-Chaetoceros spp.,80
11501,2013,Sep,2,02/09/2013,,16.33431,119.95731,A3,,1,Diatom,Coscinodiscus spp.,D-Coscinodiscus spp.,320
11502,2013,Sep,2,02/09/2013,,16.33431,119.95731,A3,,1,Dinoflagellate,Gonyaulax verior,DF-Gonyaulax verior,480
11503,2013,Sep,2,02/09/2013,,16.33431,119.95731,A3,,1,Diatom,Navicula  spp.,D-Navicula  spp.,400
11504,2013,Sep,2,02/09/2013,,16.33431,119.95731,A3,,1,Dinoflagellate,Oxytoxum spp.,DF-Oxytoxum spp.,80
11505,2013,Sep,2,02/09/2013,,16.33431,119.95731,A3,,1,Diatom,Pleurosigma sp1,D-Pleurosigma sp. 1,1280
11506,2013,Sep,2,02/09/2013,,16.33431,119.95731,A3,,1,Dinoflagellate,Prorocentrum micans,DF-Prorocentrum micans,1520
11507,2013,Sep,2,02/09/2013,,16.33431,119.95731,A3,,1,Dinoflagellate,Protoperidinium spp.,DF-Protoperidinium spp.,240
11508,2013,Sep,2,02/09/2013,,16.33431,119.95731,A3,,1,Dinoflagellate,Protoperdinium  pellucidum,DF-Protoperdinium  pellucidum,80
11509,2013,Sep,2,02/09/2013,,16.33431,119.95731,A3,,1,Diatom,Pseudonitzschia spp.,D-Pseudonitzschia spp.,2480
11510,2013,Sep,2,02/09/2013,,16.33431,119.95731,A3,,1,Diatom,Rhizosolenia sp2,D-Rhizosolenia sp. 2,1040
11511,2013,Sep,2,02/09/2013,,16.33431,119.95731,A3,,1,Raphidophyte,Chattonnella subsalsa,RD-Chattonnella subsalsa,160
11512,2013,Sep,2,02/09/2013,,16.33431,119.95731,A3,,1,Diatom,Thalassionema spp.,D-Thalassionema spp.,1120
11513,2013,Sep,2,02/09/2013,,16.33431,119.95731,A3,,1,Diatom,Thalassiosira spp.,D-Thalassiosira spp.,2000
11514,2013,Sep,2,02/09/2013,,16.34775,119.93452,A2,,1,Dinoflagellate,Alexandrium spp.,DF-Alexandrium spp.,160
11515,2013,Sep,2,02/09/2013,,16.34775,119.93452,A2,,1,Diatom,Bacteriastrum spp.,D-Bacteriastrum spp.,800
11516,2013,Sep,2,02/09/2013,,16.34775,119.93452,A2,,1,Diatom,Chaetoceros spp.,D-Chaetoceros spp.,960
11517,2013,Sep,2,02/09/2013,,16.34775,119.93452,A2,,1,Diatom,Coscinodiscus spp.,D-Coscinodiscus spp.,240
11518,2013,Sep,2,02/09/2013,,16.34775,119.93452,A2,,1,Dinoflagellate,Gonyaulax verior,DF-Gonyaulax verior,80
11519,2013,Sep,2,02/09/2013,,16.34775,119.93452,A2,,1,Diatom,Navicula  spp.,D-Navicula  spp.,80
11520,2013,Sep,2,02/09/2013,,16.34775,119.93452,A2,,1,Dinoflagellate,Oxytoxum spp.,DF-Oxytoxum spp.,160
11521,2013,Sep,2,02/09/2013,,16.34775,119.93452,A2,,1,Diatom,Pleurosigma sp1,D-Pleurosigma sp. 1,3040
11522,2013,Sep,2,02/09/2013,,16.34775,119.93452,A2,,1,Diatom,Pleurosigma spp.,D-Pleurosigma spp.,80
11523,2013,Sep,2,02/09/2013,,16.34775,119.93452,A2,,1,Dinoflagellate,Prorocentrum micans,DF-Prorocentrum micans,80
11524,2013,Sep,2,02/09/2013,,16.34775,119.93452,A2,,1,Dinoflagellate,Protoperidinium spp.,DF-Protoperidinium spp.,80
11525,2013,Sep,2,02/09/2013,,16.34775,119.93452,A2,,1,Dinoflagellate,Protoperidinium pellucidum,DF-Protoperidinium pellucidum,240
11526,2013,Sep,2,02/09/2013,,16.34775,119.93452,A2,,1,Dinoflagellate,Protoperdinium  pellucidum,DF-Protoperdinium  pellucidum,80
11527,2013,Sep,2,02/09/2013,,16.34775,119.93452,A2,,1,Dinoflagellate,Protoperinium oblongum,DF-Protoperinium oblongum,80
11528,2013,Sep,2,02/09/2013,,16.34775,119.93452,A2,,1,Diatom,Pseudonitzschia spp.,D-Pseudonitzschia spp.,720
11529,2013,Sep,2,02/09/2013,,16.34775,119.93452,A2,,1,Diatom,Rhizosolenia sp2,D-Rhizosolenia sp. 2,2240
11530,2013,Sep,2,02/09/2013,,16.34775,119.93452,A2,,1,Diatom,Helicotheca tamensis,D-Helicotheca tamensis,80
11531,2013,Sep,2,02/09/2013,,16.34775,119.93452,A2,,1,Diatom,Thalassionema spp.,D-Thalassionema spp.,1760
11532,2013,Sep,2,02/09/2013,,16.34775,119.93452,A2,,1,Diatom,Thalassiosira spp.,D-Thalassiosira spp.,1840
11533,2013,Sep,2,02/09/2013,,16.34775,119.93452,A2,,1,Silicoflagellate,Tintinopsis,SF-Tintinopsis,80
11534,2013,Sep,2,02/09/2013,,16.34775,119.93375,A1,,1,Dinoflagellate,Alexandrium spp.,DF-Alexandrium spp.,80
11535,2013,Sep,2,02/09/2013,,16.34775,119.93375,A1,,1,Diatom,Chaetoceros spp.,D-Chaetoceros spp.,720
11536,2013,Sep,2,02/09/2013,,16.34775,119.93375,A1,,1,Diatom,Coscinodiscus spp.,D-Coscinodiscus spp.,80
11537,2013,Sep,2,02/09/2013,,16.34775,119.93375,A1,,1,Dinoflagellate,Gonyaulax verior,DF-Gonyaulax verior,80
11538,2013,Sep,2,02/09/2013,,16.34775,119.93375,A1,,1,Diatom,Navicula  spp.,D-Navicula  spp.,240
11539,2013,Sep,2,02/09/2013,,16.34775,119.93375,A1,,1,Diatom,Pleurosigma sp1,D-Pleurosigma sp. 1,1680
11540,2013,Sep,2,02/09/2013,,16.34775,119.93375,A1,,1,Dinoflagellate,Prorocentrum micans,DF-Prorocentrum micans,640
11541,2013,Sep,2,02/09/2013,,16.34775,119.93375,A1,,1,Dinoflagellate,Protoperidinium pellucidum,DF-Protoperidinium pellucidum,240
11542,2013,Sep,2,02/09/2013,,16.34775,119.93375,A1,,1,Dinoflagellate,Protoperdinium  pellucidum,DF-Protoperdinium  pellucidum,80
11543,2013,Sep,2,02/09/2013,,16.34775,119.93375,A1,,1,Diatom,Pseudonitzschia spp.,D-Pseudonitzschia spp.,2160
11544,2013,Sep,2,02/09/2013,,16.34775,119.93375,A1,,1,Diatom,Rhizosolenia sp2,D-Rhizosolenia sp. 2,1760
11545,2013,Sep,2,02/09/2013,,16.34775,119.93375,A1,,1,Diatom,Skeletonema,D-Skeletonema,400
11546,2013,Sep,2,02/09/2013,,16.34775,119.93375,A1,,1,Diatom,Thalassionema spp.,D-Thalassionema spp.,480
11547,2013,Sep,2,02/09/2013,,16.34775,119.93375,A1,,1,Diatom,Thalassiosira spp.,D-Thalassiosira spp.,5840
11548,2013,Sep,2,02/09/2013,,16.34775,119.93375,A1,,1,Silicoflagellate,Tintinopsis,SF-Tintinopsis,80
11549,2013,Sep,5,05/09/2013,,16.38326,119.92616,W11,,1,Diatom,Bacteriastrum spp.,D-Bacteriastrum spp.,60
11550,2013,Sep,5,05/09/2013,,16.38326,119.92616,W11,,1,Diatom,Coscinodiscus spp.,D-Coscinodiscus spp.,180
11551,2013,Sep,5,05/09/2013,,16.38326,119.92616,W11,,1,Diatom,Pleurosigma sp1,D-Pleurosigma sp. 1,7840
11552,2013,Sep,5,05/09/2013,,16.38326,119.92616,W11,,1,Dinoflagellate,Prorocentrum micans,DF-Prorocentrum micans,2400
11553,2013,Sep,5,05/09/2013,,16.38326,119.92616,W11,,1,Dinoflagellate,Protoperidinium pellucidum,DF-Protoperidinium pellucidum,60
11554,2013,Sep,5,05/09/2013,,16.38326,119.92616,W11,,1,Diatom,Rhizosolenia sp2,D-Rhizosolenia sp. 2,840
11555,2013,Sep,5,05/09/2013,,16.38326,119.92616,W11,,1,Diatom,Thalassiosira spp.,D-Thalassiosira spp.,2480
11556,2013,Sep,5,05/09/2013,,16.37052,119.94857,W10,,1,Dinoflagellate,Alexandrium spp.,DF-Alexandrium spp.,80
11557,2013,Sep,5,05/09/2013,,16.37052,119.94857,W10,,1,Dinoflagellate,Ceratium furca,DF-Ceratium furca,160
11558,2013,Sep,5,05/09/2013,,16.37052,119.94857,W10,,1,Diatom,Chaetoceros spp.,D-Chaetoceros spp.,240
11559,2013,Sep,5,05/09/2013,,16.37052,119.94857,W10,,1,Dinoflagellate,Cyst,DF-Cyst,320
11560,2013,Sep,5,05/09/2013,,16.37052,119.94857,W10,,1,Dinoflagellate,Gonyaulax verior,DF-Gonyaulax verior,880
11561,2013,Sep,5,05/09/2013,,16.37052,119.94857,W10,,1,Dinoflagellate,Gyrodinium,DF-Gyrodinium,80
11562,2013,Sep,5,05/09/2013,,16.37052,119.94857,W10,,1,Dinoflagellate,Oxytoxum spp.,DF-Oxytoxum spp.,240
11563,2013,Sep,5,05/09/2013,,16.37052,119.94857,W10,,1,Silicoflagellate,Favella sp.,SF-Favella sp.,80
11564,2013,Sep,5,05/09/2013,,16.37052,119.94857,W10,,1,Diatom,Pleurosigma sp1,D-Pleurosigma sp. 1,5520
11565,2013,Sep,5,05/09/2013,,16.37052,119.94857,W10,,1,Dinoflagellate,Phalacroma  spp.,DF-Phalacroma  spp.,80
11566,2013,Sep,5,05/09/2013,,16.37052,119.94857,W10,,1,Diatom,Pleurosigma sp2,D-Pleurosigma sp. 2,80
11567,2013,Sep,5,05/09/2013,,16.37052,119.94857,W10,,1,Dinoflagellate,Prorocentrum micans,DF-Prorocentrum micans,960
11568,2013,Sep,5,05/09/2013,,16.37052,119.94857,W10,,1,Dinoflagellate,Protoperidinium spp.,DF-Protoperidinium spp.,80
11569,2013,Sep,5,05/09/2013,,16.37052,119.94857,W10,,1,Dinoflagellate,Protoperidinium pellucidum,DF-Protoperidinium pellucidum,480
11570,2013,Sep,5,05/09/2013,,16.37052,119.94857,W10,,1,Diatom,Pseudonitzschia spp.,D-Pseudonitzschia spp.,340
11571,2013,Sep,5,05/09/2013,,16.37052,119.94857,W10,,1,Diatom,Rhizosolenia sp2,D-Rhizosolenia sp. 2,160
11572,2013,Sep,5,05/09/2013,,16.37052,119.94857,W10,,1,Raphidophyte,Chattonnella subsalsa,RD-Chattonnella subsalsa,6720
11573,2013,Sep,5,05/09/2013,,16.37052,119.94857,W10,,1,Diatom,Thalassiosira spp.,D-Thalassiosira spp.,880
11574,2013,Sep,5,05/09/2013,,16.34775,119.93452,W9,,1,Dinoflagellate,Ceratium furca,DF-Ceratium furca,400
11575,2013,Sep,5,05/09/2013,,16.34775,119.93452,W9,,1,Diatom,Chaetoceros spp.,D-Chaetoceros spp.,80
11576,2013,Sep,5,05/09/2013,,16.34775,119.93452,W9,,1,Dinoflagellate,Gonyaulax verior,DF-Gonyaulax verior,720
11577,2013,Sep,5,05/09/2013,,16.34775,119.93452,W9,,1,Dinoflagellate,Gyrodinium,DF-Gyrodinium,160
11578,2013,Sep,5,05/09/2013,,16.34775,119.93452,W9,,1,Diatom,Pleurosigma sp1,D-Pleurosigma sp. 1,8000
11579,2013,Sep,5,05/09/2013,,16.34775,119.93452,W9,,1,Dinoflagellate,Prorocentrum micans,DF-Prorocentrum micans,800
11580,2013,Sep,5,05/09/2013,,16.34775,119.93452,W9,,1,Dinoflagellate,Protoperidinium spp.,DF-Protoperidinium spp.,160
11581,2013,Sep,5,05/09/2013,,16.34775,119.93452,W9,,1,Dinoflagellate,Protoperidinium pellucidum,DF-Protoperidinium pellucidum,240
11582,2013,Sep,5,05/09/2013,,16.34775,119.93452,W9,,1,Dinoflagellate,Protoperdinium  pellucidum,DF-Protoperdinium  pellucidum,80
11583,2013,Sep,5,05/09/2013,,16.34775,119.93452,W9,,1,Diatom,Pseudonitzschia spp.,D-Pseudonitzschia spp.,240
11584,2013,Sep,5,05/09/2013,,16.34775,119.93452,W9,,1,Diatom,Rhizosolenia sp2,D-Rhizosolenia sp. 2,720
11585,2013,Sep,5,05/09/2013,,16.34775,119.93452,W9,,1,Diatom,Helicotheca tamensis,D-Helicotheca tamensis,80
11586,2013,Sep,5,05/09/2013,,16.34775,119.93452,W9,,1,Diatom,Thalassiosira spp.,D-Thalassiosira spp.,1360
11587,2013,Sep,5,05/09/2013,,16.32003,119.93384,W8,,1,Dinoflagellate,Alexandrium spp.,DF-Alexandrium spp.,1120
11588,2013,Sep,5,05/09/2013,,16.32003,119.93384,W8,,1,Dinoflagellate,Ceratium furca,DF-Ceratium furca,800
11589,2013,Sep,5,05/09/2013,,16.32003,119.93384,W8,,1,Dinoflagellate,Gonyaulax verior,DF-Gonyaulax verior,13120
11590,2013,Sep,5,05/09/2013,,16.32003,119.93384,W8,,1,Diatom,Navicula  spp.,D-Navicula  spp.,60
11591,2013,Sep,5,05/09/2013,,16.32003,119.93384,W8,,1,Dinoflagellate,Oxytoxum spp.,DF-Oxytoxum spp.,12480
11592,2013,Sep,5,05/09/2013,,16.32003,119.93384,W8,,1,Diatom,Pleurosigma sp1,D-Pleurosigma sp. 1,720
11593,2013,Sep,5,05/09/2013,,16.32003,119.93384,W8,,1,Dinoflagellate,Prorocentrum micans,DF-Prorocentrum micans,1600
11594,2013,Sep,5,05/09/2013,,16.32003,119.93384,W8,,1,Dinoflagellate,Protoperidinium spp.,DF-Protoperidinium spp.,720
11595,2013,Sep,5,05/09/2013,,16.32003,119.93384,W8,,1,Dinoflagellate,Protoperidinium pellucidum,DF-Protoperidinium pellucidum,640
11596,2013,Sep,5,05/09/2013,,16.32003,119.93384,W8,,1,Dinoflagellate,Protoperinium oblongum,DF-Protoperinium oblongum,60
11597,2013,Sep,5,05/09/2013,,16.32003,119.93384,W8,,1,Diatom,Rhizosolenia sp2,D-Rhizosolenia sp. 2,3440
11598,2013,Sep,5,05/09/2013,,16.32003,119.93384,W8,,1,Silicoflagellate,Tintinopsis,SF-Tintinopsis,120
11599,2013,Sep,5,05/09/2013,,16.32003,119.93384,W8,,1,Dinoflagellate,Scrippsiella spinifera,DF-Scrippsiella spinifera,120
11600,2013,Sep,5,05/09/2013,,16.32003,119.93384,W8,,1,Diatom,Skeletonema,D-Skeletonema,400
11601,2013,Sep,5,05/09/2013,,16.32003,119.93384,W8,,1,Raphidophyte,Chattonnella subsalsa,RD-Chattonnella subsalsa,480
11602,2013,Sep,5,05/09/2013,,16.32003,119.93384,W8,,1,Diatom,Thalassionema spp.,D-Thalassionema spp.,160
11603,2013,Sep,5,05/09/2013,,16.32003,119.93384,W8,,1,Diatom,Thalassiosira spp.,D-Thalassiosira spp.,7920
11604,2013,Sep,5,05/09/2013,,16.32003,119.93384,W8,,1,Silicoflagellate,Tintinopsis,SF-Tintinopsis,80
11605,2013,Sep,5,05/09/2013,,16.33668,119.94476,W2A,,1,Diatom,Bacteriastrum spp.,D-Bacteriastrum spp.,160
11606,2013,Sep,5,05/09/2013,,16.33668,119.94476,W2A,,1,Dinoflagellate,Ceratium furca,DF-Ceratium furca,400
11607,2013,Sep,5,05/09/2013,,16.33668,119.94476,W2A,,1,Diatom,Chaetoceros spp.,D-Chaetoceros spp.,240
11608,2013,Sep,5,05/09/2013,,16.33668,119.94476,W2A,,1,Diatom,Coscinodiscus spp.,D-Coscinodiscus spp.,240
11609,2013,Sep,5,05/09/2013,,16.33668,119.94476,W2A,,1,Dinoflagellate,Gonyaulax verior,DF-Gonyaulax verior,320
11610,2013,Sep,5,05/09/2013,,16.33668,119.94476,W2A,,1,Dinoflagellate,Gyrodinium,DF-Gyrodinium,80
11611,2013,Sep,5,05/09/2013,,16.33668,119.94476,W2A,,1,Diatom,Navicula  spp.,D-Navicula  spp.,560
11612,2013,Sep,5,05/09/2013,,16.33668,119.94476,W2A,,1,Dinoflagellate,Oxytoxum spp.,DF-Oxytoxum spp.,140
11613,2013,Sep,5,05/09/2013,,16.33668,119.94476,W2A,,1,Diatom,Pleurosigma sp1,D-Pleurosigma sp. 1,2240
11614,2013,Sep,5,05/09/2013,,16.33668,119.94476,W2A,,1,Dinoflagellate,Prorocentrum micans,DF-Prorocentrum micans,1840
11615,2013,Sep,5,05/09/2013,,16.33668,119.94476,W2A,,1,Dinoflagellate,Protoperidinium spp.,DF-Protoperidinium spp.,240
11616,2013,Sep,5,05/09/2013,,16.33668,119.94476,W2A,,1,Dinoflagellate,Protoperidinium pellucidum,DF-Protoperidinium pellucidum,100
11617,2013,Sep,5,05/09/2013,,16.33668,119.94476,W2A,,1,Dinoflagellate,Protoperdinium  pellucidum,DF-Protoperdinium  pellucidum,160
11618,2013,Sep,5,05/09/2013,,16.33668,119.94476,W2A,,1,Diatom,Pseudonitzschia spp.,D-Pseudonitzschia spp.,4340
11619,2013,Sep,5,05/09/2013,,16.33668,119.94476,W2A,,1,Diatom,Rhizosolenia sp2,D-Rhizosolenia sp. 2,2720
11620,2013,Sep,5,05/09/2013,,16.33668,119.94476,W2A,,1,Diatom,Skeletonema,D-Skeletonema,480
11621,2013,Sep,5,05/09/2013,,16.33668,119.94476,W2A,,1,Diatom,Thalassiosira spp.,D-Thalassiosira spp.,1240
11622,2013,Sep,5,05/09/2013,,16.34927,119.94606,W1,,1,Diatom,Chaetoceros spp.,D-Chaetoceros spp.,340
11623,2013,Sep,5,05/09/2013,,16.34927,119.94606,W1,,1,Diatom,Coscinodiscus spp.,D-Coscinodiscus spp.,160
11624,2013,Sep,5,05/09/2013,,16.34927,119.94606,W1,,1,Dinoflagellate,Gonyaulax verior,DF-Gonyaulax verior,1040
11625,2013,Sep,5,05/09/2013,,16.34927,119.94606,W1,,1,Diatom,Navicula  spp.,D-Navicula  spp.,480
11626,2013,Sep,5,05/09/2013,,16.34927,119.94606,W1,,1,Diatom,Pleurosigma sp1,D-Pleurosigma sp. 1,5280
11627,2013,Sep,5,05/09/2013,,16.34927,119.94606,W1,,1,Diatom,Pleurosigma spp.,D-Pleurosigma spp.,80
11628,2013,Sep,5,05/09/2013,,16.34927,119.94606,W1,,1,Dinoflagellate,Prorocentrum micans,DF-Prorocentrum micans,880
11629,2013,Sep,5,05/09/2013,,16.34927,119.94606,W1,,1,Dinoflagellate,Protoperidinium spp.,DF-Protoperidinium spp.,160
11630,2013,Sep,5,05/09/2013,,16.34927,119.94606,W1,,1,Dinoflagellate,Protoperidinium pellucidum,DF-Protoperidinium pellucidum,260
11631,2013,Sep,5,05/09/2013,,16.34927,119.94606,W1,,1,Diatom,Thalassiosira spp.,D-Thalassiosira spp.,3600
11632,2013,Sep,5,05/09/2013,,16.38339,119.91585,TS2,,1,Dinoflagellate,Alexandrium spp.,DF-Alexandrium spp.,420
11633,2013,Sep,5,05/09/2013,,16.38339,119.91585,TS2,,1,Dinoflagellate,Ceratium furca,DF-Ceratium furca,80
11634,2013,Sep,5,05/09/2013,,16.38339,119.91585,TS2,,1,Diatom,Chaetoceros spp.,D-Chaetoceros spp.,240
11635,2013,Sep,5,05/09/2013,,16.38339,119.91585,TS2,,1,Dinoflagellate,Gonyaulax verior,DF-Gonyaulax verior,320
11636,2013,Sep,5,05/09/2013,,16.38339,119.91585,TS2,,1,Diatom,Navicula  spp.,D-Navicula  spp.,160
11637,2013,Sep,5,05/09/2013,,16.38339,119.91585,TS2,,1,Silicoflagellate,Favella sp.,SF-Favella sp.,60
11638,2013,Sep,5,05/09/2013,,16.38339,119.91585,TS2,,1,Diatom,Pleurosigma sp1,D-Pleurosigma sp. 1,5440
11639,2013,Sep,5,05/09/2013,,16.38339,119.91585,TS2,,1,Dinoflagellate,Prorocentrum micans,DF-Prorocentrum micans,4160
11640,2013,Sep,5,05/09/2013,,16.38339,119.91585,TS2,,1,Dinoflagellate,Protoperidinium spp.,DF-Protoperidinium spp.,160
11641,2013,Sep,5,05/09/2013,,16.38339,119.91585,TS2,,1,Dinoflagellate,Protoperidinium pellucidum,DF-Protoperidinium pellucidum,540
11642,2013,Sep,5,05/09/2013,,16.38339,119.91585,TS2,,1,Dinoflagellate,Protoperdinium  pellucidum,DF-Protoperdinium  pellucidum,160
11643,2013,Sep,5,05/09/2013,,16.38339,119.91585,TS2,,1,Diatom,Rhizosolenia sp2,D-Rhizosolenia sp. 2,1100
11644,2013,Sep,5,05/09/2013,,16.38339,119.91585,TS2,,1,Diatom,Skeletonema,D-Skeletonema,1360
11645,2013,Sep,5,05/09/2013,,16.38339,119.91585,TS2,,1,Diatom,Thalassiosira spp.,D-Thalassiosira spp.,1360
11646,2013,Sep,5,05/09/2013,,16.30944,119.92063,TS1,,1,Dinoflagellate,Gonyaulax verior,DF-Gonyaulax verior,2320
11647,2013,Sep,5,05/09/2013,,16.30944,119.92063,TS1,,1,Dinoflagellate,Oxytoxum spp.,DF-Oxytoxum spp.,640
11648,2013,Sep,5,05/09/2013,,16.30944,119.92063,TS1,,1,Diatom,Pleurosigma sp1,D-Pleurosigma sp. 1,1520
11649,2013,Sep,5,05/09/2013,,16.30944,119.92063,TS1,,1,Dinoflagellate,Prorocentrum micans,DF-Prorocentrum micans,2800
11650,2013,Sep,5,05/09/2013,,16.30944,119.92063,TS1,,1,Dinoflagellate,Protoperidinium pellucidum,DF-Protoperidinium pellucidum,560
11651,2013,Sep,5,05/09/2013,,16.30944,119.92063,TS1,,1,Diatom,Pseudonitzschia spp.,D-Pseudonitzschia spp.,400
11652,2013,Sep,5,05/09/2013,,16.30944,119.92063,TS1,,1,Diatom,Rhizosolenia sp2,D-Rhizosolenia sp. 2,16240
11653,2013,Sep,5,05/09/2013,,16.30944,119.92063,TS1,,1,Diatom,Helicotheca tamensis,D-Helicotheca tamensis,80
11654,2013,Sep,5,05/09/2013,,16.30944,119.92063,TS1,,1,Diatom,Thalassiosira spp.,D-Thalassiosira spp.,800
11655,2013,Sep,5,05/09/2013,,16.30944,119.92063,TS1,,1,Silicoflagellate,Tintinopsis,SF-Tintinopsis,80
11656,2013,Sep,5,05/09/2013,,16.39578,119.90667,RVA3,,1,Dinoflagellate,Alexandrium spp.,DF-Alexandrium spp.,160
11657,2013,Sep,5,05/09/2013,,16.39578,119.90667,RVA3,,1,Diatom,Bacteriastrum spp.,D-Bacteriastrum spp.,160
11658,2013,Sep,5,05/09/2013,,16.39578,119.90667,RVA3,,1,Dinoflagellate,Ceratium furca,DF-Ceratium furca,240
11659,2013,Sep,5,05/09/2013,,16.39578,119.90667,RVA3,,1,Diatom,Chaetoceros spp.,D-Chaetoceros spp.,2160
11660,2013,Sep,5,05/09/2013,,16.39578,119.90667,RVA3,,1,Dinoflagellate,Dinophysis caudata,DF-Dinophysis caudata,80
11661,2013,Sep,5,05/09/2013,,16.39578,119.90667,RVA3,,1,Dinoflagellate,Gonyaulax verior,DF-Gonyaulax verior,80
11662,2013,Sep,5,05/09/2013,,16.39578,119.90667,RVA3,,1,Dinoflagellate,Gyrodinium,DF-Gyrodinium,80
11663,2013,Sep,5,05/09/2013,,16.39578,119.90667,RVA3,,1,Diatom,Navicula  spp.,D-Navicula  spp.,80
11664,2013,Sep,5,05/09/2013,,16.39578,119.90667,RVA3,,1,Diatom,Pleurosigma sp1,D-Pleurosigma sp. 1,6880
11665,2013,Sep,5,05/09/2013,,16.39578,119.90667,RVA3,,1,Diatom,Pleurosigma sp2,D-Pleurosigma sp. 2,80
11666,2013,Sep,5,05/09/2013,,16.39578,119.90667,RVA3,,1,Dinoflagellate,Prorocentrum micans,DF-Prorocentrum micans,560
11667,2013,Sep,5,05/09/2013,,16.39578,119.90667,RVA3,,1,Dinoflagellate,Protoperidinium spp.,DF-Protoperidinium spp.,400
11668,2013,Sep,5,05/09/2013,,16.39578,119.90667,RVA3,,1,Dinoflagellate,Protoperidinium pellucidum,DF-Protoperidinium pellucidum,400
11669,2013,Sep,5,05/09/2013,,16.39578,119.90667,RVA3,,1,Dinoflagellate,Protoperdinium  pellucidum,DF-Protoperdinium  pellucidum,1760
11670,2013,Sep,5,05/09/2013,,16.39578,119.90667,RVA3,,1,Diatom,Pseudonitzschia spp.,D-Pseudonitzschia spp.,1200
11671,2013,Sep,5,05/09/2013,,16.39578,119.90667,RVA3,,1,Diatom,Rhizosolenia sp2,D-Rhizosolenia sp. 2,480
11672,2013,Sep,5,05/09/2013,,16.39578,119.90667,RVA3,,1,Diatom,Skeletonema,D-Skeletonema,1360
11673,2013,Sep,5,05/09/2013,,16.39578,119.90667,RVA3,,1,Diatom,Thalassiosira spp.,D-Thalassiosira spp.,1040
11674,2013,Sep,5,05/09/2013,,16.27365,119.92599,A5,,1,Dinoflagellate,Gonyaulax spinifera,DF-Gonyaulax spinifera,80
11675,2013,Sep,5,05/09/2013,,16.27365,119.92599,A5,,1,Dinoflagellate,Gonyaulax verior,DF-Gonyaulax verior,640
11676,2013,Sep,5,05/09/2013,,16.27365,119.92599,A5,,1,Diatom,Navicula  spp.,D-Navicula  spp.,80
11677,2013,Sep,5,05/09/2013,,16.27365,119.92599,A5,,1,Dinoflagellate,Oxytoxum spp.,DF-Oxytoxum spp.,720
11678,2013,Sep,5,05/09/2013,,16.27365,119.92599,A5,,1,Diatom,Pleurosigma sp1,D-Pleurosigma sp. 1,80
11679,2013,Sep,5,05/09/2013,,16.27365,119.92599,A5,,1,Dinoflagellate,Protoperidinium spp.,DF-Protoperidinium spp.,80
11680,2013,Sep,5,05/09/2013,,16.27365,119.92599,A5,,1,Dinoflagellate,Protoperidinium pellucidum,DF-Protoperidinium pellucidum,80
11681,2013,Sep,5,05/09/2013,,16.27365,119.92599,A5,,1,Diatom,Rhizosolenia sp2,D-Rhizosolenia sp. 2,3280
11682,2013,Sep,5,05/09/2013,,16.27365,119.92599,A5,,1,Silicoflagellate,Tintinopsis,SF-Tintinopsis,1840
11683,2013,Sep,5,05/09/2013,,16.27365,119.92599,A5,,1,Diatom,Thalassiosira spp.,D-Thalassiosira spp.,1120
11684,2013,Sep,5,05/09/2013,,16.27365,119.92599,A5,,1,Silicoflagellate,Tintinopsis,SF-Tintinopsis,80
11685,2013,Sep,5,05/09/2013,,16.28459,119.92285,A4,,1,Dinoflagellate,Oxytoxum spp.,DF-Oxytoxum spp.,80
11686,2013,Sep,5,05/09/2013,,16.28459,119.92285,A4,,1,Diatom,Pleurosigma sp1,D-Pleurosigma sp. 1,80
11687,2013,Sep,5,05/09/2013,,16.28459,119.92285,A4,,1,Diatom,Pleurosigma spp.,D-Pleurosigma spp.,80
11688,2013,Sep,5,05/09/2013,,16.28459,119.92285,A4,,1,Dinoflagellate,Protoperinium oblongum,DF-Protoperinium oblongum,80
11689,2013,Sep,5,05/09/2013,,16.28459,119.92285,A4,,1,Diatom,Pseudonitzschia spp.,D-Pseudonitzschia spp.,160
11690,2013,Sep,5,05/09/2013,,16.28459,119.92285,A4,,1,Diatom,Rhizosolenia sp2,D-Rhizosolenia sp. 2,1280
11691,2013,Sep,5,05/09/2013,,16.28459,119.92285,A4,,1,Diatom,Skeletonema,D-Skeletonema,1520
11692,2013,Sep,5,05/09/2013,,16.28459,119.92285,A4,,1,Diatom,Thalassiosira spp.,D-Thalassiosira spp.,220
11693,2013,Sep,5,05/09/2013,,16.33431,119.95731,A3,,1,Dinoflagellate,Alexandrium spp.,DF-Alexandrium spp.,160
11694,2013,Sep,5,05/09/2013,,16.33431,119.95731,A3,,1,Dinoflagellate,Ceratium furca,DF-Ceratium furca,1000
11695,2013,Sep,5,05/09/2013,,16.33431,119.95731,A3,,1,Diatom,Chaetoceros spp.,D-Chaetoceros spp.,80
11696,2013,Sep,5,05/09/2013,,16.33431,119.95731,A3,,1,Diatom,Coscinodiscus spp.,D-Coscinodiscus spp.,80
11697,2013,Sep,5,05/09/2013,,16.33431,119.95731,A3,,1,Dinoflagellate,Gonyaulax verior,DF-Gonyaulax verior,160
11698,2013,Sep,5,05/09/2013,,16.33431,119.95731,A3,,1,Diatom,Navicula  spp.,D-Navicula  spp.,160
11699,2013,Sep,5,05/09/2013,,16.33431,119.95731,A3,,1,Dinoflagellate,Oxytoxum spp.,DF-Oxytoxum spp.,320
11700,2013,Sep,5,05/09/2013,,16.33431,119.95731,A3,,1,Diatom,Pleurosigma sp1,D-Pleurosigma sp. 1,2880
11701,2013,Sep,5,05/09/2013,,16.33431,119.95731,A3,,1,Diatom,Pleurosigma sp2,D-Pleurosigma sp. 2,80
11702,2013,Sep,5,05/09/2013,,16.33431,119.95731,A3,,1,Dinoflagellate,Prorocentrum micans,DF-Prorocentrum micans,480
11703,2013,Sep,5,05/09/2013,,16.33431,119.95731,A3,,1,Dinoflagellate,Protoperidinium spp.,DF-Protoperidinium spp.,240
11704,2013,Sep,5,05/09/2013,,16.33431,119.95731,A3,,1,Dinoflagellate,Protoperidinium pellucidum,DF-Protoperidinium pellucidum,160
11705,2013,Sep,5,05/09/2013,,16.33431,119.95731,A3,,1,Dinoflagellate,Protoperdinium  pellucidum,DF-Protoperdinium  pellucidum,80
11706,2013,Sep,5,05/09/2013,,16.33431,119.95731,A3,,1,Diatom,Rhizosolenia sp2,D-Rhizosolenia sp. 2,1040
11707,2013,Sep,5,05/09/2013,,16.33431,119.95731,A3,,1,Diatom,Thalassiosira spp.,D-Thalassiosira spp.,400
11708,2013,Sep,5,05/09/2013,,16.33431,119.95731,A3,,1,Silicoflagellate,Tintinopsis,SF-Tintinopsis,160
11709,2013,Sep,5,05/09/2013,,16.34775,119.93452,A2,,1,Dinoflagellate,Alexandrium spp.,DF-Alexandrium spp.,960
11710,2013,Sep,5,05/09/2013,,16.34775,119.93452,A2,,1,Dinoflagellate,Gonyaulax verior,DF-Gonyaulax verior,1920
11711,2013,Sep,5,05/09/2013,,16.34775,119.93452,A2,,1,Dinoflagellate,Oxytoxum spp.,DF-Oxytoxum spp.,1120
11712,2013,Sep,5,05/09/2013,,16.34775,119.93452,A2,,1,Diatom,Pleurosigma sp1,D-Pleurosigma sp. 1,640
11713,2013,Sep,5,05/09/2013,,16.34775,119.93452,A2,,1,Dinoflagellate,Prorocentrum micans,DF-Prorocentrum micans,1040
11714,2013,Sep,5,05/09/2013,,16.34775,119.93452,A2,,1,Dinoflagellate,Protoperidinium spp.,DF-Protoperidinium spp.,80
11715,2013,Sep,5,05/09/2013,,16.34775,119.93452,A2,,1,Dinoflagellate,Protoperidinium pellucidum,DF-Protoperidinium pellucidum,320
11716,2013,Sep,5,05/09/2013,,16.34775,119.93452,A2,,1,Diatom,Pseudonitzschia spp.,D-Pseudonitzschia spp.,800
11717,2013,Sep,5,05/09/2013,,16.34775,119.93452,A2,,1,Diatom,Rhizosolenia sp2,D-Rhizosolenia sp. 2,2080
11718,2013,Sep,5,05/09/2013,,16.34775,119.93452,A2,,1,Diatom,Skeletonema,D-Skeletonema,960
11719,2013,Sep,5,05/09/2013,,16.34775,119.93452,A2,,1,Diatom,Thalassiosira spp.,D-Thalassiosira spp.,2000
11720,2013,Sep,5,05/09/2013,,16.34775,119.93375,A1,,1,Dinoflagellate,Alexandrium spp.,DF-Alexandrium spp.,240
11721,2013,Sep,5,05/09/2013,,16.34775,119.93375,A1,,1,Diatom,Bacteriastrum spp.,D-Bacteriastrum spp.,160
11722,2013,Sep,5,05/09/2013,,16.34775,119.93375,A1,,1,Dinoflagellate,Ceratium furca,DF-Ceratium furca,240
11723,2013,Sep,5,05/09/2013,,16.34775,119.93375,A1,,1,Diatom,Coscinodiscus spp.,D-Coscinodiscus spp.,160
11724,2013,Sep,5,05/09/2013,,16.34775,119.93375,A1,,1,Dinoflagellate,Gonyaulax spinifera,DF-Gonyaulax spinifera,160
11725,2013,Sep,5,05/09/2013,,16.34775,119.93375,A1,,1,Dinoflagellate,Gonyaulax verior,DF-Gonyaulax verior,1840
11726,2013,Sep,5,05/09/2013,,16.34775,119.93375,A1,,1,Dinoflagellate,Gyrodinium,DF-Gyrodinium,80
11727,2013,Sep,5,05/09/2013,,16.34775,119.93375,A1,,1,Diatom,Navicula  spp.,D-Navicula  spp.,240
11728,2013,Sep,5,05/09/2013,,16.34775,119.93375,A1,,1,Dinoflagellate,Oxytoxum spp.,DF-Oxytoxum spp.,560
11729,2013,Sep,5,05/09/2013,,16.34775,119.93375,A1,,1,Diatom,Pleurosigma sp1,D-Pleurosigma sp. 1,5920
11730,2013,Sep,5,05/09/2013,,16.34775,119.93375,A1,,1,Dinoflagellate,Prorocentrum micans,DF-Prorocentrum micans,800
11731,2013,Sep,5,05/09/2013,,16.34775,119.93375,A1,,1,Dinoflagellate,Protoperidinium spp.,DF-Protoperidinium spp.,80
11732,2013,Sep,5,05/09/2013,,16.34775,119.93375,A1,,1,Dinoflagellate,Protoperidinium pellucidum,DF-Protoperidinium pellucidum,240
11733,2013,Sep,5,05/09/2013,,16.34775,119.93375,A1,,1,Diatom,Pseudonitzschia spp.,D-Pseudonitzschia spp.,320
11734,2013,Sep,5,05/09/2013,,16.34775,119.93375,A1,,1,Diatom,Rhizosolenia sp2,D-Rhizosolenia sp. 2,800
11735,2013,Sep,5,05/09/2013,,16.34775,119.93375,A1,,1,Cyanobacteria,Trichodesmium sp.,CYN-Trichodesmium sp.,160
11736,2013,Sep,5,05/09/2013,,16.34775,119.93375,A1,,1,Diatom,Thalassiosira spp.,D-Thalassiosira spp.,5280
11737,2013,Sep,2,02/09/2013,,16.38326,119.92616,W11,,1,Diatom,Coscinodiscus spp.,D-Coscinodiscus spp.,740
11738,2013,Sep,2,02/09/2013,,16.38326,119.92616,W11,,1,Diatom,Pleurosigma sp1,D-Pleurosigma sp. 1,3280
11739,2013,Sep,2,02/09/2013,,16.38326,119.92616,W11,,1,Dinoflagellate,Prorocentrum micans,DF-Prorocentrum micans,620
11740,2013,Sep,2,02/09/2013,,16.38326,119.92616,W11,,1,Dinoflagellate,Protoperidinium pallidum,DF-Protoperidinium pallidum,560
11741,2013,Sep,2,02/09/2013,,16.38326,119.92616,W11,,1,Diatom,Pseudonitzschia spp.,D-Pseudonitzschia spp.,4800
11742,2013,Sep,2,02/09/2013,,16.38326,119.92616,W11,,1,Diatom,Ditylum sp.,D-Ditylum sp.,1520
11743,2013,Sep,2,02/09/2013,,16.38326,119.92616,W11,,1,Diatom,Skeletonema,D-Skeletonema,400
11744,2013,Sep,2,02/09/2013,,16.38326,119.92616,W11,,1,Diatom,Thalassiosira spp.,D-Thalassiosira spp.,9520
11745,2013,Sep,2,02/09/2013,,16.38326,119.92616,W11,,1,Silicoflagellate,Tintinopsis,SF-Tintinopsis,160
11746,2013,Sep,2,02/09/2013,,16.37052,119.94857,W10,,1,Dinoflagellate,Alexandrium spp.,DF-Alexandrium spp.,1040
11747,2013,Sep,2,02/09/2013,,16.37052,119.94857,W10,,1,Diatom,Chaetoceros spp.,D-Chaetoceros spp.,80
11748,2013,Sep,2,02/09/2013,,16.37052,119.94857,W10,,1,Diatom,Coscinodiscus spp.,D-Coscinodiscus spp.,480
11749,2013,Sep,2,02/09/2013,,16.37052,119.94857,W10,,1,Dinoflagellate,Gonyaulax,DF-Gonyaulax,160
11750,2013,Sep,2,02/09/2013,,16.37052,119.94857,W10,,1,Dinoflagellate,Oxytoxum spp.,DF-Oxytoxum spp.,400
11751,2013,Sep,2,02/09/2013,,16.37052,119.94857,W10,,1,Silicoflagellate,Favella sp.,SF-Favella sp.,80
11752,2013,Sep,2,02/09/2013,,16.37052,119.94857,W10,,1,Diatom,Pleurosigma sp1,D-Pleurosigma sp. 1,2800
11753,2013,Sep,2,02/09/2013,,16.37052,119.94857,W10,,1,Dinoflagellate,Prorocentrum micans,DF-Prorocentrum micans,720
11754,2013,Sep,2,02/09/2013,,16.37052,119.94857,W10,,1,Dinoflagellate,Peridinium quinquecorne,DF-Peridinium quinquecorne,240
11755,2013,Sep,2,02/09/2013,,16.37052,119.94857,W10,,1,Dinoflagellate,Protoperidinium pallidum,DF-Protoperidinium pallidum,1520
11756,2013,Sep,2,02/09/2013,,16.37052,119.94857,W10,,1,Diatom,Pseudonitzschia spp.,D-Pseudonitzschia spp.,11440
11757,2013,Sep,2,02/09/2013,,16.37052,119.94857,W10,,1,Diatom,Ditylum sp.,D-Ditylum sp.,640
11758,2013,Sep,2,02/09/2013,,16.37052,119.94857,W10,,1,Diatom,Skeletonema,D-Skeletonema,1100
11759,2013,Sep,2,02/09/2013,,16.37052,119.94857,W10,,1,Diatom,Thalassionema spp.,D-Thalassionema spp.,400
11760,2013,Sep,2,02/09/2013,,16.37052,119.94857,W10,,1,Diatom,Thalassiosira spp.,D-Thalassiosira spp.,6000
11761,2013,Sep,2,02/09/2013,,16.34775,119.93452,W9,,1,Dinoflagellate,Alexandrium spp.,DF-Alexandrium spp.,160
11762,2013,Sep,2,02/09/2013,,16.34775,119.93452,W9,,1,Diatom,Coscinodiscus spp.,D-Coscinodiscus spp.,60
11763,2013,Sep,2,02/09/2013,,16.34775,119.93452,W9,,1,Diatom,Navicula  spp.,D-Navicula  spp.,300
11764,2013,Sep,2,02/09/2013,,16.34775,119.93452,W9,,1,Diatom,Pleurosigma sp1,D-Pleurosigma sp. 1,1280
11765,2013,Sep,2,02/09/2013,,16.34775,119.93452,W9,,1,Dinoflagellate,Prorocentrum micans,DF-Prorocentrum micans,480
11766,2013,Sep,2,02/09/2013,,16.34775,119.93452,W9,,1,Dinoflagellate,Protoperidinium pallidum,DF-Protoperidinium pallidum,80
11767,2013,Sep,2,02/09/2013,,16.34775,119.93452,W9,,1,Diatom,Pseudonitzschia spp.,D-Pseudonitzschia spp.,2720
11768,2013,Sep,2,02/09/2013,,16.34775,119.93452,W9,,1,Diatom,Ditylum sp.,D-Ditylum sp.,2400
11769,2013,Sep,2,02/09/2013,,16.34775,119.93452,W9,,1,Diatom,Skeletonema,D-Skeletonema,1520
11770,2013,Sep,2,02/09/2013,,16.34775,119.93452,W9,,1,Diatom,Thalassionema spp.,D-Thalassionema spp.,560
11771,2013,Sep,2,02/09/2013,,16.34775,119.93452,W9,,1,Diatom,Thalassiosira spp.,D-Thalassiosira spp.,6240
11772,2013,Sep,2,02/09/2013,,16.32003,119.93384,W8,,1,Dinoflagellate,Gonyaulax,DF-Gonyaulax,80
11773,2013,Sep,2,02/09/2013,,16.32003,119.93384,W8,,1,Diatom,Navicula  spp.,D-Navicula  spp.,40
11774,2013,Sep,2,02/09/2013,,16.32003,119.93384,W8,,1,Dinoflagellate,Oxytoxum spp.,DF-Oxytoxum spp.,40
11775,2013,Sep,2,02/09/2013,,16.32003,119.93384,W8,,1,Diatom,Pleurosigma sp1,D-Pleurosigma sp. 1,480
11776,2013,Sep,2,02/09/2013,,16.32003,119.93384,W8,,1,Dinoflagellate,Prorocentrum micans,DF-Prorocentrum micans,160
11777,2013,Sep,2,02/09/2013,,16.32003,119.93384,W8,,1,Dinoflagellate,Protoperidinium pallidum,DF-Protoperidinium pallidum,160
11778,2013,Sep,2,02/09/2013,,16.32003,119.93384,W8,,1,Diatom,Pseudonitzschia spp.,D-Pseudonitzschia spp.,400
11779,2013,Sep,2,02/09/2013,,16.32003,119.93384,W8,,1,Diatom,Ditylum sp.,D-Ditylum sp.,2880
11780,2013,Sep,2,02/09/2013,,16.32003,119.93384,W8,,1,Cyanobacteria,Trichodesmium sp.,CYN-Trichodesmium sp.,80
11781,2013,Sep,2,02/09/2013,,16.32003,119.93384,W8,,1,Diatom,Thalassiosira spp.,D-Thalassiosira spp.,4240
11782,2013,Sep,2,02/09/2013,,16.37073,119.93401,W3,,1,Diatom,Coscinodiscus spp.,D-Coscinodiscus spp.,480
11783,2013,Sep,2,02/09/2013,,16.37073,119.93401,W3,,1,Dinoflagellate,Gonyaulax,DF-Gonyaulax,80
11784,2013,Sep,2,02/09/2013,,16.37073,119.93401,W3,,1,Diatom,Navicula  spp.,D-Navicula  spp.,160
11785,2013,Sep,2,02/09/2013,,16.37073,119.93401,W3,,1,Silicoflagellate,Favella sp.,SF-Favella sp.,80
11786,2013,Sep,2,02/09/2013,,16.37073,119.93401,W3,,1,Diatom,Pleurosigma sp1,D-Pleurosigma sp. 1,2480
11787,2013,Sep,2,02/09/2013,,16.37073,119.93401,W3,,1,Dinoflagellate,Prorocentrum micans,DF-Prorocentrum micans,320
11788,2013,Sep,2,02/09/2013,,16.37073,119.93401,W3,,1,Dinoflagellate,Protoperidinium pallidum,DF-Protoperidinium pallidum,80
11789,2013,Sep,2,02/09/2013,,16.37073,119.93401,W3,,1,Dinoflagellate,Peridinium quinquecorne,DF-Peridinium quinquecorne,720
11790,2013,Sep,2,02/09/2013,,16.37073,119.93401,W3,,1,Diatom,Pseudonitzschia spp.,D-Pseudonitzschia spp.,1380
11791,2013,Sep,2,02/09/2013,,16.37073,119.93401,W3,,1,Diatom,Ditylum sp.,D-Ditylum sp.,2300
11792,2013,Sep,2,02/09/2013,,16.37073,119.93401,W3,,1,Diatom,Skeletonema,D-Skeletonema,800
11793,2013,Sep,2,02/09/2013,,16.37073,119.93401,W3,,1,Diatom,Thalassiosira spp.,D-Thalassiosira spp.,3840
11794,2013,Sep,2,02/09/2013,,16.37073,119.93401,W3,,1,Silicoflagellate,Tintinopsis,SF-Tintinopsis,140
11795,2013,Sep,2,02/09/2013,,16.33668,119.94476,W2A,,1,Dinoflagellate,Ceratium furca,DF-Ceratium furca,2480
11796,2013,Sep,2,02/09/2013,,16.33668,119.94476,W2A,,1,Dinoflagellate,Prorocentrum micans,DF-Prorocentrum micans,80
11797,2013,Sep,2,02/09/2013,,16.33668,119.94476,W2A,,1,Diatom,Navicula  spp.,D-Navicula  spp.,400
11798,2013,Sep,2,02/09/2013,,16.33668,119.94476,W2A,,1,Diatom,Pleurosigma sp1,D-Pleurosigma sp. 1,1040
11799,2013,Sep,2,02/09/2013,,16.33668,119.94476,W2A,,1,Dinoflagellate,Prorocentrum micans,DF-Prorocentrum micans,1600
11800,2013,Sep,2,02/09/2013,,16.33668,119.94476,W2A,,1,Dinoflagellate,Prorocentrum 2,DF-Prorocentrum 2,80
11801,2013,Sep,2,02/09/2013,,16.33668,119.94476,W2A,,1,Dinoflagellate,Prorocentrum 1,DF-Prorocentrum 1,80
11802,2013,Sep,2,02/09/2013,,16.33668,119.94476,W2A,,1,Dinoflagellate,Protoperidinium pallidum,DF-Protoperidinium pallidum,80
11803,2013,Sep,2,02/09/2013,,16.33668,119.94476,W2A,,1,Dinoflagellate,Protoperidinium pallidum,DF-Protoperidinium pallidum,80
11804,2013,Sep,2,02/09/2013,,16.33668,119.94476,W2A,,1,Diatom,Ditylum sp.,D-Ditylum sp.,640
11805,2013,Sep,2,02/09/2013,,16.33668,119.94476,W2A,,1,Diatom,Thalassiosira spp.,D-Thalassiosira spp.,2320
11806,2013,Sep,2,02/09/2013,,16.34927,119.94606,W1,,1,Dinoflagellate,Alexandrium spp.,DF-Alexandrium spp.,80
11807,2013,Sep,2,02/09/2013,,16.34927,119.94606,W1,,1,Diatom,Coscinodiscus spp.,D-Coscinodiscus spp.,400
11808,2013,Sep,2,02/09/2013,,16.34927,119.94606,W1,,1,Diatom,Pleurosigma sp1,D-Pleurosigma sp. 1,1840
11809,2013,Sep,2,02/09/2013,,16.34927,119.94606,W1,,1,Dinoflagellate,Prorocentrum micans,DF-Prorocentrum micans,160
11810,2013,Sep,2,02/09/2013,,16.34927,119.94606,W1,,1,Dinoflagellate,Protoperidinium pallidum,DF-Protoperidinium pallidum,60
11811,2013,Sep,2,02/09/2013,,16.34927,119.94606,W1,,1,Dinoflagellate,Peridinium quinquecorne,DF-Peridinium quinquecorne,640
11812,2013,Sep,2,02/09/2013,,16.34927,119.94606,W1,,1,Diatom,Pseudonitzschia spp.,D-Pseudonitzschia spp.,3200
11813,2013,Sep,2,02/09/2013,,16.34927,119.94606,W1,,1,Diatom,Ditylum sp.,D-Ditylum sp.,1440
11814,2013,Sep,2,02/09/2013,,16.34927,119.94606,W1,,1,Cyanobacteria,Trichodesmium sp.,CYN-Trichodesmium sp.,80
11815,2013,Sep,2,02/09/2013,,16.34927,119.94606,W1,,1,Diatom,Thalassionema spp.,D-Thalassionema spp.,400
11816,2013,Sep,2,02/09/2013,,16.34927,119.94606,W1,,1,Diatom,Thalassiosira spp.,D-Thalassiosira spp.,8240
11817,2013,Sep,2,02/09/2013,,16.38339,119.91585,TS2,,1,Diatom,Coscinodiscus spp.,D-Coscinodiscus spp.,220
11818,2013,Sep,2,02/09/2013,,16.38339,119.91585,TS2,,1,Diatom,Pleurosigma sp1,D-Pleurosigma sp. 1,1760
11819,2013,Sep,2,02/09/2013,,16.38339,119.91585,TS2,,1,Diatom,Pleurosigma spp.,D-Pleurosigma spp.,160
11820,2013,Sep,2,02/09/2013,,16.38339,119.91585,TS2,,1,Dinoflagellate,Prorocentrum micans,DF-Prorocentrum micans,1600
11821,2013,Sep,2,02/09/2013,,16.38339,119.91585,TS2,,1,Dinoflagellate,Protoperidinium pallidum,DF-Protoperidinium pallidum,160
11822,2013,Sep,2,02/09/2013,,16.38339,119.91585,TS2,,1,Diatom,Pseudonitzschia spp.,D-Pseudonitzschia spp.,2400
11823,2013,Sep,2,02/09/2013,,16.38339,119.91585,TS2,,1,Diatom,Ditylum sp.,D-Ditylum sp.,4480
11824,2013,Sep,2,02/09/2013,,16.38339,119.91585,TS2,,1,Diatom,Skeletonema,D-Skeletonema,880
11825,2013,Sep,2,02/09/2013,,16.38339,119.91585,TS2,,1,Diatom,Thalassionema spp.,D-Thalassionema spp.,240
11826,2013,Sep,2,02/09/2013,,16.38339,119.91585,TS2,,1,Diatom,Thalassiosira spp.,D-Thalassiosira spp.,3680
11827,2013,Sep,2,02/09/2013,,16.30944,119.92063,TS1,,1,Diatom,Chaetoceros spp.,D-Chaetoceros spp.,100
11828,2013,Sep,2,02/09/2013,,16.30944,119.92063,TS1,,1,Diatom,Coscinodiscus spp.,D-Coscinodiscus spp.,160
11829,2013,Sep,2,02/09/2013,,16.30944,119.92063,TS1,,1,Dinoflagellate,Gonyaulax,DF-Gonyaulax,180
11830,2013,Sep,2,02/09/2013,,16.30944,119.92063,TS1,,1,Dinoflagellate,Gyrodinium,DF-Gyrodinium,80
11831,2013,Sep,2,02/09/2013,,16.30944,119.92063,TS1,,1,Diatom,Navicula  spp.,D-Navicula  spp.,440
11832,2013,Sep,2,02/09/2013,,16.30944,119.92063,TS1,,1,Dinoflagellate,Oxytoxum spp.,DF-Oxytoxum spp.,460
11833,2013,Sep,2,02/09/2013,,16.30944,119.92063,TS1,,1,Diatom,Pleurosigma sp1,D-Pleurosigma sp. 1,400
11834,2013,Sep,2,02/09/2013,,16.30944,119.92063,TS1,,1,Dinoflagellate,Prorocentrum micans,DF-Prorocentrum micans,1040
11835,2013,Sep,2,02/09/2013,,16.30944,119.92063,TS1,,1,Dinoflagellate,Protoperidinium pallidum,DF-Protoperidinium pallidum,300
11836,2013,Sep,2,02/09/2013,,16.30944,119.92063,TS1,,1,Diatom,Pseudonitzschia spp.,D-Pseudonitzschia spp.,480
11837,2013,Sep,2,02/09/2013,,16.30944,119.92063,TS1,,1,Diatom,Ditylum sp.,D-Ditylum sp.,1440
11838,2013,Sep,2,02/09/2013,,16.30944,119.92063,TS1,,1,Diatom,Thalassiosira spp.,D-Thalassiosira spp.,4160
11839,2013,Sep,2,02/09/2013,,16.30944,119.92063,TS1,,1,Silicoflagellate,Tintinopsis,SF-Tintinopsis,80
11840,2013,Sep,2,02/09/2013,,16.39578,119.90667,RVA3,,1,Diatom,Coscinodiscus spp.,D-Coscinodiscus spp.,940
11841,2013,Sep,2,02/09/2013,,16.39578,119.90667,RVA3,,1,Diatom,Pleurosigma sp1,D-Pleurosigma sp. 1,4880
11842,2013,Sep,2,02/09/2013,,16.39578,119.90667,RVA3,,1,Dinoflagellate,Peridinium quinquecorne,DF-Peridinium quinquecorne,40
11843,2013,Sep,2,02/09/2013,,16.39578,119.90667,RVA3,,1,Dinoflagellate,Protoperidinium pallidum,DF-Protoperidinium pallidum,240
11844,2013,Sep,2,02/09/2013,,16.39578,119.90667,RVA3,,1,Diatom,Pseudonitzschia spp.,D-Pseudonitzschia spp.,400
11845,2013,Sep,2,02/09/2013,,16.39578,119.90667,RVA3,,1,Diatom,Ditylum sp.,D-Ditylum sp.,4240
11846,2013,Sep,2,02/09/2013,,16.39578,119.90667,RVA3,,1,Diatom,Skeletonema,D-Skeletonema,880
11847,2013,Sep,2,02/09/2013,,16.39578,119.90667,RVA3,,1,Diatom,Thalassiosira spp.,D-Thalassiosira spp.,13480
11848,2013,Sep,2,02/09/2013,,16.27365,119.92599,A5,,1,Dinoflagellate,Alexandrium spp.,DF-Alexandrium spp.,80
11849,2013,Sep,2,02/09/2013,,16.27365,119.92599,A5,,1,Dinoflagellate,Prorocentrum micans,DF-Prorocentrum micans,640
11850,2013,Sep,2,02/09/2013,,16.27365,119.92599,A5,,1,Dinoflagellate,Oxytoxum spp.,DF-Oxytoxum spp.,80
11851,2013,Sep,2,02/09/2013,,16.27365,119.92599,A5,,1,Dinoflagellate,Peridinium quinquecorne,DF-Peridinium quinquecorne,80
11852,2013,Sep,2,02/09/2013,,16.27365,119.92599,A5,,1,Dinoflagellate,Protoperidinium pallidum,DF-Protoperidinium pallidum,160
11853,2013,Sep,2,02/09/2013,,16.27365,119.92599,A5,,1,Diatom,Ditylum sp.,D-Ditylum sp.,1200
11854,2013,Sep,2,02/09/2013,,16.27365,119.92599,A5,,1,Silicoflagellate,Tintinopsis,SF-Tintinopsis,6960
11855,2013,Sep,2,02/09/2013,,16.27365,119.92599,A5,,1,Raphidophyte,Chattonnella subsalsa,RD-Chattonnella subsalsa,80
11856,2013,Sep,2,02/09/2013,,16.27365,119.92599,A5,,1,Diatom,Thalassionema spp.,D-Thalassionema spp.,160
11857,2013,Sep,2,02/09/2013,,16.27365,119.92599,A5,,1,Diatom,Thalassiosira spp.,D-Thalassiosira spp.,2640
11858,2013,Sep,2,02/09/2013,,16.27365,119.92599,A5,,1,Silicoflagellate,Tintinopsis,SF-Tintinopsis,480
11859,2013,Sep,2,02/09/2013,,16.28459,119.92285,A4,,1,Dinoflagellate,Oxytoxum spp.,DF-Oxytoxum spp.,3100
11860,2013,Sep,2,02/09/2013,,16.28459,119.92285,A4,,1,Diatom,Pleurosigma sp1,D-Pleurosigma sp. 1,80
11861,2013,Sep,2,02/09/2013,,16.28459,119.92285,A4,,1,Dinoflagellate,Prorocentrum micans,DF-Prorocentrum micans,80
11862,2013,Sep,2,02/09/2013,,16.28459,119.92285,A4,,1,Dinoflagellate,Protoperidinium pallidum,DF-Protoperidinium pallidum,240
11863,2013,Sep,2,02/09/2013,,16.28459,119.92285,A4,,1,Diatom,Ditylum sp.,D-Ditylum sp.,1040
11864,2013,Sep,2,02/09/2013,,16.28459,119.92285,A4,,1,Silicoflagellate,Tintinopsis,SF-Tintinopsis,2200
11865,2013,Sep,2,02/09/2013,,16.28459,119.92285,A4,,1,Diatom,Skeletonema,D-Skeletonema,320
11866,2013,Sep,2,02/09/2013,,16.28459,119.92285,A4,,1,Diatom,Thalassiosira spp.,D-Thalassiosira spp.,1520
11867,2013,Sep,2,02/09/2013,,16.33431,119.95731,A3,,1,Dinoflagellate,Ceratium furca,DF-Ceratium furca,1100
11868,2013,Sep,2,02/09/2013,,16.33431,119.95731,A3,,1,Diatom,Chaetoceros spp.,D-Chaetoceros spp.,80
11869,2013,Sep,2,02/09/2013,,16.33431,119.95731,A3,,1,Diatom,Coscinodiscus spp.,D-Coscinodiscus spp.,320
11870,2013,Sep,2,02/09/2013,,16.33431,119.95731,A3,,1,Dinoflagellate,Gonyaulax,DF-Gonyaulax,480
11871,2013,Sep,2,02/09/2013,,16.33431,119.95731,A3,,1,Diatom,Navicula  spp.,D-Navicula  spp.,400
11872,2013,Sep,2,02/09/2013,,16.33431,119.95731,A3,,1,Dinoflagellate,Oxytoxum spp.,DF-Oxytoxum spp.,80
11873,2013,Sep,2,02/09/2013,,16.33431,119.95731,A3,,1,Diatom,Pleurosigma sp1,D-Pleurosigma sp. 1,1280
11874,2013,Sep,2,02/09/2013,,16.33431,119.95731,A3,,1,Dinoflagellate,Prorocentrum micans,DF-Prorocentrum micans,1520
11875,2013,Sep,2,02/09/2013,,16.33431,119.95731,A3,,1,Dinoflagellate,Protoperidinium pallidum,DF-Protoperidinium pallidum,240
11876,2013,Sep,2,02/09/2013,,16.33431,119.95731,A3,,1,Dinoflagellate,Protoperidinium pallidum,DF-Protoperidinium pallidum,80
11877,2013,Sep,2,02/09/2013,,16.33431,119.95731,A3,,1,Diatom,Pseudonitzschia spp.,D-Pseudonitzschia spp.,2480
11878,2013,Sep,2,02/09/2013,,16.33431,119.95731,A3,,1,Diatom,Ditylum sp.,D-Ditylum sp.,1040
11879,2013,Sep,2,02/09/2013,,16.33431,119.95731,A3,,1,Raphidophyte,Chattonnella subsalsa,RD-Chattonnella subsalsa,160
11880,2013,Sep,2,02/09/2013,,16.33431,119.95731,A3,,1,Diatom,Thalassionema spp.,D-Thalassionema spp.,1120
11881,2013,Sep,2,02/09/2013,,16.33431,119.95731,A3,,1,Diatom,Thalassiosira spp.,D-Thalassiosira spp.,2000
11882,2013,Sep,2,02/09/2013,,16.34775,119.93452,A2,,1,Dinoflagellate,Alexandrium spp.,DF-Alexandrium spp.,160
11883,2013,Sep,2,02/09/2013,,16.34775,119.93452,A2,,1,Diatom,Bacteriastrum spp.,D-Bacteriastrum spp.,800
11884,2013,Sep,2,02/09/2013,,16.34775,119.93452,A2,,1,Diatom,Chaetoceros spp.,D-Chaetoceros spp.,960
11885,2013,Sep,2,02/09/2013,,16.34775,119.93452,A2,,1,Diatom,Coscinodiscus spp.,D-Coscinodiscus spp.,240
11886,2013,Sep,2,02/09/2013,,16.34775,119.93452,A2,,1,Dinoflagellate,Gonyaulax,DF-Gonyaulax,80
11887,2013,Sep,2,02/09/2013,,16.34775,119.93452,A2,,1,Diatom,Navicula  spp.,D-Navicula  spp.,80
11888,2013,Sep,2,02/09/2013,,16.34775,119.93452,A2,,1,Dinoflagellate,Oxytoxum spp.,DF-Oxytoxum spp.,160
11889,2013,Sep,2,02/09/2013,,16.34775,119.93452,A2,,1,Diatom,Pleurosigma sp1,D-Pleurosigma sp. 1,3040
11890,2013,Sep,2,02/09/2013,,16.34775,119.93452,A2,,1,Diatom,Pleurosigma spp.,D-Pleurosigma spp.,80
11891,2013,Sep,2,02/09/2013,,16.34775,119.93452,A2,,1,Dinoflagellate,Prorocentrum micans,DF-Prorocentrum micans,80
11892,2013,Sep,2,02/09/2013,,16.34775,119.93452,A2,,1,Dinoflagellate,Peridinium quinquecorne,DF-Peridinium quinquecorne,80
11893,2013,Sep,2,02/09/2013,,16.34775,119.93452,A2,,1,Dinoflagellate,Protoperidinium pellucidum,DF-Protoperidinium pellucidum,240
11894,2013,Sep,2,02/09/2013,,16.34775,119.93452,A2,,1,Dinoflagellate,Protoperidinium conicum,DF-Protoperidinium conicum,80
11895,2013,Sep,2,02/09/2013,,16.34775,119.93452,A2,,1,Dinoflagellate,Protoperidinium conicum,DF-Protoperidinium conicum,80
11896,2013,Sep,2,02/09/2013,,16.34775,119.93452,A2,,1,Diatom,Pseudonitzschia spp.,D-Pseudonitzschia spp.,720
11897,2013,Sep,2,02/09/2013,,16.34775,119.93452,A2,,1,Diatom,Ditylum sp.,D-Ditylum sp.,2240
11898,2013,Sep,2,02/09/2013,,16.34775,119.93452,A2,,1,Diatom,Streptotheca,D-Streptotheca,80
11899,2013,Sep,2,02/09/2013,,16.34775,119.93452,A2,,1,Diatom,Thalassionema spp.,D-Thalassionema spp.,1760
11900,2013,Sep,2,02/09/2013,,16.34775,119.93452,A2,,1,Diatom,Thalassiosira spp.,D-Thalassiosira spp.,1840
11901,2013,Sep,2,02/09/2013,,16.34775,119.93452,A2,,1,Silicoflagellate,Tintinopsis,SF-Tintinopsis,80
11902,2013,Sep,2,02/09/2013,,16.34775,119.93375,A1,,1,Dinoflagellate,Alexandrium spp.,DF-Alexandrium spp.,80
11903,2013,Sep,2,02/09/2013,,16.34775,119.93375,A1,,1,Diatom,Chaetoceros spp.,D-Chaetoceros spp.,720
11904,2013,Sep,2,02/09/2013,,16.34775,119.93375,A1,,1,Diatom,Coscinodiscus spp.,D-Coscinodiscus spp.,80
11905,2013,Sep,2,02/09/2013,,16.34775,119.93375,A1,,1,Dinoflagellate,Gonyaulax,DF-Gonyaulax,80
11906,2013,Sep,2,02/09/2013,,16.34775,119.93375,A1,,1,Diatom,Navicula  spp.,D-Navicula  spp.,240
11907,2013,Sep,2,02/09/2013,,16.34775,119.93375,A1,,1,Diatom,Pleurosigma sp1,D-Pleurosigma sp. 1,1680
11908,2013,Sep,2,02/09/2013,,16.34775,119.93375,A1,,1,Dinoflagellate,Prorocentrum micans,DF-Prorocentrum micans,640
11909,2013,Sep,2,02/09/2013,,16.34775,119.93375,A1,,1,Dinoflagellate,Protoperidinium pellucidum,DF-Protoperidinium pellucidum,240
11910,2013,Sep,2,02/09/2013,,16.34775,119.93375,A1,,1,Dinoflagellate,Protoperidinium conicum,DF-Protoperidinium conicum,80
11911,2013,Sep,2,02/09/2013,,16.34775,119.93375,A1,,1,Diatom,Pseudonitzschia spp.,D-Pseudonitzschia spp.,2160
11912,2013,Sep,2,02/09/2013,,16.34775,119.93375,A1,,1,Diatom,Ditylum sp.,D-Ditylum sp.,1760
11913,2013,Sep,2,02/09/2013,,16.34775,119.93375,A1,,1,Diatom,Skeletonema,D-Skeletonema,400
11914,2013,Sep,2,02/09/2013,,16.34775,119.93375,A1,,1,Diatom,Thalassionema spp.,D-Thalassionema spp.,480
11915,2013,Sep,2,02/09/2013,,16.34775,119.93375,A1,,1,Diatom,Thalassiosira spp.,D-Thalassiosira spp.,5840
11916,2013,Sep,2,02/09/2013,,16.34775,119.93375,A1,,1,Silicoflagellate,Tintinopsis,SF-Tintinopsis,80
11917,2013,Sep,10,10/09/2013,,16.34775,119.93375,A1,,1,Diatom,Navicula  spp.,D-Navicula  spp.,20
11918,2013,Sep,10,10/09/2013,,16.34775,119.93375,A1,,1,Dinoflagellate,Oxytoxum spp.,DF-Oxytoxum spp.,20
11919,2013,Sep,10,10/09/2013,,16.34775,119.93375,A1,,1,Dinoflagellate,Protoperidinium conicum,DF-Protoperidinium conicum,20
11920,2013,Sep,10,10/09/2013,,16.34775,119.93375,A1,,1,Diatom,Thalassiosira spp.,D-Thalassiosira spp.,20
11921,2013,Sep,10,10/09/2013,,16.34775,119.93375,A1,,1,Diatom,Coscinodiscus spp.,D-Coscinodiscus spp.,40
11922,2013,Sep,10,10/09/2013,,16.34775,119.93375,A1,,1,Diatom,Pleurosigma spp.,D-Pleurosigma spp.,40
11923,2013,Sep,10,10/09/2013,,16.34775,119.93375,A1,,1,Dinoflagellate,Scrippsiella spinifera,DF-Scrippsiella spinifera,40
11924,2013,Sep,10,10/09/2013,,16.34775,119.93375,A1,,1,Cyanobacteria,Trichodesmium sp.,CYN-Trichodesmium sp.,40
11925,2013,Sep,10,10/09/2013,,16.34775,119.93375,A1,,1,Dinoflagellate,Peridinium quinquecorne,DF-Peridinium quinquecorne,60
11926,2013,Sep,10,10/09/2013,,16.34775,119.93375,A1,,1,Diatom,Ditylum sp.,D-Ditylum sp.,120
11927,2013,Sep,10,10/09/2013,,16.34775,119.93375,A1,,1,Dinoflagellate,Gyrodinium,DF-Gyrodinium,140
11928,2013,Sep,10,10/09/2013,,16.34775,119.93375,A1,,1,Diatom,Pleurosigma sp1,D-Pleurosigma sp. 1,220
11929,2013,Sep,10,10/09/2013,,16.34775,119.93375,A1,,1,Dinoflagellate,Gonyaulax,DF-Gonyaulax,280
11930,2013,Sep,10,10/09/2013,,16.34775,119.93375,A1,,1,Dinoflagellate,Alexandrium spp.,DF-Alexandrium spp.,360
11931,2013,Sep,10,10/09/2013,,16.34775,119.93375,A1,,1,Diatom,Pleurosigma spp.,D-Pleurosigma spp.,380
11932,2013,Sep,10,10/09/2013,,16.34775,119.93375,A1,,1,Dinoflagellate,Prorocentrum micans,DF-Prorocentrum micans,440
11933,2013,Sep,10,10/09/2013,,16.34775,119.93375,A1,,1,Raphidophyte,Chattonnella subsalsa,RD-Chattonnella subsalsa,13460
11934,2013,Sep,10,10/09/2013,,16.34775,119.93452,A2,,1,Dinoflagellate,Protoperidinium pallidum,DF-Protoperidinium pallidum,20
11935,2013,Sep,10,10/09/2013,,16.34775,119.93452,A2,,1,Silicoflagellate,Tintinopsis,SF-Tintinopsis,20
11936,2013,Sep,10,10/09/2013,,16.34775,119.93452,A2,,1,Diatom,Navicula  spp.,D-Navicula  spp.,40
11937,2013,Sep,10,10/09/2013,,16.34775,119.93452,A2,,1,Diatom,Pseudonitzschia spp.,D-Pseudonitzschia spp.,40
11938,2013,Sep,10,10/09/2013,,16.34775,119.93452,A2,,1,Raphidophyte,Chattonnella subsalsa,RD-Chattonnella subsalsa,220
11939,2013,Sep,10,10/09/2013,,16.34775,119.93452,A2,,1,Diatom,Pleurosigma sp1,D-Pleurosigma sp. 1,280
11940,2013,Sep,10,10/09/2013,,16.34775,119.93452,A2,,1,Dinoflagellate,Prorocentrum micans,DF-Prorocentrum micans,320
11941,2013,Sep,10,10/09/2013,,16.34775,119.93452,A2,,1,Diatom,Skeletonema,D-Skeletonema,380
11942,2013,Sep,10,10/09/2013,,16.34775,119.93452,A2,,1,Diatom,Ditylum sp.,D-Ditylum sp.,520
11943,2013,Sep,10,10/09/2013,,16.34775,119.93452,A2,,1,Dinoflagellate,Gyrodinium,DF-Gyrodinium,600
11944,2013,Sep,10,10/09/2013,,16.34775,119.93452,A2,,1,Dinoflagellate,Protoperidinium pallidum,DF-Protoperidinium pallidum,640
11945,2013,Sep,10,10/09/2013,,16.34775,119.93452,A2,,1,Dinoflagellate,Gonyaulax,DF-Gonyaulax,660
11946,2013,Sep,10,10/09/2013,,16.34775,119.93452,A2,,1,Diatom,Thalassiosira spp.,D-Thalassiosira spp.,720
11947,2013,Sep,10,10/09/2013,,16.34775,119.93452,A2,,1,Dinoflagellate,Alexandrium spp.,DF-Alexandrium spp.,1020
11948,2013,Sep,10,10/09/2013,,16.33431,119.95731,A3,,1,Dinoflagellate,Alexandrium spp.,DF-Alexandrium spp.,20
11949,2013,Sep,10,10/09/2013,,16.33431,119.95731,A3,,1,Diatom,Coscinodiscus spp.,D-Coscinodiscus spp.,20
11950,2013,Sep,10,10/09/2013,,16.33431,119.95731,A3,,1,Dinoflagellate,Protoperidinium pellucidum,DF-Protoperidinium pellucidum,40
11951,2013,Sep,10,10/09/2013,,16.33431,119.95731,A3,,1,Diatom,Pseudonitzschia spp.,D-Pseudonitzschia spp.,60
11952,2013,Sep,10,10/09/2013,,16.33431,119.95731,A3,,1,Diatom,Navicula  spp.,D-Navicula  spp.,60
11953,2013,Sep,10,10/09/2013,,16.33431,119.95731,A3,,1,Diatom,Pleurosigma spp.,D-Pleurosigma spp.,60
11954,2013,Sep,10,10/09/2013,,16.33431,119.95731,A3,,1,Dinoflagellate,Protoperidinium conicum,DF-Protoperidinium conicum,120
11955,2013,Sep,10,10/09/2013,,16.33431,119.95731,A3,,1,Diatom,Ditylum sp.,D-Ditylum sp.,240
11956,2013,Sep,10,10/09/2013,,16.33431,119.95731,A3,,1,Diatom,Pleurosigma sp1,D-Pleurosigma sp. 1,320
11957,2013,Sep,10,10/09/2013,,16.33431,119.95731,A3,,1,Dinoflagellate,Gyrodinium,DF-Gyrodinium,400
11958,2013,Sep,10,10/09/2013,,16.33431,119.95731,A3,,1,Dinoflagellate,Gonyaulax,DF-Gonyaulax,440
11959,2013,Sep,10,10/09/2013,,16.33431,119.95731,A3,,1,Dinoflagellate,Prorocentrum micans,DF-Prorocentrum micans,500
11960,2013,Sep,10,10/09/2013,,16.33431,119.95731,A3,,1,Diatom,Thalassiosira spp.,D-Thalassiosira spp.,1140
11961,2013,Sep,10,10/09/2013,,16.28459,119.92285,A4,,1,Diatom,Navicula  spp.,D-Navicula  spp.,20
11962,2013,Sep,10,10/09/2013,,16.28459,119.92285,A4,,1,Dinoflagellate,Prorocentrum micans,DF-Prorocentrum micans,20
11963,2013,Sep,10,10/09/2013,,16.28459,119.92285,A4,,1,Diatom,Pleurosigma sp1,D-Pleurosigma sp. 1,40
11964,2013,Sep,10,10/09/2013,,16.28459,119.92285,A4,,1,Diatom,Pleurosigma spp.,D-Pleurosigma spp.,40
11965,2013,Sep,10,10/09/2013,,16.28459,119.92285,A4,,1,Dinoflagellate,Protoperidinium pallidum,DF-Protoperidinium pallidum,40
11966,2013,Sep,10,10/09/2013,,16.28459,119.92285,A4,,1,Dinoflagellate,Gonyaulax,DF-Gonyaulax,60
11967,2013,Sep,10,10/09/2013,,16.28459,119.92285,A4,,1,Silicoflagellate,Tintinopsis,SF-Tintinopsis,80
11968,2013,Sep,10,10/09/2013,,16.28459,119.92285,A4,,1,Diatom,Pseudonitzschia spp.,D-Pseudonitzschia spp.,240
11969,2013,Sep,10,10/09/2013,,16.28459,119.92285,A4,,1,Diatom,Ditylum sp.,D-Ditylum sp.,280
11970,2013,Sep,10,10/09/2013,,16.28459,119.92285,A4,,1,Diatom,Thalassiosira spp.,D-Thalassiosira spp.,700
11971,2013,Sep,10,10/09/2013,,16.28459,119.92285,A4,,1,Diatom,Skeletonema,D-Skeletonema,1140
11972,2013,Sep,10,10/09/2013,,16.27365,119.92599,A5,,1,Dinoflagellate,Prorocentrum micans,DF-Prorocentrum micans,20
11973,2013,Sep,10,10/09/2013,,16.27365,119.92599,A5,,1,Dinoflagellate,Protoperidinium pallidum,DF-Protoperidinium pallidum,20
11974,2013,Sep,10,10/09/2013,,16.27365,119.92599,A5,,1,Diatom,Pseudonitzschia spp.,D-Pseudonitzschia spp.,20
11975,2013,Sep,10,10/09/2013,,16.27365,119.92599,A5,,1,Silicoflagellate,Tintinopsis,SF-Tintinopsis,20
11976,2013,Sep,10,10/09/2013,,16.27365,119.92599,A5,,1,Silicoflagellate,Tintinopsis,SF-Tintinopsis,60
11977,2013,Sep,10,10/09/2013,,16.27365,119.92599,A5,,1,Diatom,Thalassiosira spp.,D-Thalassiosira spp.,100
11978,2013,Sep,10,10/09/2013,,16.27365,119.92599,A5,,1,Dinoflagellate,Gonyaulax,DF-Gonyaulax,480
11979,2013,Sep,10,10/09/2013,,16.39578,119.90667,RVA3,,1,Dinoflagellate,Gonyaulax,DF-Gonyaulax,20
11980,2013,Sep,10,10/09/2013,,16.39578,119.90667,RVA3,,1,Diatom,Pleurosigma spp.,D-Pleurosigma spp.,20
11981,2013,Sep,10,10/09/2013,,16.39578,119.90667,RVA3,,1,Dinoflagellate,Protoperidinium pallidum,DF-Protoperidinium pallidum,60
11982,2013,Sep,10,10/09/2013,,16.39578,119.90667,RVA3,,1,Diatom,Ditylum sp.,D-Ditylum sp.,100
11983,2013,Sep,10,10/09/2013,,16.39578,119.90667,RVA3,,1,Dinoflagellate,Alexandrium spp.,DF-Alexandrium spp.,140
11984,2013,Sep,10,10/09/2013,,16.39578,119.90667,RVA3,,1,Diatom,Skeletonema,D-Skeletonema,140
11985,2013,Sep,10,10/09/2013,,16.39578,119.90667,RVA3,,1,Dinoflagellate,Prorocentrum micans,DF-Prorocentrum micans,180
11986,2013,Sep,10,10/09/2013,,16.39578,119.90667,RVA3,,1,Diatom,Thalassiosira spp.,D-Thalassiosira spp.,220
11987,2013,Sep,10,10/09/2013,,16.39578,119.90667,RVA3,,1,Raphidophyte,Chattonnella subsalsa,RD-Chattonnella subsalsa,800
11988,2013,Sep,10,10/09/2013,,16.39578,119.90667,RVA3,,1,Diatom,Pleurosigma sp1,D-Pleurosigma sp. 1,820
11989,2013,Sep,10,10/09/2013,,16.30944,119.92063,TS1,,1,Diatom,Navicula  spp.,D-Navicula  spp.,20
11990,2013,Sep,10,10/09/2013,,16.30944,119.92063,TS1,,1,Dinoflagellate,Protoperidinium pallidum,DF-Protoperidinium pallidum,20
11991,2013,Sep,10,10/09/2013,,16.30944,119.92063,TS1,,1,Dinoflagellate,Oxytoxum spp.,DF-Oxytoxum spp.,40
11992,2013,Sep,10,10/09/2013,,16.30944,119.92063,TS1,,1,Diatom,Pleurosigma sp1,D-Pleurosigma sp. 1,40
11993,2013,Sep,10,10/09/2013,,16.30944,119.92063,TS1,,1,Diatom,Ditylum sp.,D-Ditylum sp.,40
11994,2013,Sep,10,10/09/2013,,16.30944,119.92063,TS1,,1,Diatom,Thalassiosira spp.,D-Thalassiosira spp.,40
11995,2013,Sep,10,10/09/2013,,16.30944,119.92063,TS1,,1,Dinoflagellate,Gonyaulax,DF-Gonyaulax,100
11996,2013,Sep,10,10/09/2013,,16.38339,119.91585,TS2,,1,Dinoflagellate,Ceratium furca,DF-Ceratium furca,20
11997,2013,Sep,10,10/09/2013,,16.38339,119.91585,TS2,,1,Diatom,Navicula  spp.,D-Navicula  spp.,20
11998,2013,Sep,10,10/09/2013,,16.38339,119.91585,TS2,,1,Dinoflagellate,Gyrodinium,DF-Gyrodinium,40
11999,2013,Sep,10,10/09/2013,,16.38339,119.91585,TS2,,1,Dinoflagellate,Protoperidinium pallidum,DF-Protoperidinium pallidum,40
12000,2013,Sep,10,10/09/2013,,16.38339,119.91585,TS2,,1,Dinoflagellate,Gonyaulax,DF-Gonyaulax,60
12001,2013,Sep,10,10/09/2013,,16.38339,119.91585,TS2,,1,Diatom,Ditylum sp.,D-Ditylum sp.,120
12002,2013,Sep,10,10/09/2013,,16.38339,119.91585,TS2,,1,Dinoflagellate,Alexandrium spp.,DF-Alexandrium spp.,160
12003,2013,Sep,10,10/09/2013,,16.38339,119.91585,TS2,,1,Diatom,Skeletonema,D-Skeletonema,280
12004,2013,Sep,10,10/09/2013,,16.38339,119.91585,TS2,,1,Diatom,Thalassiosira spp.,D-Thalassiosira spp.,300
12005,2013,Sep,10,10/09/2013,,16.38339,119.91585,TS2,,1,Raphidophyte,Chattonnella subsalsa,RD-Chattonnella subsalsa,540
12006,2013,Sep,10,10/09/2013,,16.38339,119.91585,TS2,,1,Dinoflagellate,Prorocentrum micans,DF-Prorocentrum micans,600
12007,2013,Sep,10,10/09/2013,,16.38339,119.91585,TS2,,1,Diatom,Pleurosigma sp1,D-Pleurosigma sp. 1,960
12008,2013,Sep,10,10/09/2013,,16.34927,119.94606,W1,,1,Dinoflagellate,Ceratium furca,DF-Ceratium furca,20
12009,2013,Sep,10,10/09/2013,,16.34927,119.94606,W1,,1,Diatom,Pleurosigma spp.,D-Pleurosigma spp.,20
12010,2013,Sep,10,10/09/2013,,16.34927,119.94606,W1,,1,Diatom,Pleurosigma spp.,D-Pleurosigma spp.,20
12011,2013,Sep,10,10/09/2013,,16.34927,119.94606,W1,,1,Dinoflagellate,Protoperidinium pellucidum,DF-Protoperidinium pellucidum,20
12012,2013,Sep,10,10/09/2013,,16.34927,119.94606,W1,,1,Dinoflagellate,Protoperidinium conicum,DF-Protoperidinium conicum,20
12013,2013,Sep,10,10/09/2013,,16.34927,119.94606,W1,,1,Silicoflagellate,Tintinopsis,SF-Tintinopsis,20
12014,2013,Sep,10,10/09/2013,,16.34927,119.94606,W1,,1,Diatom,Pseudonitzschia spp.,D-Pseudonitzschia spp.,40
12015,2013,Sep,10,10/09/2013,,16.34927,119.94606,W1,,1,Diatom,Navicula  spp.,D-Navicula  spp.,60
12016,2013,Sep,10,10/09/2013,,16.34927,119.94606,W1,,1,Dinoflagellate,Oxytoxum spp.,DF-Oxytoxum spp.,80
12017,2013,Sep,10,10/09/2013,,16.34927,119.94606,W1,,1,Diatom,Ditylum sp.,D-Ditylum sp.,80
12018,2013,Sep,10,10/09/2013,,16.34927,119.94606,W1,,1,Diatom,Thalassiosira spp.,D-Thalassiosira spp.,80
12019,2013,Sep,10,10/09/2013,,16.34927,119.94606,W1,,1,Diatom,Skeletonema,D-Skeletonema,120
12020,2013,Sep,10,10/09/2013,,16.34927,119.94606,W1,,1,Dinoflagellate,Prorocentrum micans,DF-Prorocentrum micans,200
12021,2013,Sep,10,10/09/2013,,16.34927,119.94606,W1,,1,Dinoflagellate,Gonyaulax,DF-Gonyaulax,220
12022,2013,Sep,10,10/09/2013,,16.34927,119.94606,W1,,1,Diatom,Pleurosigma sp1,D-Pleurosigma sp. 1,340
12023,2013,Sep,10,10/09/2013,,16.34927,119.94606,W1,,1,Dinoflagellate,Alexandrium spp.,DF-Alexandrium spp.,1160
12024,2013,Sep,10,10/09/2013,,16.34927,119.94606,W1,,1,Raphidophyte,Chattonnella subsalsa,RD-Chattonnella subsalsa,2920
12025,2013,Sep,10,10/09/2013,,16.33668,119.94476,W2A,,1,Dinoflagellate,Alexandrium spp.,DF-Alexandrium spp.,20
12026,2013,Sep,10,10/09/2013,,16.33668,119.94476,W2A,,1,Dinoflagellate,Protoperidinium pallidum,DF-Protoperidinium pallidum,20
12027,2013,Sep,10,10/09/2013,,16.33668,119.94476,W2A,,1,Dinoflagellate,Scrippsiella spinifera,DF-Scrippsiella spinifera,20
12028,2013,Sep,10,10/09/2013,,16.33668,119.94476,W2A,,1,Dinoflagellate,Gonyaulax,DF-Gonyaulax,160
12029,2013,Sep,10,10/09/2013,,16.33668,119.94476,W2A,,1,Diatom,Ditylum sp.,D-Ditylum sp.,160
12030,2013,Sep,10,10/09/2013,,16.33668,119.94476,W2A,,1,Diatom,Navicula  spp.,D-Navicula  spp.,240
12031,2013,Sep,10,10/09/2013,,16.33668,119.94476,W2A,,1,Diatom,Skeletonema,D-Skeletonema,300
12032,2013,Sep,10,10/09/2013,,16.33668,119.94476,W2A,,1,Diatom,Thalassiosira spp.,D-Thalassiosira spp.,340
12033,2013,Sep,10,10/09/2013,,16.33668,119.94476,W2A,,1,Dinoflagellate,Prorocentrum micans,DF-Prorocentrum micans,360
12034,2013,Sep,10,10/09/2013,,16.33668,119.94476,W2A,,1,Raphidophyte,Chattonnella subsalsa,RD-Chattonnella subsalsa,560
12035,2013,Sep,10,10/09/2013,,16.33668,119.94476,W2A,,1,Diatom,Pleurosigma sp1,D-Pleurosigma sp. 1,920
12036,2013,Sep,10,10/09/2013,,16.37073,119.93401,W3,,1,Dinoflagellate,Gyrodinium,DF-Gyrodinium,20
12037,2013,Sep,10,10/09/2013,,16.37073,119.93401,W3,,1,Silicoflagellate,Favella sp.,SF-Favella sp.,20
12038,2013,Sep,10,10/09/2013,,16.37073,119.93401,W3,,1,Dinoflagellate,Protoperidinium pellucidum,DF-Protoperidinium pellucidum,20
12039,2013,Sep,10,10/09/2013,,16.37073,119.93401,W3,,1,Silicoflagellate,Tintinopsis,SF-Tintinopsis,20
12040,2013,Sep,10,10/09/2013,,16.37073,119.93401,W3,,1,Dinoflagellate,Protoperidinium conicum,DF-Protoperidinium conicum,60
12041,2013,Sep,10,10/09/2013,,16.37073,119.93401,W3,,1,Dinoflagellate,Gonyaulax,DF-Gonyaulax,100
12042,2013,Sep,10,10/09/2013,,16.37073,119.93401,W3,,1,Diatom,Ditylum sp.,D-Ditylum sp.,120
12043,2013,Sep,10,10/09/2013,,16.37073,119.93401,W3,,1,Diatom,Thalassiosira spp.,D-Thalassiosira spp.,120
12044,2013,Sep,10,10/09/2013,,16.37073,119.93401,W3,,1,Diatom,Pleurosigma sp1,D-Pleurosigma sp. 1,260
12045,2013,Sep,10,10/09/2013,,16.37073,119.93401,W3,,1,Dinoflagellate,Prorocentrum micans,DF-Prorocentrum micans,280
12046,2013,Sep,10,10/09/2013,,16.37073,119.93401,W3,,1,Diatom,Skeletonema,D-Skeletonema,400
12047,2013,Sep,10,10/09/2013,,16.37073,119.93401,W3,,1,Dinoflagellate,Alexandrium spp.,DF-Alexandrium spp.,440
12048,2013,Sep,10,10/09/2013,,16.37073,119.93401,W3,,1,Raphidophyte,Chattonnella subsalsa,RD-Chattonnella subsalsa,940
12049,2013,Sep,10,10/09/2013,,16.32003,119.93384,W8,,1,Diatom,Pseudonitzschia spp.,D-Pseudonitzschia spp.,20
12050,2013,Sep,10,10/09/2013,,16.32003,119.93384,W8,,1,Silicoflagellate,Tintinopsis,SF-Tintinopsis,20
12051,2013,Sep,10,10/09/2013,,16.32003,119.93384,W8,,1,Cyanobacteria,Trichodesmium sp.,CYN-Trichodesmium sp.,20
12052,2013,Sep,10,10/09/2013,,16.32003,119.93384,W8,,1,Dinoflagellate,Gyrodinium,DF-Gyrodinium,40
12053,2013,Sep,10,10/09/2013,,16.32003,119.93384,W8,,1,Dinoflagellate,Protoperidinium pallidum,DF-Protoperidinium pallidum,40
12054,2013,Sep,10,10/09/2013,,16.32003,119.93384,W8,,1,Dinoflagellate,Oxytoxum spp.,DF-Oxytoxum spp.,60
12055,2013,Sep,10,10/09/2013,,16.32003,119.93384,W8,,1,Dinoflagellate,Gonyaulax,DF-Gonyaulax,100
12056,2013,Sep,10,10/09/2013,,16.32003,119.93384,W8,,1,Silicoflagellate,Tintinopsis,SF-Tintinopsis,140
12057,2013,Sep,10,10/09/2013,,16.32003,119.93384,W8,,1,Diatom,Navicula  spp.,D-Navicula  spp.,160
12058,2013,Sep,10,10/09/2013,,16.32003,119.93384,W8,,1,Dinoflagellate,Prorocentrum micans,DF-Prorocentrum micans,360
12059,2013,Sep,10,10/09/2013,,16.32003,119.93384,W8,,1,Diatom,Ditylum sp.,D-Ditylum sp.,500
12060,2013,Sep,10,10/09/2013,,16.32003,119.93384,W8,,1,Diatom,Pleurosigma sp1,D-Pleurosigma sp. 1,520
12061,2013,Sep,10,10/09/2013,,16.32003,119.93384,W8,,1,Diatom,Thalassiosira spp.,D-Thalassiosira spp.,520
12062,2013,Sep,10,10/09/2013,,16.32003,119.93384,W8,,1,Diatom,Skeletonema,D-Skeletonema,1720
12063,2013,Sep,10,10/09/2013,,16.34775,119.93452,W9,,1,Dinoflagellate,Protoperidinium pellucidum,DF-Protoperidinium pellucidum,20
12064,2013,Sep,10,10/09/2013,,16.34775,119.93452,W9,,1,Silicoflagellate,Tintinopsis,SF-Tintinopsis,20
12065,2013,Sep,10,10/09/2013,,16.34775,119.93452,W9,,1,Diatom,Coscinodiscus spp.,D-Coscinodiscus spp.,40
12066,2013,Sep,10,10/09/2013,,16.34775,119.93452,W9,,1,Diatom,Ditylum sp.,D-Ditylum sp.,60
12067,2013,Sep,10,10/09/2013,,16.34775,119.93452,W9,,1,Diatom,Thalassiosira spp.,D-Thalassiosira spp.,60
12068,2013,Sep,10,10/09/2013,,16.34775,119.93452,W9,,1,Diatom,Navicula  spp.,D-Navicula  spp.,100
12069,2013,Sep,10,10/09/2013,,16.34775,119.93452,W9,,1,Dinoflagellate,Protoperidinium conicum,DF-Protoperidinium conicum,180
12070,2013,Sep,10,10/09/2013,,16.34775,119.93452,W9,,1,Dinoflagellate,Alexandrium spp.,DF-Alexandrium spp.,200
12071,2013,Sep,10,10/09/2013,,16.34775,119.93452,W9,,1,Diatom,Pleurosigma sp1,D-Pleurosigma sp. 1,200
12072,2013,Sep,10,10/09/2013,,16.34775,119.93452,W9,,1,Dinoflagellate,Gyrodinium,DF-Gyrodinium,220
12073,2013,Sep,10,10/09/2013,,16.34775,119.93452,W9,,1,Diatom,Skeletonema,D-Skeletonema,440
12074,2013,Sep,10,10/09/2013,,16.34775,119.93452,W9,,1,Dinoflagellate,Prorocentrum micans,DF-Prorocentrum micans,600
12075,2013,Sep,10,10/09/2013,,16.34775,119.93452,W9,,1,Raphidophyte,Chattonnella subsalsa,RD-Chattonnella subsalsa,920
12076,2013,Sep,10,10/09/2013,,16.34775,119.93452,W9,,1,Dinoflagellate,Gonyaulax,DF-Gonyaulax,960
12077,2013,Sep,10,10/09/2013,,16.38326,119.92616,W11,,1,Diatom,Guinardia,D-Guinardia,20
12078,2013,Sep,10,10/09/2013,,16.38326,119.92616,W11,,1,Diatom,Navicula  spp.,D-Navicula  spp.,20
12079,2013,Sep,10,10/09/2013,,16.38326,119.92616,W11,,1,Dinoflagellate,Scrippsiella spinifera,DF-Scrippsiella spinifera,20
12080,2013,Sep,10,10/09/2013,,16.38326,119.92616,W11,,1,Diatom,Ditylum sp.,D-Ditylum sp.,40
12081,2013,Sep,10,10/09/2013,,16.38326,119.92616,W11,,1,Dinoflagellate,Alexandrium spp.,DF-Alexandrium spp.,60
12082,2013,Sep,10,10/09/2013,,16.38326,119.92616,W11,,1,Dinoflagellate,Gyrodinium,DF-Gyrodinium,60
12083,2013,Sep,10,10/09/2013,,16.38326,119.92616,W11,,1,Dinoflagellate,Protoperidinium pallidum,DF-Protoperidinium pallidum,80
12084,2013,Sep,10,10/09/2013,,16.38326,119.92616,W11,,1,Raphidophyte,Chattonnella subsalsa,RD-Chattonnella subsalsa,220
12085,2013,Sep,10,10/09/2013,,16.38326,119.92616,W11,,1,Diatom,Thalassiosira spp.,D-Thalassiosira spp.,320
12086,2013,Sep,10,10/09/2013,,16.38326,119.92616,W11,,1,Diatom,Pleurosigma sp1,D-Pleurosigma sp. 1,420
12087,2013,Sep,10,10/09/2013,,16.38326,119.92616,W11,,1,Dinoflagellate,Prorocentrum micans,DF-Prorocentrum micans,560
12088,2013,Sep,10,10/09/2013,,16.38326,119.92616,W11,,1,Dinoflagellate,Gonyaulax,DF-Gonyaulax,640
12089,2013,Sep,16,16/09/2013,,16.34775,119.93375,A1,,1,Dinoflagellate,Ceratium furca,DF-Ceratium furca,20
12090,2013,Sep,16,16/09/2013,,16.34775,119.93375,A1,,1,Dinoflagellate,Peridinium quinquecorne,DF-Peridinium quinquecorne,20
12091,2013,Sep,16,16/09/2013,,16.34775,119.93375,A1,,1,Dinoflagellate,Protoperidinium pellucidum,DF-Protoperidinium pellucidum,20
12092,2013,Sep,16,16/09/2013,,16.34775,119.93375,A1,,1,Dinoflagellate,Protoperidinium conicum,DF-Protoperidinium conicum,20
12093,2013,Sep,16,16/09/2013,,16.34775,119.93375,A1,,1,Silicoflagellate,Tintinopsis,SF-Tintinopsis,40
12094,2013,Sep,16,16/09/2013,,16.34775,119.93375,A1,,1,Diatom,Ditylum sp.,D-Ditylum sp.,60
12095,2013,Sep,16,16/09/2013,,16.34775,119.93375,A1,,1,Diatom,Pleurosigma sp1,D-Pleurosigma sp. 1,80
12096,2013,Sep,16,16/09/2013,,16.34775,119.93375,A1,,1,Diatom,Pseudonitzschia spp.,D-Pseudonitzschia spp.,80
12097,2013,Sep,16,16/09/2013,,16.34775,119.93375,A1,,1,Dinoflagellate,Scrippsiella spinifera,DF-Scrippsiella spinifera,120
12098,2013,Sep,16,16/09/2013,,16.34775,119.93375,A1,,1,Diatom,Navicula  spp.,D-Navicula  spp.,160
12099,2013,Sep,16,16/09/2013,,16.34775,119.93375,A1,,1,Raphidophyte,Chattonnella subsalsa,RD-Chattonnella subsalsa,260
12100,2013,Sep,16,16/09/2013,,16.34775,119.93375,A1,,1,Dinoflagellate,Prorocentrum micans,DF-Prorocentrum micans,440
12101,2013,Sep,16,16/09/2013,,16.34775,119.93375,A1,,1,Dinoflagellate,Gonyaulax,DF-Gonyaulax,600
12102,2013,Sep,16,16/09/2013,,16.34775,119.93375,A1,,1,Diatom,Thalassiosira spp.,D-Thalassiosira spp.,1260
12103,2013,Sep,16,16/09/2013,,16.33431,119.95731,A3,,1,Dinoflagellate,Alexandrium spp.,DF-Alexandrium spp.,20
12104,2013,Sep,16,16/09/2013,,16.33431,119.95731,A3,,1,Dinoflagellate,Gonyaulax,DF-Gonyaulax,20
12105,2013,Sep,16,16/09/2013,,16.33431,119.95731,A3,,1,Dinoflagellate,Gyrodinium,DF-Gyrodinium,20
12106,2013,Sep,16,16/09/2013,,16.33431,119.95731,A3,,1,Dinoflagellate,Oxytoxum spp.,DF-Oxytoxum spp.,20
12107,2013,Sep,16,16/09/2013,,16.33431,119.95731,A3,,1,Diatom,Pleurosigma sp1,D-Pleurosigma sp. 1,20
12108,2013,Sep,16,16/09/2013,,16.33431,119.95731,A3,,1,Diatom,Pleurosigma spp.,D-Pleurosigma spp.,20
12109,2013,Sep,16,16/09/2013,,16.33431,119.95731,A3,,1,Diatom,Ditylum sp.,D-Ditylum sp.,20
12110,2013,Sep,16,16/09/2013,,16.33431,119.95731,A3,,1,Diatom,Navicula  spp.,D-Navicula  spp.,40
12111,2013,Sep,16,16/09/2013,,16.33431,119.95731,A3,,1,Silicoflagellate,Favella sp.,SF-Favella sp.,40
12112,2013,Sep,16,16/09/2013,,16.33431,119.95731,A3,,1,Dinoflagellate,Protoperidinium pallidum,DF-Protoperidinium pallidum,80
12113,2013,Sep,16,16/09/2013,,16.33431,119.95731,A3,,1,Silicoflagellate,Tintinopsis,SF-Tintinopsis,80
12114,2013,Sep,16,16/09/2013,,16.33431,119.95731,A3,,1,Diatom,Thalassiosira spp.,D-Thalassiosira spp.,600
12115,2013,Sep,16,16/09/2013,,16.33431,119.95731,A3,,1,Dinoflagellate,Gonyaulax,DF-Gonyaulax,960
12116,2013,Sep,16,16/09/2013,,16.33431,119.95731,A3,,1,Raphidophyte,Chattonnella subsalsa,RD-Chattonnella subsalsa,1260
12117,2013,Sep,16,16/09/2013,,16.33431,119.95731,A3,,1,Dinoflagellate,Prorocentrum micans,DF-Prorocentrum micans,3820
12118,2013,Sep,16,16/09/2013,,16.28459,119.92285,A4,,1,Diatom,Pleurosigma sp1,D-Pleurosigma sp. 1,20
12119,2013,Sep,16,16/09/2013,,16.28459,119.92285,A4,,1,Diatom,Thalassiosira spp.,D-Thalassiosira spp.,400
12120,2013,Sep,16,16/09/2013,,16.28459,119.92285,A4,,1,Dinoflagellate,Oxytoxum spp.,DF-Oxytoxum spp.,920
12121,2013,Sep,16,16/09/2013,,16.28459,119.92285,A4,,1,Silicoflagellate,Tintinopsis,SF-Tintinopsis,4260
12122,2013,Sep,16,16/09/2013,,16.27365,119.92599,A5,,1,Dinoflagellate,Protoperidinium pellucidum,DF-Protoperidinium pellucidum,20
12123,2013,Sep,16,16/09/2013,,16.27365,119.92599,A5,,1,Diatom,Ditylum sp.,D-Ditylum sp.,20
12124,2013,Sep,16,16/09/2013,,16.27365,119.92599,A5,,1,Dinoflagellate,Oxytoxum spp.,DF-Oxytoxum spp.,60
12125,2013,Sep,16,16/09/2013,,16.27365,119.92599,A5,,1,Diatom,Skeletonema,D-Skeletonema,60
12126,2013,Sep,16,16/09/2013,,16.27365,119.92599,A5,,1,Diatom,Thalassiosira spp.,D-Thalassiosira spp.,60
12127,2013,Sep,16,16/09/2013,,16.27365,119.92599,A5,,1,Diatom,Navicula  spp.,D-Navicula  spp.,80
12128,2013,Sep,16,16/09/2013,,16.27365,119.92599,A5,,1,Dinoflagellate,Prorocentrum micans,DF-Prorocentrum micans,240
12129,2013,Sep,16,16/09/2013,,16.27365,119.92599,A5,,1,Dinoflagellate,Protoperidinium conicum,DF-Protoperidinium conicum,300
12130,2013,Sep,16,16/09/2013,,16.27365,119.92599,A5,,1,Silicoflagellate,Tintinopsis,SF-Tintinopsis,3260
12131,2013,Sep,16,16/09/2013,,16.39578,119.90667,RVA3,,1,Dinoflagellate,Ceratium furca,DF-Ceratium furca,20
12132,2013,Sep,16,16/09/2013,,16.39578,119.90667,RVA3,,1,Dinoflagellate,Oxytoxum spp.,DF-Oxytoxum spp.,40
12133,2013,Sep,16,16/09/2013,,16.39578,119.90667,RVA3,,1,Diatom,Pleurosigma sp1,D-Pleurosigma sp. 1,60
12134,2013,Sep,16,16/09/2013,,16.39578,119.90667,RVA3,,1,Diatom,Ditylum sp.,D-Ditylum sp.,60
12135,2013,Sep,16,16/09/2013,,16.39578,119.90667,RVA3,,1,Raphidophyte,Chattonnella subsalsa,RD-Chattonnella subsalsa,60
12136,2013,Sep,16,16/09/2013,,16.39578,119.90667,RVA3,,1,Diatom,Thalassiosira spp.,D-Thalassiosira spp.,80
12137,2013,Sep,16,16/09/2013,,16.39578,119.90667,RVA3,,1,Diatom,Chaetoceros spp.,D-Chaetoceros spp.,400
12138,2013,Sep,16,16/09/2013,,16.30944,119.92063,TS1,,1,Diatom,Pseudonitzschia spp.,D-Pseudonitzschia spp.,20
12139,2013,Sep,16,16/09/2013,,16.30944,119.92063,TS1,,1,Diatom,Navicula  spp.,D-Navicula  spp.,20
12140,2013,Sep,16,16/09/2013,,16.30944,119.92063,TS1,,1,Dinoflagellate,Protoperidinium pellucidum,DF-Protoperidinium pellucidum,20
12141,2013,Sep,16,16/09/2013,,16.30944,119.92063,TS1,,1,Dinoflagellate,Protoperidinium conicum,DF-Protoperidinium conicum,40
12142,2013,Sep,16,16/09/2013,,16.30944,119.92063,TS1,,1,Raphidophyte,Chattonnella subsalsa,RD-Chattonnella subsalsa,100
12143,2013,Sep,16,16/09/2013,,16.30944,119.92063,TS1,,1,Dinoflagellate,Oxytoxum spp.,DF-Oxytoxum spp.,180
12144,2013,Sep,16,16/09/2013,,16.30944,119.92063,TS1,,1,Dinoflagellate,Gonyaulax,DF-Gonyaulax,200
12145,2013,Sep,16,16/09/2013,,16.30944,119.92063,TS1,,1,Diatom,Thalassiosira spp.,D-Thalassiosira spp.,200
12146,2013,Sep,16,16/09/2013,,16.30944,119.92063,TS1,,1,Dinoflagellate,Prorocentrum micans,DF-Prorocentrum micans,240
12147,2013,Sep,16,16/09/2013,,16.30944,119.92063,TS1,,1,Silicoflagellate,Tintinopsis,SF-Tintinopsis,660
12148,2013,Sep,16,16/09/2013,,16.38339,119.91585,TS2,,1,Diatom,Coscinodiscus spp.,D-Coscinodiscus spp.,20
12149,2013,Sep,16,16/09/2013,,16.38339,119.91585,TS2,,1,Diatom,Bacteriastrum spp.,D-Bacteriastrum spp.,40
12150,2013,Sep,16,16/09/2013,,16.38339,119.91585,TS2,,1,Dinoflagellate,Ceratium furca,DF-Ceratium furca,40
12151,2013,Sep,16,16/09/2013,,16.38339,119.91585,TS2,,1,Dinoflagellate,Protoperidinium pallidum,DF-Protoperidinium pallidum,40
12152,2013,Sep,16,16/09/2013,,16.38339,119.91585,TS2,,1,Dinoflagellate,Prorocentrum micans,DF-Prorocentrum micans,80
12153,2013,Sep,16,16/09/2013,,16.38339,119.91585,TS2,,1,Diatom,Thalassiosira spp.,D-Thalassiosira spp.,100
12154,2013,Sep,16,16/09/2013,,16.38339,119.91585,TS2,,1,Diatom,Chaetoceros spp.,D-Chaetoceros spp.,120
12155,2013,Sep,16,16/09/2013,,16.38339,119.91585,TS2,,1,Diatom,Pleurosigma sp1,D-Pleurosigma sp. 1,140
12156,2013,Sep,16,16/09/2013,,16.34927,119.94606,W1,,1,Silicoflagellate,Favella sp.,SF-Favella sp.,20
12157,2013,Sep,16,16/09/2013,,16.34927,119.94606,W1,,1,Diatom,Pleurosigma spp.,D-Pleurosigma spp.,20
12158,2013,Sep,16,16/09/2013,,16.34927,119.94606,W1,,1,Dinoflagellate,Protoperidinium pellucidum,DF-Protoperidinium pellucidum,20
12159,2013,Sep,16,16/09/2013,,16.34927,119.94606,W1,,1,Dinoflagellate,Protoperidinium conicum,DF-Protoperidinium conicum,20
12160,2013,Sep,16,16/09/2013,,16.34927,119.94606,W1,,1,Diatom,Navicula  spp.,D-Navicula  spp.,40
12161,2013,Sep,16,16/09/2013,,16.34927,119.94606,W1,,1,Diatom,Pleurosigma sp1,D-Pleurosigma sp. 1,100
12162,2013,Sep,16,16/09/2013,,16.34927,119.94606,W1,,1,Dinoflagellate,Gonyaulax,DF-Gonyaulax,220
12163,2013,Sep,16,16/09/2013,,16.34927,119.94606,W1,,1,Dinoflagellate,Prorocentrum micans,DF-Prorocentrum micans,760
12164,2013,Sep,16,16/09/2013,,16.34927,119.94606,W1,,1,Raphidophyte,Chattonnella subsalsa,RD-Chattonnella subsalsa,800
12165,2013,Sep,16,16/09/2013,,16.34927,119.94606,W1,,1,Diatom,Thalassiosira spp.,D-Thalassiosira spp.,1340
12166,2013,Sep,16,16/09/2013,,16.33668,119.94476,W2A,,1,Diatom,Coscinodiscus spp.,D-Coscinodiscus spp.,20
12167,2013,Sep,16,16/09/2013,,16.33668,119.94476,W2A,,1,Cyanobacteria,Trichodesmium sp.,CYN-Trichodesmium sp.,20
12168,2013,Sep,16,16/09/2013,,16.33668,119.94476,W2A,,1,Dinoflagellate,Protoperidinium pellucidum,DF-Protoperidinium pellucidum,40
12169,2013,Sep,16,16/09/2013,,16.33668,119.94476,W2A,,1,Diatom,Ditylum sp.,D-Ditylum sp.,40
12170,2013,Sep,16,16/09/2013,,16.33668,119.94476,W2A,,1,Dinoflagellate,Protoperidinium conicum,DF-Protoperidinium conicum,60
12171,2013,Sep,16,16/09/2013,,16.33668,119.94476,W2A,,1,Diatom,Pleurosigma sp1,D-Pleurosigma sp. 1,120
12172,2013,Sep,16,16/09/2013,,16.33668,119.94476,W2A,,1,Diatom,Navicula  spp.,D-Navicula  spp.,140
12173,2013,Sep,16,16/09/2013,,16.33668,119.94476,W2A,,1,Silicoflagellate,Tintinopsis,SF-Tintinopsis,300
12174,2013,Sep,16,16/09/2013,,16.33668,119.94476,W2A,,1,Dinoflagellate,Gonyaulax,DF-Gonyaulax,340
12175,2013,Sep,16,16/09/2013,,16.33668,119.94476,W2A,,1,Raphidophyte,Chattonnella subsalsa,RD-Chattonnella subsalsa,540
12176,2013,Sep,16,16/09/2013,,16.33668,119.94476,W2A,,1,Dinoflagellate,Prorocentrum micans,DF-Prorocentrum micans,1060
12177,2013,Sep,16,16/09/2013,,16.33668,119.94476,W2A,,1,Diatom,Thalassiosira spp.,D-Thalassiosira spp.,1300
12178,2013,Sep,16,16/09/2013,,16.37073,119.93401,W3,,1,Diatom,Coscinodiscus spp.,D-Coscinodiscus spp.,20
12179,2013,Sep,16,16/09/2013,,16.37073,119.93401,W3,,1,Dinoflagellate,Gonyaulax,DF-Gonyaulax,20
12180,2013,Sep,16,16/09/2013,,16.37073,119.93401,W3,,1,Dinoflagellate,Protoperidinium pallidum,DF-Protoperidinium pallidum,40
12181,2013,Sep,16,16/09/2013,,16.37073,119.93401,W3,,1,Diatom,Ditylum sp.,D-Ditylum sp.,60
12182,2013,Sep,16,16/09/2013,,16.37073,119.93401,W3,,1,Dinoflagellate,Prorocentrum micans,DF-Prorocentrum micans,120
12183,2013,Sep,16,16/09/2013,,16.37073,119.93401,W3,,1,Diatom,Pleurosigma sp1,D-Pleurosigma sp. 1,220
12184,2013,Sep,16,16/09/2013,,16.37073,119.93401,W3,,1,Raphidophyte,Chattonnella subsalsa,RD-Chattonnella subsalsa,340
12185,2013,Sep,16,16/09/2013,,16.37073,119.93401,W3,,1,Diatom,Thalassiosira spp.,D-Thalassiosira spp.,2140
12186,2013,Sep,16,16/09/2013,,16.32003,119.93384,W8,,1,Dinoflagellate,Akashiwo,DF-Akashiwo,20
12187,2013,Sep,16,16/09/2013,,16.32003,119.93384,W8,,1,Dinoflagellate,Gonyaulax,DF-Gonyaulax,20
12188,2013,Sep,16,16/09/2013,,16.32003,119.93384,W8,,1,Dinoflagellate,Oxytoxum spp.,DF-Oxytoxum spp.,20
12189,2013,Sep,16,16/09/2013,,16.32003,119.93384,W8,,1,Dinoflagellate,Protoperidinium pellucidum,DF-Protoperidinium pellucidum,20
12190,2013,Sep,16,16/09/2013,,16.32003,119.93384,W8,,1,Diatom,Ditylum sp.,D-Ditylum sp.,20
12191,2013,Sep,16,16/09/2013,,16.32003,119.93384,W8,,1,Dinoflagellate,Gyrodinium,DF-Gyrodinium,60
12192,2013,Sep,16,16/09/2013,,16.32003,119.93384,W8,,1,Dinoflagellate,Protoperidinium conicum,DF-Protoperidinium conicum,60
12193,2013,Sep,16,16/09/2013,,16.32003,119.93384,W8,,1,Silicoflagellate,Tintinopsis,SF-Tintinopsis,60
12194,2013,Sep,16,16/09/2013,,16.32003,119.93384,W8,,1,Dinoflagellate,Prorocentrum micans,DF-Prorocentrum micans,80
12195,2013,Sep,16,16/09/2013,,16.32003,119.93384,W8,,1,Diatom,Pleurosigma sp1,D-Pleurosigma sp. 1,100
12196,2013,Sep,16,16/09/2013,,16.32003,119.93384,W8,,1,Diatom,Thalassiosira spp.,D-Thalassiosira spp.,720
12197,2013,Sep,16,16/09/2013,,16.34775,119.93452,W9,,1,Dinoflagellate,Gonyaulax,DF-Gonyaulax,20
12198,2013,Sep,16,16/09/2013,,16.34775,119.93452,W9,,1,Dinoflagellate,Gyrodinium,DF-Gyrodinium,20
12199,2013,Sep,16,16/09/2013,,16.34775,119.93452,W9,,1,Diatom,Navicula  spp.,D-Navicula  spp.,20
12200,2013,Sep,16,16/09/2013,,16.34775,119.93452,W9,,1,Dinoflagellate,Oxytoxum spp.,DF-Oxytoxum spp.,20
12201,2013,Sep,16,16/09/2013,,16.34775,119.93452,W9,,1,Dinoflagellate,Protoperidinium pallidum,DF-Protoperidinium pallidum,20
12202,2013,Sep,16,16/09/2013,,16.34775,119.93452,W9,,1,Diatom,Ditylum sp.,D-Ditylum sp.,20
12203,2013,Sep,16,16/09/2013,,16.34775,119.93452,W9,,1,Dinoflagellate,Scrippsiella spinifera,DF-Scrippsiella spinifera,20
12204,2013,Sep,16,16/09/2013,,16.34775,119.93452,W9,,1,Raphidophyte,Chattonnella subsalsa,RD-Chattonnella subsalsa,60
12205,2013,Sep,16,16/09/2013,,16.34775,119.93452,W9,,1,Diatom,Thalassiosira spp.,D-Thalassiosira spp.,100
12206,2013,Sep,16,16/09/2013,,16.34775,119.93452,W9,,1,Diatom,Pleurosigma sp1,D-Pleurosigma sp. 1,160
12207,2013,Sep,16,16/09/2013,,16.34775,119.93452,W9,,1,Dinoflagellate,Gonyaulax,DF-Gonyaulax,360
12208,2013,Sep,16,16/09/2013,,16.34775,119.93452,W9,,1,Dinoflagellate,Prorocentrum micans,DF-Prorocentrum micans,620
12209,2013,Sep,16,16/09/2013,,16.37052,119.94857,W10,,1,Diatom,Navicula  spp.,D-Navicula  spp.,20
12210,2013,Sep,16,16/09/2013,,16.37052,119.94857,W10,,1,Diatom,Ditylum sp.,D-Ditylum sp.,20
12211,2013,Sep,16,16/09/2013,,16.37052,119.94857,W10,,1,Dinoflagellate,Alexandrium spp.,DF-Alexandrium spp.,40
12212,2013,Sep,16,16/09/2013,,16.37052,119.94857,W10,,1,Dinoflagellate,Protoperidinium pallidum,DF-Protoperidinium pallidum,60
12213,2013,Sep,16,16/09/2013,,16.37052,119.94857,W10,,1,Dinoflagellate,Oxytoxum spp.,DF-Oxytoxum spp.,100
12214,2013,Sep,16,16/09/2013,,16.37052,119.94857,W10,,1,Dinoflagellate,Gyrodinium,DF-Gyrodinium,120
12215,2013,Sep,16,16/09/2013,,16.37052,119.94857,W10,,1,Diatom,Pleurosigma sp1,D-Pleurosigma sp. 1,220
12216,2013,Sep,16,16/09/2013,,16.37052,119.94857,W10,,1,Dinoflagellate,Prorocentrum micans,DF-Prorocentrum micans,260
12217,2013,Sep,16,16/09/2013,,16.37052,119.94857,W10,,1,Diatom,Thalassiosira spp.,D-Thalassiosira spp.,1380
12218,2013,Sep,16,16/09/2013,,16.37052,119.94857,W10,,1,Raphidophyte,Chattonnella subsalsa,RD-Chattonnella subsalsa,1560
12219,2013,Sep,16,16/09/2013,,16.38326,119.92616,W11,,1,Dinoflagellate,Prorocentrum micans,DF-Prorocentrum micans,20
12220,2013,Sep,16,16/09/2013,,16.38326,119.92616,W11,,1,Dinoflagellate,Protoperidinium pallidum,DF-Protoperidinium pallidum,20
12221,2013,Sep,16,16/09/2013,,16.38326,119.92616,W11,,1,Dinoflagellate,Ceratium furca,DF-Ceratium furca,40
12222,2013,Sep,16,16/09/2013,,16.38326,119.92616,W11,,1,Diatom,Coscinodiscus spp.,D-Coscinodiscus spp.,40
12223,2013,Sep,16,16/09/2013,,16.38326,119.92616,W11,,1,Silicoflagellate,Tintinopsis,SF-Tintinopsis,40
12224,2013,Sep,16,16/09/2013,,16.38326,119.92616,W11,,1,Diatom,Pleurosigma sp1,D-Pleurosigma sp. 1,240
12225,2013,Sep,16,16/09/2013,,16.38326,119.92616,W11,,1,Diatom,Thalassiosira spp.,D-Thalassiosira spp.,1080
12226,2013,Sep,23,23/09/2013,,16.34775,119.93375,A1,,1,Diatom,Pseudonitzschia spp.,D-Pseudonitzschia spp.,20
12227,2013,Sep,23,23/09/2013,,16.34775,119.93375,A1,,1,Dinoflagellate,Protoperidinium pellucidum,DF-Protoperidinium pellucidum,20
12228,2013,Sep,23,23/09/2013,,16.34775,119.93375,A1,,1,Silicoflagellate,Favella sp.,SF-Favella sp.,40
12229,2013,Sep,23,23/09/2013,,16.34775,119.93375,A1,,1,Dinoflagellate,Scrippsiella spinifera,DF-Scrippsiella spinifera,40
12230,2013,Sep,23,23/09/2013,,16.34775,119.93375,A1,,1,Dinoflagellate,Gonyaulax,DF-Gonyaulax,80
12231,2013,Sep,23,23/09/2013,,16.34775,119.93375,A1,,1,Dinoflagellate,Ceratium furca,DF-Ceratium furca,100
12232,2013,Sep,23,23/09/2013,,16.34775,119.93375,A1,,1,Dinoflagellate,Protoperidinium conicum,DF-Protoperidinium conicum,120
12233,2013,Sep,23,23/09/2013,,16.34775,119.93375,A1,,1,Diatom,Ditylum sp.,D-Ditylum sp.,120
12234,2013,Sep,23,23/09/2013,,16.34775,119.93375,A1,,1,Diatom,Thalassionema spp.,D-Thalassionema spp.,220
12235,2013,Sep,23,23/09/2013,,16.34775,119.93375,A1,,1,Diatom,Coscinodiscus spp.,D-Coscinodiscus spp.,280
12236,2013,Sep,23,23/09/2013,,16.34775,119.93375,A1,,1,Diatom,Pseudonitzschia spp.,D-Pseudonitzschia spp.,360
12237,2013,Sep,23,23/09/2013,,16.34775,119.93375,A1,,1,Diatom,Pleurosigma sp1,D-Pleurosigma sp. 1,440
12238,2013,Sep,23,23/09/2013,,16.34775,119.93375,A1,,1,Diatom,Thalassiosira spp.,D-Thalassiosira spp.,580
12239,2013,Sep,23,23/09/2013,,16.34775,119.93375,A1,,1,Dinoflagellate,Prorocentrum micans,DF-Prorocentrum micans,9600
12240,2013,Sep,23,23/09/2013,,16.34775,119.93452,A2,,1,Dinoflagellate,Gonyaulax,DF-Gonyaulax,20
12241,2013,Sep,23,23/09/2013,,16.34775,119.93452,A2,,1,Dinoflagellate,Scrippsiella spinifera,DF-Scrippsiella spinifera,20
12242,2013,Sep,23,23/09/2013,,16.34775,119.93452,A2,,1,Diatom,Coscinodiscus spp.,D-Coscinodiscus spp.,80
12243,2013,Sep,23,23/09/2013,,16.34775,119.93452,A2,,1,Dinoflagellate,Gonyaulax,DF-Gonyaulax,80
12244,2013,Sep,23,23/09/2013,,16.34775,119.93452,A2,,1,Diatom,Pleurosigma sp1,D-Pleurosigma sp. 1,100
12245,2013,Sep,23,23/09/2013,,16.34775,119.93452,A2,,1,Cyanobacteria,Trichodesmium sp.,CYN-Trichodesmium sp.,100
12246,2013,Sep,23,23/09/2013,,16.34775,119.93452,A2,,1,Diatom,Pseudonitzschia spp.,D-Pseudonitzschia spp.,120
12247,2013,Sep,23,23/09/2013,,16.34775,119.93452,A2,,1,Diatom,Ditylum sp.,D-Ditylum sp.,340
12248,2013,Sep,23,23/09/2013,,16.34775,119.93452,A2,,1,Diatom,Thalassiosira spp.,D-Thalassiosira spp.,900
12249,2013,Sep,23,23/09/2013,,16.34775,119.93452,A2,,1,Dinoflagellate,Prorocentrum micans,DF-Prorocentrum micans,4960
12250,2013,Sep,23,23/09/2013,,16.33431,119.95731,A3,,1,Dinoflagellate,Phalacroma  spp.,DF-Phalacroma  spp.,20
12251,2013,Sep,23,23/09/2013,,16.33431,119.95731,A3,,1,Diatom,Ditylum sp.,D-Ditylum sp.,20
12252,2013,Sep,23,23/09/2013,,16.33431,119.95731,A3,,1,Diatom,Navicula  spp.,D-Navicula  spp.,40
12253,2013,Sep,23,23/09/2013,,16.33431,119.95731,A3,,1,Silicoflagellate,Tintinopsis,SF-Tintinopsis,40
12254,2013,Sep,23,23/09/2013,,16.33431,119.95731,A3,,1,Diatom,Pseudonitzschia spp.,D-Pseudonitzschia spp.,100
12255,2013,Sep,23,23/09/2013,,16.33431,119.95731,A3,,1,Diatom,Coscinodiscus spp.,D-Coscinodiscus spp.,180
12256,2013,Sep,23,23/09/2013,,16.33431,119.95731,A3,,1,Diatom,Pleurosigma sp1,D-Pleurosigma sp. 1,500
12257,2013,Sep,23,23/09/2013,,16.33431,119.95731,A3,,1,Diatom,Thalassiosira spp.,D-Thalassiosira spp.,700
12258,2013,Sep,23,23/09/2013,,16.33431,119.95731,A3,,1,Dinoflagellate,Prorocentrum micans,DF-Prorocentrum micans,3040
12259,2013,Sep,23,23/09/2013,,16.28459,119.92285,A4,,1,Dinoflagellate,Ceratium furca,DF-Ceratium furca,20
12260,2013,Sep,23,23/09/2013,,16.28459,119.92285,A4,,1,Diatom,Coscinodiscus spp.,D-Coscinodiscus spp.,20
12261,2013,Sep,23,23/09/2013,,16.27365,119.92599,A5,,1,Diatom,Pseudonitzschia spp.,D-Pseudonitzschia spp.,20
12262,2013,Sep,23,23/09/2013,,16.27365,119.92599,A5,,1,Dinoflagellate,Protoperidinium pellucidum,DF-Protoperidinium pellucidum,20
12263,2013,Sep,23,23/09/2013,,16.27365,119.92599,A5,,1,Dinoflagellate,Protoperidinium conicum,DF-Protoperidinium conicum,20
12264,2013,Sep,23,23/09/2013,,16.27365,119.92599,A5,,1,Diatom,Chaetoceros spp.,D-Chaetoceros spp.,40
12265,2013,Sep,23,23/09/2013,,16.27365,119.92599,A5,,1,Diatom,Coscinodiscus spp.,D-Coscinodiscus spp.,40
12266,2013,Sep,23,23/09/2013,,16.27365,119.92599,A5,,1,Diatom,Pleurosigma spp.,D-Pleurosigma spp.,40
12267,2013,Sep,23,23/09/2013,,16.27365,119.92599,A5,,1,Diatom,Pseudonitzschia spp.,D-Pseudonitzschia spp.,380
12268,2013,Sep,23,23/09/2013,,16.27365,119.92599,A5,,1,Diatom,Pleurosigma sp1,D-Pleurosigma sp. 1,400
12269,2013,Sep,23,23/09/2013,,16.27365,119.92599,A5,,1,Diatom,Ditylum sp.,D-Ditylum sp.,580
12270,2013,Sep,23,23/09/2013,,16.27365,119.92599,A5,,1,Diatom,Thalassiosira spp.,D-Thalassiosira spp.,1020
12271,2013,Sep,23,23/09/2013,,16.27365,119.92599,A5,,1,Dinoflagellate,Prorocentrum micans,DF-Prorocentrum micans,2780
12272,2013,Sep,23,23/09/2013,,16.39578,119.90667,RVA3,,1,Dinoflagellate,Alexandrium spp.,DF-Alexandrium spp.,20
12273,2013,Sep,23,23/09/2013,,16.39578,119.90667,RVA3,,1,Dinoflagellate,Ceratium furca,DF-Ceratium furca,20
12274,2013,Sep,23,23/09/2013,,16.39578,119.90667,RVA3,,1,Cyanobacteria,Trichodesmium sp.,CYN-Trichodesmium sp.,20
12275,2013,Sep,23,23/09/2013,,16.39578,119.90667,RVA3,,1,Diatom,Thalassionema spp.,D-Thalassionema spp.,40
12276,2013,Sep,23,23/09/2013,,16.39578,119.90667,RVA3,,1,Diatom,Coscinodiscus spp.,D-Coscinodiscus spp.,60
12277,2013,Sep,23,23/09/2013,,16.39578,119.90667,RVA3,,1,Dinoflagellate,Scrippsiella spinifera,DF-Scrippsiella spinifera,60
12278,2013,Sep,23,23/09/2013,,16.39578,119.90667,RVA3,,1,Diatom,Chaetoceros spp.,D-Chaetoceros spp.,100
12279,2013,Sep,23,23/09/2013,,16.39578,119.90667,RVA3,,1,Diatom,Pleurosigma sp1,D-Pleurosigma sp. 1,160
12280,2013,Sep,23,23/09/2013,,16.39578,119.90667,RVA3,,1,Diatom,Pseudonitzschia spp.,D-Pseudonitzschia spp.,320
12281,2013,Sep,23,23/09/2013,,16.39578,119.90667,RVA3,,1,Diatom,Thalassiosira spp.,D-Thalassiosira spp.,320
12282,2013,Sep,23,23/09/2013,,16.30944,119.92063,TS1,,1,Diatom,Ditylum sp.,D-Ditylum sp.,40
12283,2013,Sep,23,23/09/2013,,16.30944,119.92063,TS1,,1,Diatom,Thalassionema spp.,D-Thalassionema spp.,60
12284,2013,Sep,23,23/09/2013,,16.30944,119.92063,TS1,,1,Diatom,Thalassiosira spp.,D-Thalassiosira spp.,60
12285,2013,Sep,23,23/09/2013,,16.30944,119.92063,TS1,,1,Dinoflagellate,Prorocentrum micans,DF-Prorocentrum micans,4640
12286,2013,Sep,23,23/09/2013,,16.38339,119.91585,TS2,,1,Dinoflagellate,Prorocentrum micans,DF-Prorocentrum micans,20
12287,2013,Sep,23,23/09/2013,,16.38339,119.91585,TS2,,1,Silicoflagellate,Tintinopsis,SF-Tintinopsis,40
12288,2013,Sep,23,23/09/2013,,16.38339,119.91585,TS2,,1,Diatom,Pseudonitzschia spp.,D-Pseudonitzschia spp.,60
12289,2013,Sep,23,23/09/2013,,16.38339,119.91585,TS2,,1,Diatom,Thalassionema spp.,D-Thalassionema spp.,60
12290,2013,Sep,23,23/09/2013,,16.38339,119.91585,TS2,,1,Dinoflagellate,Ceratium furca,DF-Ceratium furca,80
12291,2013,Sep,23,23/09/2013,,16.38339,119.91585,TS2,,1,Dinoflagellate,Protoperidinium pallidum,DF-Protoperidinium pallidum,80
12292,2013,Sep,23,23/09/2013,,16.38339,119.91585,TS2,,1,Diatom,Ditylum sp.,D-Ditylum sp.,80
12293,2013,Sep,23,23/09/2013,,16.38339,119.91585,TS2,,1,Diatom,Coscinodiscus spp.,D-Coscinodiscus spp.,260
12294,2013,Sep,23,23/09/2013,,16.38339,119.91585,TS2,,1,Diatom,Pleurosigma sp1,D-Pleurosigma sp. 1,580
12295,2013,Sep,23,23/09/2013,,16.38339,119.91585,TS2,,1,Diatom,Thalassiosira spp.,D-Thalassiosira spp.,620
12296,2013,Sep,23,23/09/2013,,16.34927,119.94606,W1,,1,Diatom,Pleurosigma spp.,D-Pleurosigma spp.,20
12297,2013,Sep,23,23/09/2013,,16.34927,119.94606,W1,,1,Diatom,Pleurosigma spp.,D-Pleurosigma spp.,40
12298,2013,Sep,23,23/09/2013,,16.34927,119.94606,W1,,1,Diatom,Thalassionema spp.,D-Thalassionema spp.,40
12299,2013,Sep,23,23/09/2013,,16.34927,119.94606,W1,,1,Dinoflagellate,Scrippsiella spinifera,DF-Scrippsiella spinifera,60
12300,2013,Sep,23,23/09/2013,,16.34927,119.94606,W1,,1,Diatom,Coscinodiscus spp.,D-Coscinodiscus spp.,220
12301,2013,Sep,23,23/09/2013,,16.34927,119.94606,W1,,1,Diatom,Pleurosigma sp1,D-Pleurosigma sp. 1,260
12302,2013,Sep,23,23/09/2013,,16.34927,119.94606,W1,,1,Diatom,Ditylum sp.,D-Ditylum sp.,320
12303,2013,Sep,23,23/09/2013,,16.34927,119.94606,W1,,1,Diatom,Pseudonitzschia spp.,D-Pseudonitzschia spp.,400
12304,2013,Sep,23,23/09/2013,,16.34927,119.94606,W1,,1,Diatom,Thalassiosira spp.,D-Thalassiosira spp.,940
12305,2013,Sep,23,23/09/2013,,16.34927,119.94606,W1,,1,Dinoflagellate,Prorocentrum micans,DF-Prorocentrum micans,1660
12306,2013,Sep,23,23/09/2013,,16.33668,119.94476,W2A,,1,Dinoflagellate,Protoperidinium pellucidum,DF-Protoperidinium pellucidum,20
12307,2013,Sep,23,23/09/2013,,16.33668,119.94476,W2A,,1,Dinoflagellate,Protoperidinium conicum,DF-Protoperidinium conicum,20
12308,2013,Sep,23,23/09/2013,,16.33668,119.94476,W2A,,1,Silicoflagellate,Tintinopsis,SF-Tintinopsis,20
12309,2013,Sep,23,23/09/2013,,16.33668,119.94476,W2A,,1,Cyanobacteria,Trichodesmium sp.,CYN-Trichodesmium sp.,40
12310,2013,Sep,23,23/09/2013,,16.33668,119.94476,W2A,,1,Diatom,Thalassionema spp.,D-Thalassionema spp.,60
12311,2013,Sep,23,23/09/2013,,16.33668,119.94476,W2A,,1,Dinoflagellate,Scrippsiella spinifera,DF-Scrippsiella spinifera,100
12312,2013,Sep,23,23/09/2013,,16.33668,119.94476,W2A,,1,Diatom,Coscinodiscus spp.,D-Coscinodiscus spp.,240
12313,2013,Sep,23,23/09/2013,,16.33668,119.94476,W2A,,1,Diatom,Pleurosigma sp1,D-Pleurosigma sp. 1,240
12314,2013,Sep,23,23/09/2013,,16.33668,119.94476,W2A,,1,Diatom,Pseudonitzschia spp.,D-Pseudonitzschia spp.,460
12315,2013,Sep,23,23/09/2013,,16.33668,119.94476,W2A,,1,Diatom,Ditylum sp.,D-Ditylum sp.,640
12316,2013,Sep,23,23/09/2013,,16.33668,119.94476,W2A,,1,Diatom,Thalassiosira spp.,D-Thalassiosira spp.,1740
12317,2013,Sep,23,23/09/2013,,16.33668,119.94476,W2A,,1,Dinoflagellate,Prorocentrum micans,DF-Prorocentrum micans,3760
12318,2013,Sep,23,23/09/2013,,16.37073,119.93401,W3,,1,Dinoflagellate,Ceratium furca,DF-Ceratium furca,20
12319,2013,Sep,23,23/09/2013,,16.37073,119.93401,W3,,1,Dinoflagellate,Gonyaulax,DF-Gonyaulax,20
12320,2013,Sep,23,23/09/2013,,16.37073,119.93401,W3,,1,Dinoflagellate,Scrippsiella spinifera,DF-Scrippsiella spinifera,60
12321,2013,Sep,23,23/09/2013,,16.37073,119.93401,W3,,1,Diatom,Coscinodiscus spp.,D-Coscinodiscus spp.,80
12322,2013,Sep,23,23/09/2013,,16.37073,119.93401,W3,,1,Dinoflagellate,Protoperidinium pellucidum,DF-Protoperidinium pellucidum,100
12323,2013,Sep,23,23/09/2013,,16.37073,119.93401,W3,,1,Dinoflagellate,Protoperidinium conicum,DF-Protoperidinium conicum,140
12324,2013,Sep,23,23/09/2013,,16.37073,119.93401,W3,,1,Diatom,Pseudonitzschia spp.,D-Pseudonitzschia spp.,140
12325,2013,Sep,23,23/09/2013,,16.37073,119.93401,W3,,1,Diatom,Ditylum sp.,D-Ditylum sp.,200
12326,2013,Sep,23,23/09/2013,,16.37073,119.93401,W3,,1,Diatom,Thalassionema spp.,D-Thalassionema spp.,260
12327,2013,Sep,23,23/09/2013,,16.37073,119.93401,W3,,1,Diatom,Thalassiosira spp.,D-Thalassiosira spp.,540
12328,2013,Sep,23,23/09/2013,,16.37073,119.93401,W3,,1,Dinoflagellate,Prorocentrum micans,DF-Prorocentrum micans,660
12329,2013,Sep,23,23/09/2013,,16.37073,119.93401,W3,,1,Diatom,Pleurosigma sp1,D-Pleurosigma sp. 1,880
12330,2013,Sep,23,23/09/2013,,16.32003,119.93384,W8,,1,Diatom,Coscinodiscus spp.,D-Coscinodiscus spp.,20
12331,2013,Sep,23,23/09/2013,,16.32003,119.93384,W8,,1,Diatom,Pleurosigma spp.,D-Pleurosigma spp.,60
12332,2013,Sep,23,23/09/2013,,16.32003,119.93384,W8,,1,Diatom,Pseudonitzschia spp.,D-Pseudonitzschia spp.,60
12333,2013,Sep,23,23/09/2013,,16.32003,119.93384,W8,,1,Diatom,Pleurosigma sp1,D-Pleurosigma sp. 1,80
12334,2013,Sep,23,23/09/2013,,16.32003,119.93384,W8,,1,Diatom,Thalassiosira spp.,D-Thalassiosira spp.,100
12335,2013,Sep,23,23/09/2013,,16.32003,119.93384,W8,,1,Dinoflagellate,Prorocentrum micans,DF-Prorocentrum micans,3940
12336,2013,Sep,23,23/09/2013,,16.34775,119.93452,W9,,1,Diatom,Pleurosigma spp.,D-Pleurosigma spp.,20
12337,2013,Sep,23,23/09/2013,,16.34775,119.93452,W9,,1,Diatom,Ditylum sp.,D-Ditylum sp.,120
12338,2013,Sep,23,23/09/2013,,16.34775,119.93452,W9,,1,Diatom,Pleurosigma sp1,D-Pleurosigma sp. 1,200
12339,2013,Sep,23,23/09/2013,,16.34775,119.93452,W9,,1,Dinoflagellate,Scrippsiella spinifera,DF-Scrippsiella spinifera,220
12340,2013,Sep,23,23/09/2013,,16.34775,119.93452,W9,,1,Diatom,Pseudonitzschia spp.,D-Pseudonitzschia spp.,320
12341,2013,Sep,23,23/09/2013,,16.34775,119.93452,W9,,1,Diatom,Thalassiosira spp.,D-Thalassiosira spp.,340
12342,2013,Sep,23,23/09/2013,,16.34775,119.93452,W9,,1,Dinoflagellate,Gonyaulax,DF-Gonyaulax,1200
12343,2013,Sep,23,23/09/2013,,16.34775,119.93452,W9,,1,Dinoflagellate,Prorocentrum micans,DF-Prorocentrum micans,6380
12344,2013,Sep,23,23/09/2013,,16.37052,119.94857,W10,,1,Dinoflagellate,Ceratium furca,DF-Ceratium furca,20
12345,2013,Sep,23,23/09/2013,,16.37052,119.94857,W10,,1,Dinoflagellate,Gonyaulax,DF-Gonyaulax,20
12346,2013,Sep,23,23/09/2013,,16.37052,119.94857,W10,,1,Dinoflagellate,Protoperidinium pellucidum,DF-Protoperidinium pellucidum,40
12347,2013,Sep,23,23/09/2013,,16.37052,119.94857,W10,,1,Dinoflagellate,Protoperidinium conicum,DF-Protoperidinium conicum,60
12348,2013,Sep,23,23/09/2013,,16.37052,119.94857,W10,,1,Diatom,Pleurosigma sp1,D-Pleurosigma sp. 1,160
12349,2013,Sep,23,23/09/2013,,16.37052,119.94857,W10,,1,Dinoflagellate,Scrippsiella spinifera,DF-Scrippsiella spinifera,200
12350,2013,Sep,23,23/09/2013,,16.37052,119.94857,W10,,1,Diatom,Coscinodiscus spp.,D-Coscinodiscus spp.,300
12351,2013,Sep,23,23/09/2013,,16.37052,119.94857,W10,,1,Diatom,Thalassiosira spp.,D-Thalassiosira spp.,340
12352,2013,Sep,23,23/09/2013,,16.37052,119.94857,W10,,1,Dinoflagellate,Prorocentrum micans,DF-Prorocentrum micans,820
12353,2013,Sep,23,23/09/2013,,16.38326,119.92616,W11,,1,Dinoflagellate,Ceratium furca,DF-Ceratium furca,20
12354,2013,Sep,23,23/09/2013,,16.38326,119.92616,W11,,1,Dinoflagellate,Scrippsiella spinifera,DF-Scrippsiella spinifera,20
12355,2013,Sep,23,23/09/2013,,16.38326,119.92616,W11,,1,Dinoflagellate,Prorocentrum micans,DF-Prorocentrum micans,60
12356,2013,Sep,23,23/09/2013,,16.38326,119.92616,W11,,1,Diatom,Coscinodiscus spp.,D-Coscinodiscus spp.,100
12357,2013,Sep,23,23/09/2013,,16.38326,119.92616,W11,,1,Diatom,Pleurosigma sp1,D-Pleurosigma sp. 1,460
12358,2013,Sep,23,23/09/2013,,16.38326,119.92616,W11,,1,Diatom,Thalassiosira spp.,D-Thalassiosira spp.,460
12359,2013,Sep,30,30/09/2013,,16.34775,119.93375,A1,,1,Diatom,Pseudonitzschia spp.,D-Pseudonitzschia spp.,20
12360,2013,Sep,30,30/09/2013,,16.34775,119.93375,A1,,1,Dinoflagellate,Protoperidinium pellucidum,DF-Protoperidinium pellucidum,20
12361,2013,Sep,30,30/09/2013,,16.34775,119.93375,A1,,1,Silicoflagellate,Favella sp.,SF-Favella sp.,40
12362,2013,Sep,30,30/09/2013,,16.34775,119.93375,A1,,1,Dinoflagellate,Scrippsiella spinifera,DF-Scrippsiella spinifera,40
12363,2013,Sep,30,30/09/2013,,16.34775,119.93375,A1,,1,Dinoflagellate,Gonyaulax,DF-Gonyaulax,80
12364,2013,Sep,30,30/09/2013,,16.34775,119.93375,A1,,1,Dinoflagellate,Ceratium furca,DF-Ceratium furca,100
12365,2013,Sep,30,30/09/2013,,16.34775,119.93375,A1,,1,Dinoflagellate,Protoperidinium conicum,DF-Protoperidinium conicum,120
12366,2013,Sep,30,30/09/2013,,16.34775,119.93375,A1,,1,Diatom,Ditylum sp.,D-Ditylum sp.,120
12367,2013,Sep,30,30/09/2013,,16.34775,119.93375,A1,,1,Diatom,Thalassionema spp.,D-Thalassionema spp.,220
12368,2013,Sep,30,30/09/2013,,16.34775,119.93375,A1,,1,Diatom,Coscinodiscus spp.,D-Coscinodiscus spp.,280
12369,2013,Sep,30,30/09/2013,,16.34775,119.93375,A1,,1,Diatom,Pseudonitzschia spp.,D-Pseudonitzschia spp.,360
12370,2013,Sep,30,30/09/2013,,16.34775,119.93375,A1,,1,Diatom,Pleurosigma sp1,D-Pleurosigma sp. 1,440
12371,2013,Sep,30,30/09/2013,,16.34775,119.93375,A1,,1,Diatom,Thalassiosira spp.,D-Thalassiosira spp.,580
12372,2013,Sep,30,30/09/2013,,16.34775,119.93375,A1,,1,Dinoflagellate,Prorocentrum micans,DF-Prorocentrum micans,9600
12373,2013,Sep,30,30/09/2013,,16.34775,119.93452,A2,,1,Dinoflagellate,Gonyaulax,DF-Gonyaulax,20
12374,2013,Sep,30,30/09/2013,,16.34775,119.93452,A2,,1,Dinoflagellate,Scrippsiella spinifera,DF-Scrippsiella spinifera,20
12375,2013,Sep,30,30/09/2013,,16.34775,119.93452,A2,,1,Diatom,Coscinodiscus spp.,D-Coscinodiscus spp.,80
12376,2013,Sep,30,30/09/2013,,16.34775,119.93452,A2,,1,Dinoflagellate,Gonyaulax,DF-Gonyaulax,80
12377,2013,Sep,30,30/09/2013,,16.34775,119.93452,A2,,1,Diatom,Pleurosigma sp1,D-Pleurosigma sp. 1,100
12378,2013,Sep,30,30/09/2013,,16.34775,119.93452,A2,,1,Cyanobacteria,Trichodesmium sp.,CYN-Trichodesmium sp.,100
12379,2013,Sep,30,30/09/2013,,16.34775,119.93452,A2,,1,Diatom,Pseudonitzschia spp.,D-Pseudonitzschia spp.,120
12380,2013,Sep,30,30/09/2013,,16.34775,119.93452,A2,,1,Diatom,Ditylum sp.,D-Ditylum sp.,340
12381,2013,Sep,30,30/09/2013,,16.34775,119.93452,A2,,1,Diatom,Thalassiosira spp.,D-Thalassiosira spp.,900
12382,2013,Sep,30,30/09/2013,,16.34775,119.93452,A2,,1,Dinoflagellate,Prorocentrum micans,DF-Prorocentrum micans,4960
12383,2013,Sep,30,30/09/2013,,16.33431,119.95731,A3,,1,Dinoflagellate,Phalacroma  spp.,DF-Phalacroma  spp.,20
12384,2013,Sep,30,30/09/2013,,16.33431,119.95731,A3,,1,Diatom,Ditylum sp.,D-Ditylum sp.,20
12385,2013,Sep,30,30/09/2013,,16.33431,119.95731,A3,,1,Diatom,Navicula  spp.,D-Navicula  spp.,40
12386,2013,Sep,30,30/09/2013,,16.33431,119.95731,A3,,1,Silicoflagellate,Tintinopsis,SF-Tintinopsis,40
12387,2013,Sep,30,30/09/2013,,16.33431,119.95731,A3,,1,Diatom,Pseudonitzschia spp.,D-Pseudonitzschia spp.,100
12388,2013,Sep,30,30/09/2013,,16.33431,119.95731,A3,,1,Diatom,Coscinodiscus spp.,D-Coscinodiscus spp.,180
12389,2013,Sep,30,30/09/2013,,16.33431,119.95731,A3,,1,Diatom,Pleurosigma sp1,D-Pleurosigma sp. 1,500
12390,2013,Sep,30,30/09/2013,,16.33431,119.95731,A3,,1,Diatom,Thalassiosira spp.,D-Thalassiosira spp.,700
12391,2013,Sep,30,30/09/2013,,16.33431,119.95731,A3,,1,Dinoflagellate,Prorocentrum micans,DF-Prorocentrum micans,3040
12392,2013,Sep,30,30/09/2013,,16.28459,119.92285,A4,,1,Dinoflagellate,Ceratium furca,DF-Ceratium furca,20
12393,2013,Sep,30,30/09/2013,,16.28459,119.92285,A4,,1,Diatom,Coscinodiscus spp.,D-Coscinodiscus spp.,20
12394,2013,Sep,30,30/09/2013,,16.27365,119.92599,A5,,1,Diatom,Pseudonitzschia spp.,D-Pseudonitzschia spp.,20
12395,2013,Sep,30,30/09/2013,,16.27365,119.92599,A5,,1,Dinoflagellate,Protoperidinium pellucidum,DF-Protoperidinium pellucidum,20
12396,2013,Sep,30,30/09/2013,,16.27365,119.92599,A5,,1,Dinoflagellate,Protoperidinium conicum,DF-Protoperidinium conicum,20
12397,2013,Sep,30,30/09/2013,,16.27365,119.92599,A5,,1,Diatom,Chaetoceros spp.,D-Chaetoceros spp.,40
12398,2013,Sep,30,30/09/2013,,16.27365,119.92599,A5,,1,Diatom,Coscinodiscus spp.,D-Coscinodiscus spp.,40
12399,2013,Sep,30,30/09/2013,,16.27365,119.92599,A5,,1,Diatom,Pleurosigma spp.,D-Pleurosigma spp.,40
12400,2013,Sep,30,30/09/2013,,16.27365,119.92599,A5,,1,Diatom,Pseudonitzschia spp.,D-Pseudonitzschia spp.,380
12401,2013,Sep,30,30/09/2013,,16.27365,119.92599,A5,,1,Diatom,Pleurosigma sp1,D-Pleurosigma sp. 1,400
12402,2013,Sep,30,30/09/2013,,16.27365,119.92599,A5,,1,Diatom,Ditylum sp.,D-Ditylum sp.,580
12403,2013,Sep,30,30/09/2013,,16.27365,119.92599,A5,,1,Diatom,Thalassiosira spp.,D-Thalassiosira spp.,1020
12404,2013,Sep,30,30/09/2013,,16.27365,119.92599,A5,,1,Dinoflagellate,Prorocentrum micans,DF-Prorocentrum micans,2780
12405,2013,Sep,30,30/09/2013,,16.39578,119.90667,RVA3,,1,Dinoflagellate,Alexandrium spp.,DF-Alexandrium spp.,20
12406,2013,Sep,30,30/09/2013,,16.39578,119.90667,RVA3,,1,Dinoflagellate,Ceratium furca,DF-Ceratium furca,20
12407,2013,Sep,30,30/09/2013,,16.39578,119.90667,RVA3,,1,Cyanobacteria,Trichodesmium sp.,CYN-Trichodesmium sp.,20
12408,2013,Sep,30,30/09/2013,,16.39578,119.90667,RVA3,,1,Diatom,Thalassionema spp.,D-Thalassionema spp.,40
12409,2013,Sep,30,30/09/2013,,16.39578,119.90667,RVA3,,1,Diatom,Coscinodiscus spp.,D-Coscinodiscus spp.,60
12410,2013,Sep,30,30/09/2013,,16.39578,119.90667,RVA3,,1,Dinoflagellate,Scrippsiella spinifera,DF-Scrippsiella spinifera,60
12411,2013,Sep,30,30/09/2013,,16.39578,119.90667,RVA3,,1,Diatom,Chaetoceros spp.,D-Chaetoceros spp.,100
12412,2013,Sep,30,30/09/2013,,16.39578,119.90667,RVA3,,1,Diatom,Pleurosigma sp1,D-Pleurosigma sp. 1,160
12413,2013,Sep,30,30/09/2013,,16.39578,119.90667,RVA3,,1,Diatom,Pseudonitzschia spp.,D-Pseudonitzschia spp.,320
12414,2013,Sep,30,30/09/2013,,16.39578,119.90667,RVA3,,1,Diatom,Thalassiosira spp.,D-Thalassiosira spp.,320
12415,2013,Sep,30,30/09/2013,,16.30944,119.92063,TS1,,1,Diatom,Ditylum sp.,D-Ditylum sp.,40
12416,2013,Sep,30,30/09/2013,,16.30944,119.92063,TS1,,1,Diatom,Thalassionema spp.,D-Thalassionema spp.,60
12417,2013,Sep,30,30/09/2013,,16.30944,119.92063,TS1,,1,Diatom,Thalassiosira spp.,D-Thalassiosira spp.,60
12418,2013,Sep,30,30/09/2013,,16.30944,119.92063,TS1,,1,Dinoflagellate,Prorocentrum micans,DF-Prorocentrum micans,4640
12419,2013,Sep,30,30/09/2013,,16.38339,119.91585,TS2,,1,Dinoflagellate,Prorocentrum micans,DF-Prorocentrum micans,20
12420,2013,Sep,30,30/09/2013,,16.38339,119.91585,TS2,,1,Silicoflagellate,Tintinopsis,SF-Tintinopsis,40
12421,2013,Sep,30,30/09/2013,,16.38339,119.91585,TS2,,1,Diatom,Pseudonitzschia spp.,D-Pseudonitzschia spp.,60
12422,2013,Sep,30,30/09/2013,,16.38339,119.91585,TS2,,1,Diatom,Thalassionema spp.,D-Thalassionema spp.,60
12423,2013,Sep,30,30/09/2013,,16.38339,119.91585,TS2,,1,Dinoflagellate,Ceratium furca,DF-Ceratium furca,80
12424,2013,Sep,30,30/09/2013,,16.38339,119.91585,TS2,,1,Dinoflagellate,Protoperidinium pallidum,DF-Protoperidinium pallidum,80
12425,2013,Sep,30,30/09/2013,,16.38339,119.91585,TS2,,1,Diatom,Ditylum sp.,D-Ditylum sp.,80
12426,2013,Sep,30,30/09/2013,,16.38339,119.91585,TS2,,1,Diatom,Coscinodiscus spp.,D-Coscinodiscus spp.,260
12427,2013,Sep,30,30/09/2013,,16.38339,119.91585,TS2,,1,Diatom,Pleurosigma sp1,D-Pleurosigma sp. 1,580
12428,2013,Sep,30,30/09/2013,,16.38339,119.91585,TS2,,1,Diatom,Thalassiosira spp.,D-Thalassiosira spp.,620
12429,2013,Sep,30,30/09/2013,,16.34927,119.94606,W1,,1,Diatom,Pleurosigma spp.,D-Pleurosigma spp.,20
12430,2013,Sep,30,30/09/2013,,16.34927,119.94606,W1,,1,Diatom,Pleurosigma spp.,D-Pleurosigma spp.,40
12431,2013,Sep,30,30/09/2013,,16.34927,119.94606,W1,,1,Diatom,Thalassionema spp.,D-Thalassionema spp.,40
12432,2013,Sep,30,30/09/2013,,16.34927,119.94606,W1,,1,Dinoflagellate,Scrippsiella spinifera,DF-Scrippsiella spinifera,60
12433,2013,Sep,30,30/09/2013,,16.34927,119.94606,W1,,1,Diatom,Coscinodiscus spp.,D-Coscinodiscus spp.,220
12434,2013,Sep,30,30/09/2013,,16.34927,119.94606,W1,,1,Diatom,Pleurosigma sp1,D-Pleurosigma sp. 1,260
12435,2013,Sep,30,30/09/2013,,16.34927,119.94606,W1,,1,Diatom,Ditylum sp.,D-Ditylum sp.,320
12436,2013,Sep,30,30/09/2013,,16.34927,119.94606,W1,,1,Diatom,Pseudonitzschia spp.,D-Pseudonitzschia spp.,400
12437,2013,Sep,30,30/09/2013,,16.34927,119.94606,W1,,1,Diatom,Thalassiosira spp.,D-Thalassiosira spp.,940
12438,2013,Sep,30,30/09/2013,,16.34927,119.94606,W1,,1,Dinoflagellate,Prorocentrum micans,DF-Prorocentrum micans,1660
12439,2013,Sep,30,30/09/2013,,16.33668,119.94476,W2A,,1,Dinoflagellate,Protoperidinium pellucidum,DF-Protoperidinium pellucidum,20
12440,2013,Sep,30,30/09/2013,,16.33668,119.94476,W2A,,1,Dinoflagellate,Protoperidinium conicum,DF-Protoperidinium conicum,20
12441,2013,Sep,30,30/09/2013,,16.33668,119.94476,W2A,,1,Silicoflagellate,Tintinopsis,SF-Tintinopsis,20
12442,2013,Sep,30,30/09/2013,,16.33668,119.94476,W2A,,1,Cyanobacteria,Trichodesmium sp.,CYN-Trichodesmium sp.,40
12443,2013,Sep,30,30/09/2013,,16.33668,119.94476,W2A,,1,Diatom,Thalassionema spp.,D-Thalassionema spp.,60
12444,2013,Sep,30,30/09/2013,,16.33668,119.94476,W2A,,1,Dinoflagellate,Scrippsiella spinifera,DF-Scrippsiella spinifera,100
12445,2013,Sep,30,30/09/2013,,16.33668,119.94476,W2A,,1,Diatom,Coscinodiscus spp.,D-Coscinodiscus spp.,240
12446,2013,Sep,30,30/09/2013,,16.33668,119.94476,W2A,,1,Diatom,Pleurosigma sp1,D-Pleurosigma sp. 1,240
12447,2013,Sep,30,30/09/2013,,16.33668,119.94476,W2A,,1,Diatom,Pseudonitzschia spp.,D-Pseudonitzschia spp.,460
12448,2013,Sep,30,30/09/2013,,16.33668,119.94476,W2A,,1,Diatom,Ditylum sp.,D-Ditylum sp.,640
12449,2013,Sep,30,30/09/2013,,16.33668,119.94476,W2A,,1,Diatom,Thalassiosira spp.,D-Thalassiosira spp.,1740
12450,2013,Sep,30,30/09/2013,,16.33668,119.94476,W2A,,1,Dinoflagellate,Prorocentrum micans,DF-Prorocentrum micans,3760
12451,2013,Sep,30,30/09/2013,,16.37073,119.93401,W3,,1,Dinoflagellate,Ceratium furca,DF-Ceratium furca,20
12452,2013,Sep,30,30/09/2013,,16.37073,119.93401,W3,,1,Dinoflagellate,Gonyaulax,DF-Gonyaulax,20
12453,2013,Sep,30,30/09/2013,,16.37073,119.93401,W3,,1,Dinoflagellate,Scrippsiella spinifera,DF-Scrippsiella spinifera,60
12454,2013,Sep,30,30/09/2013,,16.37073,119.93401,W3,,1,Diatom,Coscinodiscus spp.,D-Coscinodiscus spp.,80
12455,2013,Sep,30,30/09/2013,,16.37073,119.93401,W3,,1,Dinoflagellate,Protoperidinium pellucidum,DF-Protoperidinium pellucidum,100
12456,2013,Sep,30,30/09/2013,,16.37073,119.93401,W3,,1,Dinoflagellate,Protoperidinium conicum,DF-Protoperidinium conicum,140
12457,2013,Sep,30,30/09/2013,,16.37073,119.93401,W3,,1,Diatom,Pseudonitzschia spp.,D-Pseudonitzschia spp.,140
12458,2013,Sep,30,30/09/2013,,16.37073,119.93401,W3,,1,Diatom,Ditylum sp.,D-Ditylum sp.,200
12459,2013,Sep,30,30/09/2013,,16.37073,119.93401,W3,,1,Diatom,Thalassionema spp.,D-Thalassionema spp.,260
12460,2013,Sep,30,30/09/2013,,16.37073,119.93401,W3,,1,Diatom,Thalassiosira spp.,D-Thalassiosira spp.,540
12461,2013,Sep,30,30/09/2013,,16.37073,119.93401,W3,,1,Dinoflagellate,Prorocentrum micans,DF-Prorocentrum micans,660
12462,2013,Sep,30,30/09/2013,,16.37073,119.93401,W3,,1,Diatom,Pleurosigma sp1,D-Pleurosigma sp. 1,880
12463,2013,Sep,30,30/09/2013,,16.32003,119.93384,W8,,1,Diatom,Coscinodiscus spp.,D-Coscinodiscus spp.,20
12464,2013,Sep,30,30/09/2013,,16.32003,119.93384,W8,,1,Diatom,Pleurosigma spp.,D-Pleurosigma spp.,60
12465,2013,Sep,30,30/09/2013,,16.32003,119.93384,W8,,1,Diatom,Pseudonitzschia spp.,D-Pseudonitzschia spp.,60
12466,2013,Sep,30,30/09/2013,,16.32003,119.93384,W8,,1,Diatom,Pleurosigma sp1,D-Pleurosigma sp. 1,80
12467,2013,Sep,30,30/09/2013,,16.32003,119.93384,W8,,1,Diatom,Thalassiosira spp.,D-Thalassiosira spp.,100
12468,2013,Sep,30,30/09/2013,,16.32003,119.93384,W8,,1,Dinoflagellate,Prorocentrum micans,DF-Prorocentrum micans,3940
12469,2013,Sep,30,30/09/2013,,16.34775,119.93452,W9,,1,Diatom,Pleurosigma spp.,D-Pleurosigma spp.,20
12470,2013,Sep,30,30/09/2013,,16.34775,119.93452,W9,,1,Diatom,Ditylum sp.,D-Ditylum sp.,120
12471,2013,Sep,30,30/09/2013,,16.34775,119.93452,W9,,1,Diatom,Pleurosigma sp1,D-Pleurosigma sp. 1,200
12472,2013,Sep,30,30/09/2013,,16.34775,119.93452,W9,,1,Dinoflagellate,Scrippsiella spinifera,DF-Scrippsiella spinifera,220
12473,2013,Sep,30,30/09/2013,,16.34775,119.93452,W9,,1,Diatom,Pseudonitzschia spp.,D-Pseudonitzschia spp.,320
12474,2013,Sep,30,30/09/2013,,16.34775,119.93452,W9,,1,Diatom,Thalassiosira spp.,D-Thalassiosira spp.,340
12475,2013,Sep,30,30/09/2013,,16.34775,119.93452,W9,,1,Dinoflagellate,Gonyaulax,DF-Gonyaulax,1200
12476,2013,Sep,30,30/09/2013,,16.34775,119.93452,W9,,1,Dinoflagellate,Prorocentrum micans,DF-Prorocentrum micans,6380
12477,2013,Sep,30,30/09/2013,,16.37052,119.94857,W10,,1,Dinoflagellate,Ceratium furca,DF-Ceratium furca,20
12478,2013,Sep,30,30/09/2013,,16.37052,119.94857,W10,,1,Dinoflagellate,Gonyaulax,DF-Gonyaulax,20
12479,2013,Sep,30,30/09/2013,,16.37052,119.94857,W10,,1,Dinoflagellate,Protoperidinium pellucidum,DF-Protoperidinium pellucidum,40
12480,2013,Sep,30,30/09/2013,,16.37052,119.94857,W10,,1,Dinoflagellate,Protoperidinium conicum,DF-Protoperidinium conicum,60
12481,2013,Sep,30,30/09/2013,,16.37052,119.94857,W10,,1,Diatom,Pleurosigma sp1,D-Pleurosigma sp. 1,160
12482,2013,Sep,30,30/09/2013,,16.37052,119.94857,W10,,1,Dinoflagellate,Scrippsiella spinifera,DF-Scrippsiella spinifera,200
12483,2013,Sep,30,30/09/2013,,16.37052,119.94857,W10,,1,Diatom,Coscinodiscus spp.,D-Coscinodiscus spp.,300
12484,2013,Sep,30,30/09/2013,,16.37052,119.94857,W10,,1,Diatom,Thalassiosira spp.,D-Thalassiosira spp.,340
12485,2013,Sep,30,30/09/2013,,16.37052,119.94857,W10,,1,Dinoflagellate,Prorocentrum micans,DF-Prorocentrum micans,820
12486,2013,Sep,30,30/09/2013,,16.38326,119.92616,W11,,1,Dinoflagellate,Ceratium furca,DF-Ceratium furca,20
12487,2013,Sep,30,30/09/2013,,16.38326,119.92616,W11,,1,Dinoflagellate,Scrippsiella spinifera,DF-Scrippsiella spinifera,20
12488,2013,Sep,30,30/09/2013,,16.38326,119.92616,W11,,1,Dinoflagellate,Prorocentrum micans,DF-Prorocentrum micans,60
12489,2013,Sep,30,30/09/2013,,16.38326,119.92616,W11,,1,Diatom,Coscinodiscus spp.,D-Coscinodiscus spp.,100
12490,2013,Sep,30,30/09/2013,,16.38326,119.92616,W11,,1,Diatom,Pleurosigma sp1,D-Pleurosigma sp. 1,460
12491,2013,Sep,30,30/09/2013,,16.38326,119.92616,W11,,1,Diatom,Thalassiosira spp.,D-Thalassiosira spp.,460
12492,2013,Oct,3,03/10/2013,,16.30944,119.92063,TS1,,MID,Dinoflagellate,Alexandrium spp.,DF-Alexandrium spp.,160
12493,2013,Oct,3,03/10/2013,,16.30944,119.92063,TS1,,MID,Diatom,Bacteriastrum spp.,D-Bacteriastrum spp.,20
12494,2013,Oct,3,03/10/2013,,16.30944,119.92063,TS1,,MID,Dinoflagellate,Ceratium furca,DF-Ceratium furca,160
12495,2013,Oct,3,03/10/2013,,16.30944,119.92063,TS1,,MID,Diatom,Actinocyclus,D-Actinocyclus,400
12496,2013,Oct,3,03/10/2013,,16.30944,119.92063,TS1,,MID,Diatom,Navicula  spp.,D-Navicula  spp.,60
12497,2013,Oct,3,03/10/2013,,16.30944,119.92063,TS1,,MID,Diatom,Odontella spp.,D-Odontella spp.,60
12498,2013,Oct,3,03/10/2013,,16.30944,119.92063,TS1,,MID,Dinoflagellate,Prorocentrum micans,DF-Prorocentrum micans,11340
12499,2013,Oct,3,03/10/2013,,16.30944,119.92063,TS1,,MID,Dinoflagellate,Prorocentrum  minimum,DF-Prorocentrum  minimum,220
12500,2013,Oct,3,03/10/2013,,16.30944,119.92063,TS1,,MID,Dinoflagellate,Protoperidinium pallidum,DF-Protoperidinium pallidum,800
12501,2013,Oct,3,03/10/2013,,16.30944,119.92063,TS1,,MID,Diatom,Thalassionema spp.,D-Thalassionema spp.,12360
12502,2013,Oct,3,03/10/2013,,16.30944,119.92063,TS1,,MID,Dinoflagellate,Gymnodinium,DF-Gymnodinium,60
12503,2013,Oct,3,03/10/2013,,16.30944,119.92063,TS1,,MID,Diatom,Epithemia,D-Epithemia,40
12504,2013,Oct,3,03/10/2013,,16.38326,119.92616,W11,,MID,Diatom,Actinocyclus,D-Actinocyclus,100
12505,2013,Oct,3,03/10/2013,,16.38326,119.92616,W11,,MID,Dinoflagellate,Alexandrium spp.,DF-Alexandrium spp.,80
12506,2013,Oct,3,03/10/2013,,16.38326,119.92616,W11,,MID,Diatom,Bacteriastrum spp.,D-Bacteriastrum spp.,20
12507,2013,Oct,3,03/10/2013,,16.38326,119.92616,W11,,MID,Diatom,Coscinodiscus spp.,D-Coscinodiscus spp.,420
12508,2013,Oct,3,03/10/2013,,16.38326,119.92616,W11,,MID,Diatom,Odontella spp.,D-Odontella spp.,20
12509,2013,Oct,3,03/10/2013,,16.38326,119.92616,W11,,MID,Dinoflagellate,Prorocentrum micans,DF-Prorocentrum micans,7180
12510,2013,Oct,3,03/10/2013,,16.38326,119.92616,W11,,MID,Dinoflagellate,Peridinium quinquecorne,DF-Peridinium quinquecorne,40
12511,2013,Oct,3,03/10/2013,,16.38326,119.92616,W11,,MID,Dinoflagellate,Protoperidinium pallidum,DF-Protoperidinium pallidum,220
12512,2013,Oct,3,03/10/2013,,16.38326,119.92616,W11,,MID,Diatom,Thalassionema spp.,D-Thalassionema spp.,10500
12513,2013,Oct,3,03/10/2013,,16.38326,119.92616,W11,,MID,Dinoflagellate,Dinophysis caudata,DF-Dinophysis caudata,20
12514,2013,Oct,8,08/10/2013,,16.33431,119.95731,A3,,1,Dinoflagellate,Alexandrium spp.,DF-Alexandrium spp.,28020
12515,2013,Oct,8,08/10/2013,,16.33431,119.95731,A3,,1,Dinoflagellate,Ceratium furca,DF-Ceratium furca,120
12516,2013,Oct,8,08/10/2013,,16.33431,119.95731,A3,,1,Diatom,Coscinodiscus spp.,D-Coscinodiscus spp.,2060
12517,2013,Oct,8,08/10/2013,,16.33431,119.95731,A3,,1,Diatom,Navicula  spp.,D-Navicula  spp.,160
12518,2013,Oct,8,08/10/2013,,16.33431,119.95731,A3,,1,Diatom,Cocconeis sp.,D-Cocconeis sp.,40
12519,2013,Oct,8,08/10/2013,,16.33431,119.95731,A3,,1,Diatom,Diploneis sp,D-Diploneis sp,80
12520,2013,Oct,8,08/10/2013,,16.33431,119.95731,A3,,1,Dinoflagellate,Prorocentrum micans,DF-Prorocentrum micans,3080
12521,2013,Oct,8,08/10/2013,,16.33431,119.95731,A3,,1,Dinoflagellate,Prorocentrum  minimum,DF-Prorocentrum  minimum,1080
12522,2013,Oct,8,08/10/2013,,16.33431,119.95731,A3,,1,Dinoflagellate,Protoperidinium pallidum,DF-Protoperidinium pallidum,5360
12523,2013,Oct,8,08/10/2013,,16.33431,119.95731,A3,,1,Dinoflagellate,Peridinium quinquecorne,DF-Peridinium quinquecorne,80
12524,2013,Oct,8,08/10/2013,,16.33431,119.95731,A3,,1,Diatom,Thalassionema spp.,D-Thalassionema spp.,33040
12525,2013,Oct,8,08/10/2013,,16.33431,119.95731,A3,,1,Raphidophyte,Chattonnella subsalsa,RD-Chattonnella subsalsa,20
12526,2013,Oct,8,08/10/2013,,16.39578,119.90667,RVA3,,MID,Diatom,Actinocyclus,D-Actinocyclus,20
12527,2013,Oct,8,08/10/2013,,16.39578,119.90667,RVA3,,MID,Dinoflagellate,Alexandrium spp.,DF-Alexandrium spp.,1040
12528,2013,Oct,8,08/10/2013,,16.39578,119.90667,RVA3,,MID,Dinoflagellate,Ceratium furca,DF-Ceratium furca,160
12529,2013,Oct,8,08/10/2013,,16.39578,119.90667,RVA3,,MID,Diatom,Chaetoceros spp.,D-Chaetoceros spp.,60
12530,2013,Oct,8,08/10/2013,,16.39578,119.90667,RVA3,,MID,Diatom,Coscinodiscus spp.,D-Coscinodiscus spp.,320
12531,2013,Oct,8,08/10/2013,,16.39578,119.90667,RVA3,,MID,Diatom,Navicula  spp.,D-Navicula  spp.,400
12532,2013,Oct,8,08/10/2013,,16.39578,119.90667,RVA3,,MID,Diatom,Navicula  spp.,D-Navicula  spp.,20
12533,2013,Oct,8,08/10/2013,,16.39578,119.90667,RVA3,,MID,Diatom,Navicula  spp.,D-Navicula  spp.,20
12534,2013,Oct,8,08/10/2013,,16.39578,119.90667,RVA3,,MID,Dinoflagellate,Prorocentrum micans,DF-Prorocentrum micans,780
12535,2013,Oct,8,08/10/2013,,16.39578,119.90667,RVA3,,MID,Dinoflagellate,Prorocentrum  minimum,DF-Prorocentrum  minimum,160
12536,2013,Oct,8,08/10/2013,,16.39578,119.90667,RVA3,,MID,Dinoflagellate,Protoperidinium pallidum,DF-Protoperidinium pallidum,100
12537,2013,Oct,8,08/10/2013,,16.39578,119.90667,RVA3,,MID,Dinoflagellate,Peridinium quinquecorne,DF-Peridinium quinquecorne,80
12538,2013,Oct,8,08/10/2013,,16.39578,119.90667,RVA3,,MID,Diatom,Ditylum sp.,D-Ditylum sp.,2640
12539,2013,Oct,8,08/10/2013,,16.39578,119.90667,RVA3,,MID,Diatom,Thalassionema spp.,D-Thalassionema spp.,2380
12540,2013,Oct,8,08/10/2013,,16.39578,119.90667,RVA3,,MID,Diatom,Leptocylindrus spp.,D-Leptocylindrus spp.,180
12541,2013,Oct,8,08/10/2013,,16.39578,119.90667,RVA3,,MID,Diatom,Hemiaulus,D-Hemiaulus,20
12542,2013,Oct,8,08/10/2013,,16.39578,119.90667,RVA3,,1,Dinoflagellate,Alexandrium spp.,DF-Alexandrium spp.,5320
12543,2013,Oct,8,08/10/2013,,16.39578,119.90667,RVA3,,1,Diatom,Coscinodiscus spp.,D-Coscinodiscus spp.,340
12544,2013,Oct,8,08/10/2013,,16.39578,119.90667,RVA3,,1,Cyanobacteria,Trichodesmium sp.,CYN-Trichodesmium sp.,20
12545,2013,Oct,8,08/10/2013,,16.39578,119.90667,RVA3,,1,Diatom,Navicula  spp.,D-Navicula  spp.,400
12546,2013,Oct,8,08/10/2013,,16.39578,119.90667,RVA3,,1,Dinoflagellate,Prorocentrum micans,DF-Prorocentrum micans,300
12547,2013,Oct,8,08/10/2013,,16.39578,119.90667,RVA3,,1,Dinoflagellate,Prorocentrum  minimum,DF-Prorocentrum  minimum,200
12548,2013,Oct,8,08/10/2013,,16.39578,119.90667,RVA3,,1,Dinoflagellate,Peridinium quinquecorne,DF-Peridinium quinquecorne,140
12549,2013,Oct,8,08/10/2013,,16.39578,119.90667,RVA3,,1,Dinoflagellate,Protoperidinium pallidum,DF-Protoperidinium pallidum,820
12550,2013,Oct,8,08/10/2013,,16.39578,119.90667,RVA3,,1,Diatom,Ditylum sp.,D-Ditylum sp.,14360
12551,2013,Oct,8,08/10/2013,,16.39578,119.90667,RVA3,,1,Diatom,Thalassionema spp.,D-Thalassionema spp.,9820
12552,2013,Oct,8,08/10/2013,,16.39578,119.90667,RVA3,,1,Dinoflagellate,Oxytoxum spp.,DF-Oxytoxum spp.,80
12553,2013,Oct,8,08/10/2013,,16.32003,119.93384,W8,,1,Dinoflagellate,Alexandrium spp.,DF-Alexandrium spp.,14720
12554,2013,Oct,8,08/10/2013,,16.32003,119.93384,W8,,1,Dinoflagellate,Ceratium furca,DF-Ceratium furca,120
12555,2013,Oct,8,08/10/2013,,16.32003,119.93384,W8,,1,Dinoflagellate,Ceratium furca,DF-Ceratium furca,20
12556,2013,Oct,8,08/10/2013,,16.32003,119.93384,W8,,1,Raphidophyte,Chattonnella subsalsa,RD-Chattonnella subsalsa,40
12557,2013,Oct,8,08/10/2013,,16.32003,119.93384,W8,,1,Diatom,Coscinodiscus spp.,D-Coscinodiscus spp.,1500
12558,2013,Oct,8,08/10/2013,,16.32003,119.93384,W8,,1,Diatom,Navicula  spp.,D-Navicula  spp.,820
12559,2013,Oct,8,08/10/2013,,16.32003,119.93384,W8,,1,Diatom,Cocconeis sp.,D-Cocconeis sp.,80
12560,2013,Oct,8,08/10/2013,,16.32003,119.93384,W8,,1,Dinoflagellate,Prorocentrum micans,DF-Prorocentrum micans,2320
12561,2013,Oct,8,08/10/2013,,16.32003,119.93384,W8,,1,Dinoflagellate,Prorocentrum  minimum,DF-Prorocentrum  minimum,740
12562,2013,Oct,8,08/10/2013,,16.32003,119.93384,W8,,1,Dinoflagellate,Protoperidinium pellucidum,DF-Protoperidinium pellucidum,1200
12563,2013,Oct,8,08/10/2013,,16.32003,119.93384,W8,,1,Dinoflagellate,Protoperidinium conicum,DF-Protoperidinium conicum,340
12564,2013,Oct,8,08/10/2013,,16.32003,119.93384,W8,,1,Diatom,Thalassionema spp.,D-Thalassionema spp.,23420
12565,2013,Oct,8,08/10/2013,,16.32003,119.93384,W8,,1,Diatom,Thalassionema spp.,D-Thalassionema spp.,940
12566,2013,Oct,8,08/10/2013,,16.32003,119.93384,W8,,1,Diatom,Skeletonema,D-Skeletonema,1120
12567,2013,Oct,8,08/10/2013,,16.32003,119.93384,W8,,1,Diatom,Pleurosigma spp.,D-Pleurosigma spp.,40
12568,2013,Oct,8,08/10/2013,,16.32003,119.93384,W8,,1,Diatom,Thalassiosira spp.,D-Thalassiosira spp.,80
12569,2013,Oct,8,08/10/2013,,16.38326,119.92616,W11,,MID,Dinoflagellate,Alexandrium spp.,DF-Alexandrium spp.,1000
12570,2013,Oct,8,08/10/2013,,16.38326,119.92616,W11,,MID,Diatom,Coscinodiscus spp.,D-Coscinodiscus spp.,60
12571,2013,Oct,8,08/10/2013,,16.38326,119.92616,W11,,MID,Diatom,Navicula  spp.,D-Navicula  spp.,140
12572,2013,Oct,8,08/10/2013,,16.38326,119.92616,W11,,MID,Dinoflagellate,Prorocentrum  minimum,DF-Prorocentrum  minimum,140
12573,2013,Oct,8,08/10/2013,,16.38326,119.92616,W11,,MID,Dinoflagellate,Prorocentrum micans,DF-Prorocentrum micans,500
12574,2013,Oct,8,08/10/2013,,16.38326,119.92616,W11,,MID,Dinoflagellate,Protoperidinium pallidum,DF-Protoperidinium pallidum,120
12575,2013,Oct,8,08/10/2013,,16.38326,119.92616,W11,,MID,Diatom,Thalassionema spp.,D-Thalassionema spp.,7220
12576,2013,Oct,8,08/10/2013,,16.38326,119.92616,W11,,MID,Diatom,Leptocylindrus spp.,D-Leptocylindrus spp.,320
12577,2013,Oct,14,14/10/2013,,16.34775,119.93375,A1,,1,Dinoflagellate,Alexandrium spp.,DF-Alexandrium spp.,11500
12578,2013,Oct,14,14/10/2013,,16.34775,119.93375,A1,,1,Diatom,Coscinodiscus spp.,D-Coscinodiscus spp.,1000
12579,2013,Oct,14,14/10/2013,,16.34775,119.93375,A1,,1,Diatom,Leptocylindrus spp.,D-Leptocylindrus spp.,1440
12580,2013,Oct,14,14/10/2013,,16.34775,119.93375,A1,,1,Diatom,Navicula  spp.,D-Navicula  spp.,940
12581,2013,Oct,14,14/10/2013,,16.34775,119.93375,A1,,1,Diatom,Navicula  spp.,D-Navicula  spp.,80
12582,2013,Oct,14,14/10/2013,,16.34775,119.93375,A1,,1,Diatom,Navicula  spp.,D-Navicula  spp.,40
12583,2013,Oct,14,14/10/2013,,16.34775,119.93375,A1,,1,Diatom,Pleurosigma spp.,D-Pleurosigma spp.,40
12584,2013,Oct,14,14/10/2013,,16.34775,119.93375,A1,,1,Dinoflagellate,Prorocentrum  minimum,DF-Prorocentrum  minimum,180
12585,2013,Oct,14,14/10/2013,,16.34775,119.93375,A1,,1,Dinoflagellate,Prorocentrum  minimum,DF-Prorocentrum  minimum,180
12586,2013,Oct,14,14/10/2013,,16.34775,119.93375,A1,,1,Dinoflagellate,Protoperidinium pallidum,DF-Protoperidinium pallidum,500
12587,2013,Oct,14,14/10/2013,,16.34775,119.93375,A1,,1,Diatom,Ditylum sp.,D-Ditylum sp.,12820
12588,2013,Oct,14,14/10/2013,,16.34775,119.93375,A1,,1,Diatom,Thalassionema spp.,D-Thalassionema spp.,4200
12589,2013,Oct,14,14/10/2013,,16.34775,119.93452,A2,,1,Dinoflagellate,Alexandrium spp.,DF-Alexandrium spp.,18920
12590,2013,Oct,14,14/10/2013,,16.34775,119.93452,A2,,1,Diatom,Bacteriastrum spp.,D-Bacteriastrum spp.,20
12591,2013,Oct,14,14/10/2013,,16.34775,119.93452,A2,,1,Dinoflagellate,Ceratium furca,DF-Ceratium furca,60
12592,2013,Oct,14,14/10/2013,,16.34775,119.93452,A2,,1,Diatom,Coscinodiscus spp.,D-Coscinodiscus spp.,1700
12593,2013,Oct,14,14/10/2013,,16.34775,119.93452,A2,,1,Dinoflagellate,Dinoflagellate 1,DF-Dinoflagellate 1,40
12594,2013,Oct,14,14/10/2013,,16.34775,119.93452,A2,,1,Dinoflagellate,Dinophysis,DF-Dinophysis,40
12595,2013,Oct,14,14/10/2013,,16.34775,119.93452,A2,,1,Cyanobacteria,Trichodesmium sp.,CYN-Trichodesmium sp.,120
12596,2013,Oct,14,14/10/2013,,16.34775,119.93452,A2,,1,Diatom,Leptocylindrus spp.,D-Leptocylindrus spp.,3820
12597,2013,Oct,14,14/10/2013,,16.34775,119.93452,A2,,1,Diatom,Navicula  spp.,D-Navicula  spp.,3860
12598,2013,Oct,14,14/10/2013,,16.34775,119.93452,A2,,1,Diatom,Pleurosigma spp.,D-Pleurosigma spp.,80
12599,2013,Oct,14,14/10/2013,,16.34775,119.93452,A2,,1,Diatom,Proboscia,D-Proboscia,20
12600,2013,Oct,14,14/10/2013,,16.34775,119.93452,A2,,1,Dinoflagellate,Prorocentrum  minimum,DF-Prorocentrum  minimum,160
12601,2013,Oct,14,14/10/2013,,16.34775,119.93452,A2,,1,Dinoflagellate,Prorocentrum  minimum,DF-Prorocentrum  minimum,100
12602,2013,Oct,14,14/10/2013,,16.34775,119.93452,A2,,1,Dinoflagellate,Protoperidinium pallidum,DF-Protoperidinium pallidum,720
12603,2013,Oct,14,14/10/2013,,16.34775,119.93452,A2,,1,Dinoflagellate,Protoperidinium pallidum,DF-Protoperidinium pallidum,40
12604,2013,Oct,14,14/10/2013,,16.34775,119.93452,A2,,1,Diatom,Ditylum sp.,D-Ditylum sp.,19740
12605,2013,Oct,14,14/10/2013,,16.34775,119.93452,A2,,1,Diatom,Thalassionema spp.,D-Thalassionema spp.,4360
12606,2013,Oct,14,14/10/2013,,16.33431,119.95731,A3,,1,Dinoflagellate,Alexandrium spp.,DF-Alexandrium spp.,21820
12607,2013,Oct,14,14/10/2013,,16.33431,119.95731,A3,,1,Dinoflagellate,Ceratium furca,DF-Ceratium furca,60
12608,2013,Oct,14,14/10/2013,,16.33431,119.95731,A3,,1,Diatom,Chaetoceros spp.,D-Chaetoceros spp.,100
12609,2013,Oct,14,14/10/2013,,16.33431,119.95731,A3,,1,Diatom,Coscinodiscus spp.,D-Coscinodiscus spp.,2720
12610,2013,Oct,14,14/10/2013,,16.33431,119.95731,A3,,1,Dinoflagellate,Dinophysis,DF-Dinophysis,100
12611,2013,Oct,14,14/10/2013,,16.33431,119.95731,A3,,1,Diatom,Navicula  spp.,D-Navicula  spp.,1680
12612,2013,Oct,14,14/10/2013,,16.33431,119.95731,A3,,1,Diatom,Pleurosigma spp.,D-Pleurosigma spp.,140
12613,2013,Oct,14,14/10/2013,,16.33431,119.95731,A3,,1,Diatom,Proboscia,D-Proboscia,20
12614,2013,Oct,14,14/10/2013,,16.33431,119.95731,A3,,1,Dinoflagellate,Prorocentrum  minimum,DF-Prorocentrum  minimum,20
12615,2013,Oct,14,14/10/2013,,16.33431,119.95731,A3,,1,Dinoflagellate,Prorocentrum  minimum,DF-Prorocentrum  minimum,600
12616,2013,Oct,14,14/10/2013,,16.33431,119.95731,A3,,1,Dinoflagellate,Protoperidinium pallidum,DF-Protoperidinium pallidum,840
12617,2013,Oct,14,14/10/2013,,16.33431,119.95731,A3,,1,Dinoflagellate,Protoperidinium pallidum,DF-Protoperidinium pallidum,360
12618,2013,Oct,14,14/10/2013,,16.33431,119.95731,A3,,1,Diatom,Ditylum sp.,D-Ditylum sp.,13360
12619,2013,Oct,14,14/10/2013,,16.33431,119.95731,A3,,1,Diatom,Thalassionema spp.,D-Thalassionema spp.,3080
12620,2013,Oct,14,14/10/2013,,16.33431,119.95731,A3,,1,Diatom,Leptocylindrus spp.,D-Leptocylindrus spp.,4080
12621,2013,Oct,14,14/10/2013,,16.28459,119.92285,A4,,1,Dinoflagellate,Alexandrium spp.,DF-Alexandrium spp.,540
12622,2013,Oct,14,14/10/2013,,16.28459,119.92285,A4,,1,Diatom,Navicula  spp.,D-Navicula  spp.,120
12623,2013,Oct,14,14/10/2013,,16.28459,119.92285,A4,,1,Dinoflagellate,Prorocentrum  minimum,DF-Prorocentrum  minimum,60
12624,2013,Oct,14,14/10/2013,,16.28459,119.92285,A4,,1,Dinoflagellate,Protoperidinium pallidum,DF-Protoperidinium pallidum,80
12625,2013,Oct,14,14/10/2013,,16.28459,119.92285,A4,,1,Diatom,Ditylum sp.,D-Ditylum sp.,2200
12626,2013,Oct,14,14/10/2013,,16.28459,119.92285,A4,,1,Diatom,Leptocylindrus spp.,D-Leptocylindrus spp.,660
12627,2013,Oct,14,14/10/2013,,16.27365,119.92599,A5,,1,Dinoflagellate,Alexandrium spp.,DF-Alexandrium spp.,6760
12628,2013,Oct,14,14/10/2013,,16.27365,119.92599,A5,,1,Diatom,Coscinodiscus spp.,D-Coscinodiscus spp.,780
12629,2013,Oct,14,14/10/2013,,16.27365,119.92599,A5,,1,Dinoflagellate,Dinophysis,DF-Dinophysis,20
12630,2013,Oct,14,14/10/2013,,16.27365,119.92599,A5,,1,Diatom,Navicula  spp.,D-Navicula  spp.,520
12631,2013,Oct,14,14/10/2013,,16.27365,119.92599,A5,,1,Dinoflagellate,Prorocentrum  minimum,DF-Prorocentrum  minimum,280
12632,2013,Oct,14,14/10/2013,,16.27365,119.92599,A5,,1,Dinoflagellate,Protoperidinium pallidum,DF-Protoperidinium pallidum,300
12633,2013,Oct,14,14/10/2013,,16.27365,119.92599,A5,,1,Diatom,Ditylum sp.,D-Ditylum sp.,5580
12634,2013,Oct,14,14/10/2013,,16.27365,119.92599,A5,,1,Diatom,Thalassionema spp.,D-Thalassionema spp.,820
12635,2013,Oct,14,14/10/2013,,16.27365,119.92599,A5,,1,Diatom,Triceratium,D-Triceratium,80
12636,2013,Oct,14,14/10/2013,,16.27365,119.92599,A5,,1,Diatom,Leptocylindrus spp.,D-Leptocylindrus spp.,3100
12637,2013,Oct,14,14/10/2013,,16.3743,119.93198,PP,,1,Dinoflagellate,Alexandrium spp.,DF-Alexandrium spp.,4300
12638,2013,Oct,14,14/10/2013,,16.3743,119.93198,PP,,1,Dinoflagellate,Ceratium furca,DF-Ceratium furca,20
12639,2013,Oct,14,14/10/2013,,16.3743,119.93198,PP,,1,Diatom,Coscinodiscus spp.,D-Coscinodiscus spp.,220
12640,2013,Oct,14,14/10/2013,,16.3743,119.93198,PP,,1,Diatom,Hemiaulus,D-Hemiaulus,20
12641,2013,Oct,14,14/10/2013,,16.3743,119.93198,PP,,1,Diatom,Minidiscus,D-Minidiscus,540
12642,2013,Oct,14,14/10/2013,,16.3743,119.93198,PP,,1,Diatom,Navicula  spp.,D-Navicula  spp.,520
12643,2013,Oct,14,14/10/2013,,16.3743,119.93198,PP,,1,Dinoflagellate,Prorocentrum  minimum,DF-Prorocentrum  minimum,80
12644,2013,Oct,14,14/10/2013,,16.3743,119.93198,PP,,1,Dinoflagellate,Protoperidinium pallidum,DF-Protoperidinium pallidum,240
12645,2013,Oct,14,14/10/2013,,16.3743,119.93198,PP,,1,Diatom,Ditylum sp.,D-Ditylum sp.,2920
12646,2013,Oct,14,14/10/2013,,16.3743,119.93198,PP,,1,Diatom,Thalassionema spp.,D-Thalassionema spp.,1000
12647,2013,Oct,14,14/10/2013,,16.3743,119.93198,PP,,1,Diatom,Leptocylindrus spp.,D-Leptocylindrus spp.,3900
12648,2013,Oct,14,14/10/2013,,16.39578,119.90667,RVA3,,MID,Dinoflagellate,Alexandrium spp.,DF-Alexandrium spp.,1380
12649,2013,Oct,14,14/10/2013,,16.39578,119.90667,RVA3,,MID,Diatom,Chaetoceros spp.,D-Chaetoceros spp.,20
12650,2013,Oct,14,14/10/2013,,16.39578,119.90667,RVA3,,MID,Diatom,Coscinodiscus spp.,D-Coscinodiscus spp.,80
12651,2013,Oct,14,14/10/2013,,16.39578,119.90667,RVA3,,MID,Diatom,Minidiscus,D-Minidiscus,40
12652,2013,Oct,14,14/10/2013,,16.39578,119.90667,RVA3,,MID,Diatom,Navicula  spp.,D-Navicula  spp.,340
12653,2013,Oct,14,14/10/2013,,16.39578,119.90667,RVA3,,MID,Dinoflagellate,Prorocentrum  minimum,DF-Prorocentrum  minimum,60
12654,2013,Oct,14,14/10/2013,,16.39578,119.90667,RVA3,,MID,Dinoflagellate,Protoperidinium pallidum,DF-Protoperidinium pallidum,120
12655,2013,Oct,14,14/10/2013,,16.39578,119.90667,RVA3,,MID,Diatom,Ditylum sp.,D-Ditylum sp.,280
12656,2013,Oct,14,14/10/2013,,16.39578,119.90667,RVA3,,MID,Diatom,Thalassionema spp.,D-Thalassionema spp.,160
12657,2013,Oct,14,14/10/2013,,16.39578,119.90667,RVA3,,MID,Diatom,Thalassiothrix,D-Thalassiothrix,100
12658,2013,Oct,14,14/10/2013,,16.39578,119.90667,RVA3,,MID,Diatom,Leptocylindrus spp.,D-Leptocylindrus spp.,220
12659,2013,Oct,14,14/10/2013,,16.39578,119.90667,RVA3,,1,Dinoflagellate,Alexandrium spp.,DF-Alexandrium spp.,9500
12660,2013,Oct,14,14/10/2013,,16.39578,119.90667,RVA3,,1,Dinoflagellate,Ceratium furca,DF-Ceratium furca,20
12661,2013,Oct,14,14/10/2013,,16.39578,119.90667,RVA3,,1,Diatom,Chaetoceros spp.,D-Chaetoceros spp.,80
12662,2013,Oct,14,14/10/2013,,16.39578,119.90667,RVA3,,1,Diatom,Coscinodiscus spp.,D-Coscinodiscus spp.,600
12663,2013,Oct,14,14/10/2013,,16.39578,119.90667,RVA3,,1,Cyanobacteria,Trichodesmium sp.,CYN-Trichodesmium sp.,120
12664,2013,Oct,14,14/10/2013,,16.39578,119.90667,RVA3,,1,Diatom,Melosira,D-Melosira,460
12665,2013,Oct,14,14/10/2013,,16.39578,119.90667,RVA3,,1,Diatom,Minidiscus,D-Minidiscus,460
12666,2013,Oct,14,14/10/2013,,16.39578,119.90667,RVA3,,1,Diatom,Navicula  spp.,D-Navicula  spp.,13460
12667,2013,Oct,14,14/10/2013,,16.39578,119.90667,RVA3,,1,Diatom,Pleurosigma spp.,D-Pleurosigma spp.,520
12668,2013,Oct,14,14/10/2013,,16.39578,119.90667,RVA3,,1,Dinoflagellate,Prorocentrum  minimum,DF-Prorocentrum  minimum,200
12669,2013,Oct,14,14/10/2013,,16.39578,119.90667,RVA3,,1,Dinoflagellate,Protoperidinium pallidum,DF-Protoperidinium pallidum,420
12670,2013,Oct,14,14/10/2013,,16.39578,119.90667,RVA3,,1,Diatom,Ditylum sp.,D-Ditylum sp.,3900
12671,2013,Oct,14,14/10/2013,,16.39578,119.90667,RVA3,,1,Diatom,Thalassionema spp.,D-Thalassionema spp.,1080
12672,2013,Oct,14,14/10/2013,,16.39578,119.90667,RVA3,,1,Diatom,Thalassiothrix,D-Thalassiothrix,140
12673,2013,Oct,14,14/10/2013,,16.39578,119.90667,RVA3,,1,Diatom,Leptocylindrus spp.,D-Leptocylindrus spp.,2940
12674,2013,Oct,14,14/10/2013,,16.30944,119.92063,TS1 ,,MID,Dinoflagellate,Alexandrium spp.,DF-Alexandrium spp.,1780
12675,2013,Oct,14,14/10/2013,,16.30944,119.92063,TS1 ,,MID,Dinoflagellate,Ceratium furca,DF-Ceratium furca,60
12676,2013,Oct,14,14/10/2013,,16.30944,119.92063,TS1 ,,MID,Diatom,Coscinodiscus spp.,D-Coscinodiscus spp.,260
12677,2013,Oct,14,14/10/2013,,16.30944,119.92063,TS1 ,,MID,Diatom,Minidiscus,D-Minidiscus,20
12678,2013,Oct,14,14/10/2013,,16.30944,119.92063,TS1 ,,MID,Diatom,Navicula  spp.,D-Navicula  spp.,140
12679,2013,Oct,14,14/10/2013,,16.30944,119.92063,TS1 ,,MID,Diatom,Planktoniella,D-Planktoniella,20
12680,2013,Oct,14,14/10/2013,,16.30944,119.92063,TS1 ,,MID,Diatom,Pleurosigma spp.,D-Pleurosigma spp.,40
12681,2013,Oct,14,14/10/2013,,16.30944,119.92063,TS1 ,,MID,Dinoflagellate,Prorocentrum  minimum,DF-Prorocentrum  minimum,80
12682,2013,Oct,14,14/10/2013,,16.30944,119.92063,TS1 ,,MID,Dinoflagellate,Protoperidinium pallidum,DF-Protoperidinium pallidum,80
12683,2013,Oct,14,14/10/2013,,16.30944,119.92063,TS1 ,,MID,Diatom,Ditylum sp.,D-Ditylum sp.,720
12684,2013,Oct,14,14/10/2013,,16.30944,119.92063,TS1 ,,MID,Diatom,Thalassionema spp.,D-Thalassionema spp.,260
12685,2013,Oct,14,14/10/2013,,16.30944,119.92063,TS1 ,,MID,Diatom,Thalassiosira spp.,D-Thalassiosira spp.,100
12686,2013,Oct,14,14/10/2013,,16.30944,119.92063,TS1 ,,MID,Diatom,Thalassiothrix,D-Thalassiothrix,80
12687,2013,Oct,14,14/10/2013,,16.30944,119.92063,TS1,,1,Dinoflagellate,Alexandrium spp.,DF-Alexandrium spp.,10720
12688,2013,Oct,14,14/10/2013,,16.30944,119.92063,TS1,,1,Dinoflagellate,Ceratium furca,DF-Ceratium furca,40
12689,2013,Oct,14,14/10/2013,,16.30944,119.92063,TS1,,1,Diatom,Coscinodiscus spp.,D-Coscinodiscus spp.,2180
12690,2013,Oct,14,14/10/2013,,16.30944,119.92063,TS1,,1,Diatom,Minidiscus,D-Minidiscus,80
12691,2013,Oct,14,14/10/2013,,16.30944,119.92063,TS1,,1,Diatom,Navicula  spp.,D-Navicula  spp.,680
12692,2013,Oct,14,14/10/2013,,16.30944,119.92063,TS1,,1,Diatom,Pleurosigma spp.,D-Pleurosigma spp.,60
12693,2013,Oct,14,14/10/2013,,16.30944,119.92063,TS1,,1,Dinoflagellate,Prorocentrum  minimum,DF-Prorocentrum  minimum,1040
12694,2013,Oct,14,14/10/2013,,16.30944,119.92063,TS1,,1,Dinoflagellate,Protoperidinium pallidum,DF-Protoperidinium pallidum,260
12695,2013,Oct,14,14/10/2013,,16.30944,119.92063,TS1,,1,Diatom,Ditylum sp.,D-Ditylum sp.,2320
12696,2013,Oct,14,14/10/2013,,16.30944,119.92063,TS1,,1,Diatom,Thalassionema spp.,D-Thalassionema spp.,460
12697,2013,Oct,14,14/10/2013,,16.30944,119.92063,TS1,,1,Diatom,Thalassiothrix,D-Thalassiothrix,40
12698,2013,Oct,14,14/10/2013,,16.30944,119.92063,TS1,,1,Diatom,Leptocylindrus spp.,D-Leptocylindrus spp.,1460
12699,2013,Oct,14,14/10/2013,,16.38339,119.91585,TS2,,1,Dinoflagellate,Alexandrium spp.,DF-Alexandrium spp.,4520
12700,2013,Oct,14,14/10/2013,,16.38339,119.91585,TS2,,1,Diatom,Amphora,D-Amphora,80
12701,2013,Oct,14,14/10/2013,,16.38339,119.91585,TS2,,1,Diatom,Bacteriastrum spp.,D-Bacteriastrum spp.,20
12702,2013,Oct,14,14/10/2013,,16.38339,119.91585,TS2,,1,Dinoflagellate,Ceratium furca,DF-Ceratium furca,20
12703,2013,Oct,14,14/10/2013,,16.38339,119.91585,TS2,,1,Diatom,Chaetoceros spp.,D-Chaetoceros spp.,60
12704,2013,Oct,14,14/10/2013,,16.38339,119.91585,TS2,,1,Diatom,Coscinodiscus spp.,D-Coscinodiscus spp.,500
12705,2013,Oct,14,14/10/2013,,16.38339,119.91585,TS2,,1,Dinoflagellate,Dinophysis,DF-Dinophysis,20
12706,2013,Oct,14,14/10/2013,,16.38339,119.91585,TS2,,1,Cyanobacteria,Trichodesmium sp.,CYN-Trichodesmium sp.,20
12707,2013,Oct,14,14/10/2013,,16.38339,119.91585,TS2,,1,Diatom,Minidiscus,D-Minidiscus,40
12708,2013,Oct,14,14/10/2013,,16.38339,119.91585,TS2,,1,Diatom,Navicula  spp.,D-Navicula  spp.,920
12709,2013,Oct,14,14/10/2013,,16.38339,119.91585,TS2,,1,Dinoflagellate,Oxytoxum spp.,DF-Oxytoxum spp.,40
12710,2013,Oct,14,14/10/2013,,16.38339,119.91585,TS2,,1,Diatom,Pleurosigma spp.,D-Pleurosigma spp.,40
12711,2013,Oct,14,14/10/2013,,16.38339,119.91585,TS2,,1,Dinoflagellate,Prorocentrum  minimum,DF-Prorocentrum  minimum,220
12712,2013,Oct,14,14/10/2013,,16.38339,119.91585,TS2,,1,Dinoflagellate,Protoperidinium pallidum,DF-Protoperidinium pallidum,340
12713,2013,Oct,14,14/10/2013,,16.38339,119.91585,TS2,,1,Diatom,Ditylum sp.,D-Ditylum sp.,2960
12714,2013,Oct,14,14/10/2013,,16.38339,119.91585,TS2,,1,Diatom,Thalassionema spp.,D-Thalassionema spp.,1260
12715,2013,Oct,14,14/10/2013,,16.38339,119.91585,TS2,,1,Diatom,Thalassiosira spp.,D-Thalassiosira spp.,20
12716,2013,Oct,14,14/10/2013,,16.38339,119.91585,TS2,,1,Diatom,Thalassiothrix,D-Thalassiothrix,200
12717,2013,Oct,14,14/10/2013,,16.38339,119.91585,TS2,,1,Diatom,Leptocylindrus spp.,D-Leptocylindrus spp.,360
12718,2013,Oct,14,14/10/2013,,16.34927,119.94606,W1,,1,Dinoflagellate,Alexandrium spp.,DF-Alexandrium spp.,7880
12719,2013,Oct,14,14/10/2013,,16.34927,119.94606,W1,,1,Dinoflagellate,Ceratium furca,DF-Ceratium furca,160
12720,2013,Oct,14,14/10/2013,,16.34927,119.94606,W1,,1,Diatom,Chaetoceros spp.,D-Chaetoceros spp.,40
12721,2013,Oct,14,14/10/2013,,16.34927,119.94606,W1,,1,Diatom,Coscinodiscus spp.,D-Coscinodiscus spp.,1020
12722,2013,Oct,14,14/10/2013,,16.34927,119.94606,W1,,1,Dinoflagellate,Dinophysis,DF-Dinophysis,20
12723,2013,Oct,14,14/10/2013,,16.34927,119.94606,W1,,1,Cyanobacteria,Trichodesmium sp.,CYN-Trichodesmium sp.,60
12724,2013,Oct,14,14/10/2013,,16.34927,119.94606,W1,,1,Diatom,Navicula  spp.,D-Navicula  spp.,660
12725,2013,Oct,14,14/10/2013,,16.34927,119.94606,W1,,1,Diatom,Pleurosigma spp.,D-Pleurosigma spp.,100
12726,2013,Oct,14,14/10/2013,,16.34927,119.94606,W1,,1,Dinoflagellate,Prorocentrum  minimum,DF-Prorocentrum  minimum,300
12727,2013,Oct,14,14/10/2013,,16.34927,119.94606,W1,,1,Dinoflagellate,Protoperidinium pallidum,DF-Protoperidinium pallidum,420
12728,2013,Oct,14,14/10/2013,,16.34927,119.94606,W1,,1,Dinoflagellate,Protoperidinium pallidum,DF-Protoperidinium pallidum,40
12729,2013,Oct,14,14/10/2013,,16.34927,119.94606,W1,,1,Diatom,Ditylum sp.,D-Ditylum sp.,4000
12730,2013,Oct,14,14/10/2013,,16.34927,119.94606,W1,,1,Diatom,Thalassionema spp.,D-Thalassionema spp.,1180
12731,2013,Oct,14,14/10/2013,,16.34927,119.94606,W1,,1,Diatom,Leptocylindrus spp.,D-Leptocylindrus spp.,1100
12732,2013,Oct,14,14/10/2013,,16.33668,119.94476,W2A,,1,Dinoflagellate,Alexandrium spp.,DF-Alexandrium spp.,12500
12733,2013,Oct,14,14/10/2013,,16.33668,119.94476,W2A,,1,Dinoflagellate,Ceratium furca,DF-Ceratium furca,100
12734,2013,Oct,14,14/10/2013,,16.33668,119.94476,W2A,,1,Diatom,Chaetoceros spp.,D-Chaetoceros spp.,20
12735,2013,Oct,14,14/10/2013,,16.33668,119.94476,W2A,,1,Diatom,Coscinodiscus spp.,D-Coscinodiscus spp.,940
12736,2013,Oct,14,14/10/2013,,16.33668,119.94476,W2A,,1,Dinoflagellate,Dinophysis,DF-Dinophysis,20
12737,2013,Oct,14,14/10/2013,,16.33668,119.94476,W2A,,1,Cyanobacteria,Trichodesmium sp.,CYN-Trichodesmium sp.,20
12738,2013,Oct,14,14/10/2013,,16.33668,119.94476,W2A,,1,Diatom,Navicula  spp.,D-Navicula  spp.,2180
12739,2013,Oct,14,14/10/2013,,16.33668,119.94476,W2A,,1,Diatom,Pleurosigma spp.,D-Pleurosigma spp.,100
12740,2013,Oct,14,14/10/2013,,16.33668,119.94476,W2A,,1,Dinoflagellate,Prorocentrum  minimum,DF-Prorocentrum  minimum,140
12741,2013,Oct,14,14/10/2013,,16.33668,119.94476,W2A,,1,Dinoflagellate,Protoperidinium pallidum,DF-Protoperidinium pallidum,280
12742,2013,Oct,14,14/10/2013,,16.33668,119.94476,W2A,,1,Diatom,Ditylum sp.,D-Ditylum sp.,8420
12743,2013,Oct,14,14/10/2013,,16.33668,119.94476,W2A,,1,Diatom,Thalassionema spp.,D-Thalassionema spp.,1200
12744,2013,Oct,14,14/10/2013,,16.33668,119.94476,W2A,,1,Diatom,Leptocylindrus spp.,D-Leptocylindrus spp.,3000
12745,2013,Oct,14,14/10/2013,,16.37073,119.93401,W3,,1,Dinoflagellate,Alexandrium spp.,DF-Alexandrium spp.,4560
12746,2013,Oct,14,14/10/2013,,16.37073,119.93401,W3,,1,Dinoflagellate,Ceratium furca,DF-Ceratium furca,120
12747,2013,Oct,14,14/10/2013,,16.37073,119.93401,W3,,1,Diatom,Coscinodiscus spp.,D-Coscinodiscus spp.,860
12748,2013,Oct,14,14/10/2013,,16.37073,119.93401,W3,,1,Diatom,Navicula  spp.,D-Navicula  spp.,660
12749,2013,Oct,14,14/10/2013,,16.37073,119.93401,W3,,1,Diatom,Pleurosigma spp.,D-Pleurosigma spp.,20
12750,2013,Oct,14,14/10/2013,,16.37073,119.93401,W3,,1,Dinoflagellate,Prorocentrum  minimum,DF-Prorocentrum  minimum,100
12751,2013,Oct,14,14/10/2013,,16.37073,119.93401,W3,,1,Dinoflagellate,Prorocentrum  minimum,DF-Prorocentrum  minimum,40
12752,2013,Oct,14,14/10/2013,,16.37073,119.93401,W3,,1,Dinoflagellate,Protoperidinium pallidum,DF-Protoperidinium pallidum,180
12753,2013,Oct,14,14/10/2013,,16.37073,119.93401,W3,,1,Diatom,Ditylum sp.,D-Ditylum sp.,1400
12754,2013,Oct,14,14/10/2013,,16.37073,119.93401,W3,,1,Diatom,Thalassionema spp.,D-Thalassionema spp.,820
12755,2013,Oct,14,14/10/2013,,16.37073,119.93401,W3,,1,Diatom,Leptocylindrus spp.,D-Leptocylindrus spp.,1140
12756,2013,Oct,14,14/10/2013,,16.32003,119.93384,W8,,1,Dinoflagellate,Alexandrium spp.,DF-Alexandrium spp.,4320
12757,2013,Oct,14,14/10/2013,,16.32003,119.93384,W8,,1,Diatom,Azpeitia,D-Azpeitia,40
12758,2013,Oct,14,14/10/2013,,16.32003,119.93384,W8,,1,Dinoflagellate,Ceratium furca,DF-Ceratium furca,40
12759,2013,Oct,14,14/10/2013,,16.32003,119.93384,W8,,1,Diatom,Coscinodiscus spp.,D-Coscinodiscus spp.,1780
12760,2013,Oct,14,14/10/2013,,16.32003,119.93384,W8,,1,Cyanobacteria,Trichodesmium sp.,CYN-Trichodesmium sp.,60
12761,2013,Oct,14,14/10/2013,,16.32003,119.93384,W8,,1,Diatom,Minidiscus,D-Minidiscus,100
12762,2013,Oct,14,14/10/2013,,16.32003,119.93384,W8,,1,Diatom,Navicula  spp.,D-Navicula  spp.,1720
12763,2013,Oct,14,14/10/2013,,16.32003,119.93384,W8,,1,Diatom,Pleurosigma spp.,D-Pleurosigma spp.,100
12764,2013,Oct,14,14/10/2013,,16.32003,119.93384,W8,,1,Dinoflagellate,Prorocentrum  minimum,DF-Prorocentrum  minimum,160
12765,2013,Oct,14,14/10/2013,,16.32003,119.93384,W8,,1,Dinoflagellate,Protoperidinium pallidum,DF-Protoperidinium pallidum,320
12766,2013,Oct,14,14/10/2013,,16.32003,119.93384,W8,,1,Diatom,Ditylum sp.,D-Ditylum sp.,7860
12767,2013,Oct,14,14/10/2013,,16.32003,119.93384,W8,,1,Diatom,Thalassionema spp.,D-Thalassionema spp.,1440
12768,2013,Oct,14,14/10/2013,,16.32003,119.93384,W8,,1,Diatom,Leptocylindrus spp.,D-Leptocylindrus spp.,1760
12769,2013,Oct,14,14/10/2013,,16.34775,119.93452,W9,,1,Dinoflagellate,Alexandrium spp.,DF-Alexandrium spp.,12100
12770,2013,Oct,14,14/10/2013,,16.34775,119.93452,W9,,1,Dinoflagellate,Ceratium furca,DF-Ceratium furca,40
12771,2013,Oct,14,14/10/2013,,16.34775,119.93452,W9,,1,Diatom,Coscinodiscus spp.,D-Coscinodiscus spp.,2560
12772,2013,Oct,14,14/10/2013,,16.34775,119.93452,W9,,1,Cyanobacteria,Trichodesmium sp.,CYN-Trichodesmium sp.,60
12773,2013,Oct,14,14/10/2013,,16.34775,119.93452,W9,,1,Diatom,Minidiscus,D-Minidiscus,40
12774,2013,Oct,14,14/10/2013,,16.34775,119.93452,W9,,1,Diatom,Navicula  spp.,D-Navicula  spp.,4160
12775,2013,Oct,14,14/10/2013,,16.34775,119.93452,W9,,1,Diatom,Pleurosigma spp.,D-Pleurosigma spp.,120
12776,2013,Oct,14,14/10/2013,,16.34775,119.93452,W9,,1,Dinoflagellate,Prorocentrum  minimum,DF-Prorocentrum  minimum,200
12777,2013,Oct,14,14/10/2013,,16.34775,119.93452,W9,,1,Dinoflagellate,Protoperidinium pallidum,DF-Protoperidinium pallidum,480
12778,2013,Oct,14,14/10/2013,,16.34775,119.93452,W9,,1,Diatom,Ditylum sp.,D-Ditylum sp.,17120
12779,2013,Oct,14,14/10/2013,,16.34775,119.93452,W9,,1,Diatom,Thalassionema spp.,D-Thalassionema spp.,1280
12780,2013,Oct,14,14/10/2013,,16.34775,119.93452,W9,,1,Diatom,Leptocylindrus spp.,D-Leptocylindrus spp.,5200
12781,2013,Oct,14,14/10/2013,,16.37052,119.94857,W10,,1,Dinoflagellate,Alexandrium spp.,DF-Alexandrium spp.,3420
12782,2013,Oct,14,14/10/2013,,16.37052,119.94857,W10,,1,Dinoflagellate,Ceratium furca,DF-Ceratium furca,40
12783,2013,Oct,14,14/10/2013,,16.37052,119.94857,W10,,1,Diatom,Coscinodiscus spp.,D-Coscinodiscus spp.,1180
12784,2013,Oct,14,14/10/2013,,16.37052,119.94857,W10,,1,Diatom,Minidiscus,D-Minidiscus,240
12785,2013,Oct,14,14/10/2013,,16.37052,119.94857,W10,,1,Diatom,Navicula  spp.,D-Navicula  spp.,740
12786,2013,Oct,14,14/10/2013,,16.37052,119.94857,W10,,1,Diatom,Pleurosigma spp.,D-Pleurosigma spp.,40
12787,2013,Oct,14,14/10/2013,,16.37052,119.94857,W10,,1,Dinoflagellate,Prorocentrum  minimum,DF-Prorocentrum  minimum,300
12788,2013,Oct,14,14/10/2013,,16.37052,119.94857,W10,,1,Dinoflagellate,Protoperidinium pallidum,DF-Protoperidinium pallidum,300
12789,2013,Oct,14,14/10/2013,,16.37052,119.94857,W10,,1,Diatom,Ditylum sp.,D-Ditylum sp.,1140
12790,2013,Oct,14,14/10/2013,,16.37052,119.94857,W10,,1,Diatom,Thalassionema spp.,D-Thalassionema spp.,460
12791,2013,Oct,14,14/10/2013,,16.37052,119.94857,W10,,1,Diatom,Leptocylindrus spp.,D-Leptocylindrus spp.,1140
12792,2013,Oct,14,14/10/2013,,16.38326,119.92616,W11,,MID,Dinoflagellate,Alexandrium spp.,DF-Alexandrium spp.,4000
12793,2013,Oct,14,14/10/2013,,16.38326,119.92616,W11,,MID,Diatom,Bacteriastrum spp.,D-Bacteriastrum spp.,20
12794,2013,Oct,14,14/10/2013,,16.38326,119.92616,W11,,MID,Diatom,Chaetoceros spp.,D-Chaetoceros spp.,20
12795,2013,Oct,14,14/10/2013,,16.38326,119.92616,W11,,MID,Diatom,Coscinodiscus spp.,D-Coscinodiscus spp.,300
12796,2013,Oct,14,14/10/2013,,16.38326,119.92616,W11,,MID,Dinoflagellate,Dinophysis,DF-Dinophysis,20
12797,2013,Oct,14,14/10/2013,,16.38326,119.92616,W11,,MID,Diatom,Minidiscus,D-Minidiscus,200
12798,2013,Oct,14,14/10/2013,,16.38326,119.92616,W11,,MID,Diatom,Navicula  spp.,D-Navicula  spp.,620
12799,2013,Oct,14,14/10/2013,,16.38326,119.92616,W11,,MID,Diatom,Odontella spp.,D-Odontella spp.,20
12800,2013,Oct,14,14/10/2013,,16.38326,119.92616,W11,,MID,Dinoflagellate,Prorocentrum  minimum,DF-Prorocentrum  minimum,120
12801,2013,Oct,14,14/10/2013,,16.38326,119.92616,W11,,MID,Dinoflagellate,Protoperidinium pallidum,DF-Protoperidinium pallidum,120
12802,2013,Oct,14,14/10/2013,,16.38326,119.92616,W11,,MID,Diatom,Ditylum sp.,D-Ditylum sp.,1080
12803,2013,Oct,14,14/10/2013,,16.38326,119.92616,W11,,MID,Diatom,Thalassionema spp.,D-Thalassionema spp.,440
12804,2013,Oct,14,14/10/2013,,16.38326,119.92616,W11,,MID,Diatom,Leptocylindrus spp.,D-Leptocylindrus spp.,460
12805,2013,Oct,14,14/10/2013,,16.38326,119.92616,W11,,1,Dinoflagellate,Alexandrium spp.,DF-Alexandrium spp.,5820
12806,2013,Oct,14,14/10/2013,,16.38326,119.92616,W11,,1,Dinoflagellate,Ceratium furca,DF-Ceratium furca,20
12807,2013,Oct,14,14/10/2013,,16.38326,119.92616,W11,,1,Diatom,Chaetoceros spp.,D-Chaetoceros spp.,100
12808,2013,Oct,14,14/10/2013,,16.38326,119.92616,W11,,1,Diatom,Chaetoceros spp.,D-Chaetoceros spp.,40
12809,2013,Oct,14,14/10/2013,,16.38326,119.92616,W11,,1,Diatom,Chaetoceros spp.,D-Chaetoceros spp.,40
12810,2013,Oct,14,14/10/2013,,16.38326,119.92616,W11,,1,Diatom,Coscinodiscus spp.,D-Coscinodiscus spp.,540
12811,2013,Oct,14,14/10/2013,,16.38326,119.92616,W11,,1,Diatom,Minidiscus,D-Minidiscus,320
12812,2013,Oct,14,14/10/2013,,16.38326,119.92616,W11,,1,Diatom,Navicula  spp.,D-Navicula  spp.,480
12813,2013,Oct,14,14/10/2013,,16.38326,119.92616,W11,,1,Dinoflagellate,Prorocentrum  minimum,DF-Prorocentrum  minimum,60
12814,2013,Oct,14,14/10/2013,,16.38326,119.92616,W11,,1,Dinoflagellate,Protoperidinium pallidum,DF-Protoperidinium pallidum,260
12815,2013,Oct,14,14/10/2013,,16.38326,119.92616,W11,,1,Diatom,Ditylum sp.,D-Ditylum sp.,1160
12816,2013,Oct,14,14/10/2013,,16.38326,119.92616,W11,,1,Diatom,Thalassionema spp.,D-Thalassionema spp.,540
12817,2013,Oct,14,14/10/2013,,16.38326,119.92616,W11,,1,Diatom,Leptocylindrus spp.,D-Leptocylindrus spp.,260
12818,2013,Oct,17,17/10/2013,,16.34775,119.93375,A1,,1,Diatom,Actinocyclus,D-Actinocyclus,720
12819,2013,Oct,17,17/10/2013,,16.34775,119.93375,A1,,1,Dinoflagellate,Alexandrium spp.,DF-Alexandrium spp.,1580
12820,2013,Oct,17,17/10/2013,,16.34775,119.93375,A1,,1,Dinoflagellate,Ceratium furca,DF-Ceratium furca,120
12821,2013,Oct,17,17/10/2013,,16.34775,119.93375,A1,,1,Diatom,Coscinodiscus spp.,D-Coscinodiscus spp.,40
12822,2013,Oct,17,17/10/2013,,16.34775,119.93375,A1,,1,Diatom,Hemiaulus,D-Hemiaulus,100
12823,2013,Oct,17,17/10/2013,,16.34775,119.93375,A1,,1,Diatom,Leptocylindrus spp.,D-Leptocylindrus spp.,160
12824,2013,Oct,17,17/10/2013,,16.34775,119.93375,A1,,1,Diatom,Minidiscus,D-Minidiscus,40
12825,2013,Oct,17,17/10/2013,,16.34775,119.93375,A1,,1,Diatom,Navicula  spp.,D-Navicula  spp.,200
12826,2013,Oct,17,17/10/2013,,16.34775,119.93375,A1,,1,Dinoflagellate,Prorocentrum micans,DF-Prorocentrum micans,100
12827,2013,Oct,17,17/10/2013,,16.34775,119.93375,A1,,1,Dinoflagellate,Protoperidinium pallidum,DF-Protoperidinium pallidum,380
12828,2013,Oct,17,17/10/2013,,16.34775,119.93375,A1,,1,Diatom,Ditylum sp.,D-Ditylum sp.,340
12829,2013,Oct,17,17/10/2013,,16.34775,119.93375,A1,,1,Diatom,Thalassionema spp.,D-Thalassionema spp.,460
12830,2013,Oct,17,17/10/2013,,16.34775,119.93375,A1,,1,Diatom,Thalassiosira spp.,D-Thalassiosira spp.,120
12831,2013,Oct,17,17/10/2013,,16.34775,119.93375,A1,,1,Diatom,Thalassiothrix,D-Thalassiothrix,20
12832,2013,Oct,17,17/10/2013,,16.34775,119.93452,A2,,1,Dinoflagellate,Alexandrium spp.,DF-Alexandrium spp.,27440
12833,2013,Oct,17,17/10/2013,,16.34775,119.93452,A2,,1,Dinoflagellate,Ceratium furca,DF-Ceratium furca,40
12834,2013,Oct,17,17/10/2013,,16.34775,119.93452,A2,,1,Diatom,Coscinodiscus spp.,D-Coscinodiscus spp.,2980
12835,2013,Oct,17,17/10/2013,,16.34775,119.93452,A2,,1,Dinoflagellate,Dinophysis caudata,DF-Dinophysis caudata,280
12836,2013,Oct,17,17/10/2013,,16.34775,119.93452,A2,,1,Cyanobacteria,Trichodesmium sp.,CYN-Trichodesmium sp.,40
12837,2013,Oct,17,17/10/2013,,16.34775,119.93452,A2,,1,Diatom,Skeletonema,D-Skeletonema,900
12838,2013,Oct,17,17/10/2013,,16.34775,119.93452,A2,,1,Diatom,Leptocylindrus spp.,D-Leptocylindrus spp.,2720
12839,2013,Oct,17,17/10/2013,,16.34775,119.93452,A2,,1,Diatom,Melosira,D-Melosira,100
12840,2013,Oct,17,17/10/2013,,16.34775,119.93452,A2,,1,Diatom,Minidiscus,D-Minidiscus,40
12841,2013,Oct,17,17/10/2013,,16.34775,119.93452,A2,,1,Diatom,Navicula  spp.,D-Navicula  spp.,2640
12842,2013,Oct,17,17/10/2013,,16.34775,119.93452,A2,,1,Diatom,Pleurosigma spp.,D-Pleurosigma spp.,240
12843,2013,Oct,17,17/10/2013,,16.34775,119.93452,A2,,1,Diatom,Proboscia,D-Proboscia,20
12844,2013,Oct,17,17/10/2013,,16.34775,119.93452,A2,,1,Dinoflagellate,Prorocentrum micans,DF-Prorocentrum micans,460
12845,2013,Oct,17,17/10/2013,,16.34775,119.93452,A2,,1,Dinoflagellate,Protoperidinium pallidum,DF-Protoperidinium pallidum,4520
12846,2013,Oct,17,17/10/2013,,16.34775,119.93452,A2,,1,Diatom,Ditylum sp.,D-Ditylum sp.,22760
12847,2013,Oct,17,17/10/2013,,16.34775,119.93452,A2,,1,Diatom,Thalassionema spp.,D-Thalassionema spp.,3220
12848,2013,Oct,17,17/10/2013,,16.34775,119.93452,A2,,1,Diatom,Thalassiosira spp.,D-Thalassiosira spp.,560
12849,2013,Oct,17,17/10/2013,,16.33431,119.95731,A3,,1,Diatom,Actinocyclus,D-Actinocyclus,1780
12850,2013,Oct,17,17/10/2013,,16.33431,119.95731,A3,,1,Dinoflagellate,Alexandrium spp.,DF-Alexandrium spp.,25380
12851,2013,Oct,17,17/10/2013,,16.33431,119.95731,A3,,1,Diatom,Coscinodiscus spp.,D-Coscinodiscus spp.,400
12852,2013,Oct,17,17/10/2013,,16.33431,119.95731,A3,,1,Cyanobacteria,Trichodesmium sp.,CYN-Trichodesmium sp.,100
12853,2013,Oct,17,17/10/2013,,16.33431,119.95731,A3,,1,Diatom,Gossleriella,D-Gossleriella,20
12854,2013,Oct,17,17/10/2013,,16.33431,119.95731,A3,,1,Diatom,Leptocylindrus spp.,D-Leptocylindrus spp.,2220
12855,2013,Oct,17,17/10/2013,,16.33431,119.95731,A3,,1,Diatom,Melosira,D-Melosira,20
12856,2013,Oct,17,17/10/2013,,16.33431,119.95731,A3,,1,Diatom,Minidiscus,D-Minidiscus,480
12857,2013,Oct,17,17/10/2013,,16.33431,119.95731,A3,,1,Diatom,Navicula  spp.,D-Navicula  spp.,1020
12858,2013,Oct,17,17/10/2013,,16.33431,119.95731,A3,,1,Diatom,Pleurosigma spp.,D-Pleurosigma spp.,100
12859,2013,Oct,17,17/10/2013,,16.33431,119.95731,A3,,1,Diatom,Proboscia,D-Proboscia,40
12860,2013,Oct,17,17/10/2013,,16.33431,119.95731,A3,,1,Dinoflagellate,Prorocentrum micans,DF-Prorocentrum micans,1700
12861,2013,Oct,17,17/10/2013,,16.33431,119.95731,A3,,1,Dinoflagellate,Protoperidinium pallidum,DF-Protoperidinium pallidum,1860
12862,2013,Oct,17,17/10/2013,,16.33431,119.95731,A3,,1,Diatom,Ditylum sp.,D-Ditylum sp.,13080
12863,2013,Oct,17,17/10/2013,,16.33431,119.95731,A3,,1,Diatom,Thalassionema spp.,D-Thalassionema spp.,5000
12864,2013,Oct,17,17/10/2013,,16.33431,119.95731,A3,,1,Diatom,Thalassiosira spp.,D-Thalassiosira spp.,1200
12865,2013,Oct,17,17/10/2013,,16.28459,119.92285,A4,,1,Diatom,Actinocyclus,D-Actinocyclus,720
12866,2013,Oct,17,17/10/2013,,16.28459,119.92285,A4,,1,Dinoflagellate,Alexandrium spp.,DF-Alexandrium spp.,2840
12867,2013,Oct,17,17/10/2013,,16.28459,119.92285,A4,,1,Dinoflagellate,Ceratium furca,DF-Ceratium furca,20
12868,2013,Oct,17,17/10/2013,,16.28459,119.92285,A4,,1,Diatom,Coscinodiscus spp.,D-Coscinodiscus spp.,20
12869,2013,Oct,17,17/10/2013,,16.28459,119.92285,A4,,1,Dinoflagellate,Dinophysis caudata,DF-Dinophysis caudata,20
12870,2013,Oct,17,17/10/2013,,16.28459,119.92285,A4,,1,Diatom,Navicula  spp.,D-Navicula  spp.,60
12871,2013,Oct,17,17/10/2013,,16.28459,119.92285,A4,,1,Diatom,Pleurosigma spp.,D-Pleurosigma spp.,20
12872,2013,Oct,17,17/10/2013,,16.28459,119.92285,A4,,1,Dinoflagellate,Prorocentrum micans,DF-Prorocentrum micans,800
12873,2013,Oct,17,17/10/2013,,16.28459,119.92285,A4,,1,Dinoflagellate,Protoperidinium pallidum,DF-Protoperidinium pallidum,1320
12874,2013,Oct,17,17/10/2013,,16.28459,119.92285,A4,,1,Diatom,Ditylum sp.,D-Ditylum sp.,400
12875,2013,Oct,17,17/10/2013,,16.28459,119.92285,A4,,1,Diatom,Thalassionema spp.,D-Thalassionema spp.,1080
12876,2013,Oct,17,17/10/2013,,16.28459,119.92285,A4,,1,Diatom,Thalassiosira spp.,D-Thalassiosira spp.,60
12877,2013,Oct,17,17/10/2013,,16.28459,119.92285,A4,,1,Diatom,Leptocylindrus spp.,D-Leptocylindrus spp.,40
12878,2013,Oct,17,17/10/2013,,16.27365,119.92599,A5,,1,Diatom,Actinocyclus,D-Actinocyclus,2900
12879,2013,Oct,17,17/10/2013,,16.27365,119.92599,A5,,1,Dinoflagellate,Alexandrium spp.,DF-Alexandrium spp.,25660
12880,2013,Oct,17,17/10/2013,,16.27365,119.92599,A5,,1,Dinoflagellate,Ceratium furca,DF-Ceratium furca,40
12881,2013,Oct,17,17/10/2013,,16.27365,119.92599,A5,,1,Diatom,Coscinodiscus spp.,D-Coscinodiscus spp.,560
12882,2013,Oct,17,17/10/2013,,16.27365,119.92599,A5,,1,Dinoflagellate,Dinophysis caudata,DF-Dinophysis caudata,180
12883,2013,Oct,17,17/10/2013,,16.27365,119.92599,A5,,1,Cyanobacteria,Trichodesmium sp.,CYN-Trichodesmium sp.,40
12884,2013,Oct,17,17/10/2013,,16.27365,119.92599,A5,,1,Diatom,Skeletonema,D-Skeletonema,680
12885,2013,Oct,17,17/10/2013,,16.27365,119.92599,A5,,1,Diatom,Leptocylindrus spp.,D-Leptocylindrus spp.,340
12886,2013,Oct,17,17/10/2013,,16.27365,119.92599,A5,,1,Diatom,Navicula  spp.,D-Navicula  spp.,1200
12887,2013,Oct,17,17/10/2013,,16.27365,119.92599,A5,,1,Diatom,Proboscia,D-Proboscia,1040
12888,2013,Oct,17,17/10/2013,,16.27365,119.92599,A5,,1,Dinoflagellate,Prorocentrum micans,DF-Prorocentrum micans,2880
12889,2013,Oct,17,17/10/2013,,16.27365,119.92599,A5,,1,Dinoflagellate,Protoperidinium pallidum,DF-Protoperidinium pallidum,4040
12890,2013,Oct,17,17/10/2013,,16.27365,119.92599,A5,,1,Diatom,Ditylum sp.,D-Ditylum sp.,14360
12891,2013,Oct,17,17/10/2013,,16.27365,119.92599,A5,,1,Diatom,Thalassionema spp.,D-Thalassionema spp.,4640
12892,2013,Oct,17,17/10/2013,,16.33668,119.94476,W2A,,1,Diatom,Actinocyclus,D-Actinocyclus,5120
12893,2013,Oct,17,17/10/2013,,16.33668,119.94476,W2A,,1,Dinoflagellate,Alexandrium spp.,DF-Alexandrium spp.,23380
12894,2013,Oct,17,17/10/2013,,16.33668,119.94476,W2A,,1,Dinoflagellate,Ceratium furca,DF-Ceratium furca,80
12895,2013,Oct,17,17/10/2013,,16.33668,119.94476,W2A,,1,Diatom,Coscinodiscus spp.,D-Coscinodiscus spp.,460
12896,2013,Oct,17,17/10/2013,,16.33668,119.94476,W2A,,1,Dinoflagellate,Dinophysis caudata,DF-Dinophysis caudata,400
12897,2013,Oct,17,17/10/2013,,16.33668,119.94476,W2A,,1,Diatom,Epithemia,D-Epithemia,20
12898,2013,Oct,17,17/10/2013,,16.33668,119.94476,W2A,,1,Cyanobacteria,Trichodesmium sp.,CYN-Trichodesmium sp.,180
12899,2013,Oct,17,17/10/2013,,16.33668,119.94476,W2A,,1,Diatom,Gossleriella,D-Gossleriella,180
12900,2013,Oct,17,17/10/2013,,16.33668,119.94476,W2A,,1,Diatom,Leptocylindrus spp.,D-Leptocylindrus spp.,2600
12901,2013,Oct,17,17/10/2013,,16.33668,119.94476,W2A,,1,Diatom,Melosira,D-Melosira,200
12902,2013,Oct,17,17/10/2013,,16.33668,119.94476,W2A,,1,Diatom,Navicula  spp.,D-Navicula  spp.,2540
12903,2013,Oct,17,17/10/2013,,16.33668,119.94476,W2A,,1,Diatom,Pleurosigma spp.,D-Pleurosigma spp.,220
12904,2013,Oct,17,17/10/2013,,16.33668,119.94476,W2A,,1,Diatom,Proboscia,D-Proboscia,380
12905,2013,Oct,17,17/10/2013,,16.33668,119.94476,W2A,,1,Dinoflagellate,Prorocentrum micans,DF-Prorocentrum micans,1060
12906,2013,Oct,17,17/10/2013,,16.33668,119.94476,W2A,,1,Dinoflagellate,Protoperidinium pallidum,DF-Protoperidinium pallidum,2500
12907,2013,Oct,17,17/10/2013,,16.33668,119.94476,W2A,,1,Diatom,Ditylum sp.,D-Ditylum sp.,18520
12908,2013,Oct,17,17/10/2013,,16.33668,119.94476,W2A,,1,Diatom,Thalassionema spp.,D-Thalassionema spp.,5680
12909,2013,Oct,17,17/10/2013,,16.33668,119.94476,W2A,,1,Diatom,Thalassiosira spp.,D-Thalassiosira spp.,60
12910,2013,Oct,17,17/10/2013,,16.33668,119.94476,W2A,,1,Diatom,Thalassiothrix,D-Thalassiothrix,160
12911,2013,Oct,17,17/10/2013,,16.32003,119.93384,W8,,1,Diatom,Actinocyclus,D-Actinocyclus,5660
12912,2013,Oct,17,17/10/2013,,16.32003,119.93384,W8,,1,Dinoflagellate,Alexandrium spp.,DF-Alexandrium spp.,28520
12913,2013,Oct,17,17/10/2013,,16.32003,119.93384,W8,,1,Diatom,Amphora,D-Amphora,40
12914,2013,Oct,17,17/10/2013,,16.32003,119.93384,W8,,1,Dinoflagellate,Ceratium furca,DF-Ceratium furca,140
12915,2013,Oct,17,17/10/2013,,16.32003,119.93384,W8,,1,Diatom,Chaetoceros spp.,D-Chaetoceros spp.,60
12916,2013,Oct,17,17/10/2013,,16.32003,119.93384,W8,,1,Diatom,Coscinodiscus spp.,D-Coscinodiscus spp.,1320
12917,2013,Oct,17,17/10/2013,,16.32003,119.93384,W8,,1,Diatom,Cyclotella,D-Cyclotella,60
12918,2013,Oct,17,17/10/2013,,16.32003,119.93384,W8,,1,Dinoflagellate,Dinophysis caudata,DF-Dinophysis caudata,280
12919,2013,Oct,17,17/10/2013,,16.32003,119.93384,W8,,1,Cyanobacteria,Trichodesmium sp.,CYN-Trichodesmium sp.,400
12920,2013,Oct,17,17/10/2013,,16.32003,119.93384,W8,,1,Diatom,Gossleriella,D-Gossleriella,80
12921,2013,Oct,17,17/10/2013,,16.32003,119.93384,W8,,1,Diatom,Leptocylindrus spp.,D-Leptocylindrus spp.,1880
12922,2013,Oct,17,17/10/2013,,16.32003,119.93384,W8,,1,Diatom,Melosira,D-Melosira,40
12923,2013,Oct,17,17/10/2013,,16.32003,119.93384,W8,,1,Diatom,Navicula  spp.,D-Navicula  spp.,5540
12924,2013,Oct,17,17/10/2013,,16.32003,119.93384,W8,,1,Dinoflagellate,Oxytoxum spp.,DF-Oxytoxum spp.,120
12925,2013,Oct,17,17/10/2013,,16.32003,119.93384,W8,,1,Diatom,Pleurosigma spp.,D-Pleurosigma spp.,220
12926,2013,Oct,17,17/10/2013,,16.32003,119.93384,W8,,1,Dinoflagellate,Prorocentrum micans,DF-Prorocentrum micans,3940
12927,2013,Oct,17,17/10/2013,,16.32003,119.93384,W8,,1,Dinoflagellate,Protoperidinium pallidum,DF-Protoperidinium pallidum,4900
12928,2013,Oct,17,17/10/2013,,16.32003,119.93384,W8,,1,Diatom,Ditylum sp.,D-Ditylum sp.,34400
12929,2013,Oct,17,17/10/2013,,16.32003,119.93384,W8,,1,Dinoflagellate,Scrippsiella spinifera,DF-Scrippsiella spinifera,80
12930,2013,Oct,17,17/10/2013,,16.32003,119.93384,W8,,1,Diatom,Thalassionema spp.,D-Thalassionema spp.,11120
12931,2013,Oct,17,17/10/2013,,16.32003,119.93384,W8,,1,Diatom,Thalassiosira spp.,D-Thalassiosira spp.,680
12932,2013,Oct,17,17/10/2013,,16.34775,119.93452,W9,,1,Diatom,Actinocyclus,D-Actinocyclus,1980
12933,2013,Oct,17,17/10/2013,,16.34775,119.93452,W9,,1,Dinoflagellate,Alexandrium spp.,DF-Alexandrium spp.,6540
12934,2013,Oct,17,17/10/2013,,16.34775,119.93452,W9,,1,Diatom,Amphora,D-Amphora,0
12935,2013,Oct,17,17/10/2013,,16.34775,119.93452,W9,,1,Dinoflagellate,Ceratium furca,DF-Ceratium furca,500
12936,2013,Oct,17,17/10/2013,,16.34775,119.93452,W9,,1,Diatom,Chaetoceros spp.,D-Chaetoceros spp.,20
12937,2013,Oct,17,17/10/2013,,16.34775,119.93452,W9,,1,Diatom,Coscinodiscus spp.,D-Coscinodiscus spp.,340
12938,2013,Oct,17,17/10/2013,,16.34775,119.93452,W9,,1,Dinoflagellate,Dinophysis caudata,DF-Dinophysis caudata,40
12939,2013,Oct,17,17/10/2013,,16.34775,119.93452,W9,,1,Cyanobacteria,Trichodesmium sp.,CYN-Trichodesmium sp.,60
12940,2013,Oct,17,17/10/2013,,16.34775,119.93452,W9,,1,Diatom,Gossleriella,D-Gossleriella,20
12941,2013,Oct,17,17/10/2013,,16.34775,119.93452,W9,,1,Diatom,Hemiaulus,D-Hemiaulus,320
12942,2013,Oct,17,17/10/2013,,16.34775,119.93452,W9,,1,Diatom,Leptocylindrus spp.,D-Leptocylindrus spp.,3240
12943,2013,Oct,17,17/10/2013,,16.34775,119.93452,W9,,1,Diatom,Navicula  spp.,D-Navicula  spp.,1660
12944,2013,Oct,17,17/10/2013,,16.34775,119.93452,W9,,1,Diatom,Pseudonitzschia spp.,D-Pseudonitzschia spp.,1280
12945,2013,Oct,17,17/10/2013,,16.34775,119.93452,W9,,1,Dinoflagellate,Oxytoxum spp.,DF-Oxytoxum spp.,20
12946,2013,Oct,17,17/10/2013,,16.34775,119.93452,W9,,1,Diatom,Pleurosigma spp.,D-Pleurosigma spp.,60
12947,2013,Oct,17,17/10/2013,,16.34775,119.93452,W9,,1,Dinoflagellate,Prorocentrum micans,DF-Prorocentrum micans,180
12948,2013,Oct,17,17/10/2013,,16.34775,119.93452,W9,,1,Dinoflagellate,Protoperidinium pallidum,DF-Protoperidinium pallidum,940
12949,2013,Oct,17,17/10/2013,,16.34775,119.93452,W9,,1,Diatom,Ditylum sp.,D-Ditylum sp.,6480
12950,2013,Oct,17,17/10/2013,,16.34775,119.93452,W9,,1,Dinoflagellate,Scrippsiella spinifera,DF-Scrippsiella spinifera,80
12951,2013,Oct,17,17/10/2013,,16.34775,119.93452,W9,,1,Diatom,Thalassionema spp.,D-Thalassionema spp.,3480
12952,2013,Oct,17,17/10/2013,,16.37052,119.94857,W10,,1,Diatom,Actinocyclus,D-Actinocyclus,1340
12953,2013,Oct,17,17/10/2013,,16.37052,119.94857,W10,,1,Dinoflagellate,Alexandrium spp.,DF-Alexandrium spp.,2900
12954,2013,Oct,17,17/10/2013,,16.37052,119.94857,W10,,1,Diatom,Amphora,D-Amphora,20
12955,2013,Oct,17,17/10/2013,,16.37052,119.94857,W10,,1,Dinoflagellate,Ceratium furca,DF-Ceratium furca,60
12956,2013,Oct,17,17/10/2013,,16.37052,119.94857,W10,,1,Diatom,Coscinodiscus spp.,D-Coscinodiscus spp.,360
12957,2013,Oct,17,17/10/2013,,16.37052,119.94857,W10,,1,Cyanobacteria,Trichodesmium sp.,CYN-Trichodesmium sp.,20
12958,2013,Oct,17,17/10/2013,,16.37052,119.94857,W10,,1,Diatom,Skeletonema,D-Skeletonema,1120
12959,2013,Oct,17,17/10/2013,,16.37052,119.94857,W10,,1,Diatom,Leptocylindrus spp.,D-Leptocylindrus spp.,3740
12960,2013,Oct,17,17/10/2013,,16.37052,119.94857,W10,,1,Diatom,Navicula  spp.,D-Navicula  spp.,420
12961,2013,Oct,17,17/10/2013,,16.37052,119.94857,W10,,1,Diatom,Pseudonitzschia spp.,D-Pseudonitzschia spp.,360
12962,2013,Oct,17,17/10/2013,,16.37052,119.94857,W10,,1,Diatom,Pleurosigma spp.,D-Pleurosigma spp.,40
12963,2013,Oct,17,17/10/2013,,16.37052,119.94857,W10,,1,Dinoflagellate,Prorocentrum micans,DF-Prorocentrum micans,460
12964,2013,Oct,17,17/10/2013,,16.37052,119.94857,W10,,1,Dinoflagellate,Protoperidinium pallidum,DF-Protoperidinium pallidum,580
12965,2013,Oct,17,17/10/2013,,16.37052,119.94857,W10,,1,Diatom,Ditylum sp.,D-Ditylum sp.,1000
12966,2013,Oct,17,17/10/2013,,16.37052,119.94857,W10,,1,Dinoflagellate,Scrippsiella spinifera,DF-Scrippsiella spinifera,40
12967,2013,Oct,17,17/10/2013,,16.37052,119.94857,W10,,1,Diatom,Thalassionema spp.,D-Thalassionema spp.,420
12968,2013,Oct,17,17/10/2013,,16.38326,119.92616,W11,,MID,Diatom,Actinocyclus,D-Actinocyclus,340
12969,2013,Oct,17,17/10/2013,,16.38326,119.92616,W11,,MID,Dinoflagellate,Alexandrium spp.,DF-Alexandrium spp.,1820
12970,2013,Oct,17,17/10/2013,,16.38326,119.92616,W11,,MID,Diatom,Bacteriastrum spp.,D-Bacteriastrum spp.,20
12971,2013,Oct,17,17/10/2013,,16.38326,119.92616,W11,,MID,Dinoflagellate,Ceratium furca,DF-Ceratium furca,340
12972,2013,Oct,17,17/10/2013,,16.38326,119.92616,W11,,MID,Diatom,Chaetoceros spp.,D-Chaetoceros spp.,460
12973,2013,Oct,17,17/10/2013,,16.38326,119.92616,W11,,MID,Diatom,Coscinodiscus spp.,D-Coscinodiscus spp.,360
12974,2013,Oct,17,17/10/2013,,16.38326,119.92616,W11,,MID,Dinoflagellate,Dinophysis caudata,DF-Dinophysis caudata,40
12975,2013,Oct,17,17/10/2013,,16.38326,119.92616,W11,,MID,Cyanobacteria,Trichodesmium sp.,CYN-Trichodesmium sp.,40
12976,2013,Oct,17,17/10/2013,,16.38326,119.92616,W11,,MID,Dinoflagellate,Gonyaulax,DF-Gonyaulax,20
12977,2013,Oct,17,17/10/2013,,16.38326,119.92616,W11,,MID,Diatom,Hemiaulus,D-Hemiaulus,220
12978,2013,Oct,17,17/10/2013,,16.38326,119.92616,W11,,MID,Diatom,Leptocylindrus spp.,D-Leptocylindrus spp.,3580
12979,2013,Oct,17,17/10/2013,,16.38326,119.92616,W11,,MID,Diatom,Navicula  spp.,D-Navicula  spp.,680
12980,2013,Oct,17,17/10/2013,,16.38326,119.92616,W11,,MID,Diatom,Pseudonitzschia spp.,D-Pseudonitzschia spp.,480
12981,2013,Oct,17,17/10/2013,,16.38326,119.92616,W11,,MID,Diatom,Pleurosigma spp.,D-Pleurosigma spp.,80
12982,2013,Oct,17,17/10/2013,,16.38326,119.92616,W11,,MID,Dinoflagellate,Prorocentrum micans,DF-Prorocentrum micans,100
12983,2013,Oct,17,17/10/2013,,16.38326,119.92616,W11,,MID,Dinoflagellate,Protoperidinium pallidum,DF-Protoperidinium pallidum,160
12984,2013,Oct,17,17/10/2013,,16.38326,119.92616,W11,,MID,Diatom,Ditylum sp.,D-Ditylum sp.,520
12985,2013,Oct,17,17/10/2013,,16.38326,119.92616,W11,,MID,Dinoflagellate,Scrippsiella spinifera,DF-Scrippsiella spinifera,80
12986,2013,Oct,17,17/10/2013,,16.38326,119.92616,W11,,MID,Diatom,Thalassionema spp.,D-Thalassionema spp.,360
12987,2013,Oct,17,17/10/2013,,16.38326,119.92616,W11,,1,Diatom,Actinocyclus,D-Actinocyclus,560
12988,2013,Oct,17,17/10/2013,,16.38326,119.92616,W11,,1,Dinoflagellate,Alexandrium spp.,DF-Alexandrium spp.,2160
12989,2013,Oct,17,17/10/2013,,16.38326,119.92616,W11,,1,Dinoflagellate,Ceratium furca,DF-Ceratium furca,140
12990,2013,Oct,17,17/10/2013,,16.38326,119.92616,W11,,1,Diatom,Chaetoceros spp.,D-Chaetoceros spp.,0
12991,2013,Oct,17,17/10/2013,,16.38326,119.92616,W11,,1,Diatom,Coscinodiscus spp.,D-Coscinodiscus spp.,400
12992,2013,Oct,17,17/10/2013,,16.38326,119.92616,W11,,1,Diatom,Cyclotella,D-Cyclotella,40
12993,2013,Oct,17,17/10/2013,,16.38326,119.92616,W11,,1,Dinoflagellate,Dinophysis caudata,DF-Dinophysis caudata,40
12994,2013,Oct,17,17/10/2013,,16.38326,119.92616,W11,,1,Cyanobacteria,Trichodesmium sp.,CYN-Trichodesmium sp.,60
12995,2013,Oct,17,17/10/2013,,16.38326,119.92616,W11,,1,Diatom,Hemiaulus,D-Hemiaulus,480
12996,2013,Oct,17,17/10/2013,,16.38326,119.92616,W11,,1,Diatom,Leptocylindrus spp.,D-Leptocylindrus spp.,3540
12997,2013,Oct,17,17/10/2013,,16.38326,119.92616,W11,,1,Diatom,Navicula  spp.,D-Navicula  spp.,440
12998,2013,Oct,17,17/10/2013,,16.38326,119.92616,W11,,1,Diatom,Pseudonitzschia spp.,D-Pseudonitzschia spp.,240
12999,2013,Oct,17,17/10/2013,,16.38326,119.92616,W11,,1,Diatom,Pleurosigma spp.,D-Pleurosigma spp.,20
13000,2013,Oct,17,17/10/2013,,16.38326,119.92616,W11,,1,Dinoflagellate,Prorocentrum micans,DF-Prorocentrum micans,160
13001,2013,Oct,17,17/10/2013,,16.38326,119.92616,W11,,1,Dinoflagellate,Protoperidinium pallidum,DF-Protoperidinium pallidum,480
13002,2013,Oct,17,17/10/2013,,16.38326,119.92616,W11,,1,Diatom,Ditylum sp.,D-Ditylum sp.,360
13003,2013,Oct,17,17/10/2013,,16.38326,119.92616,W11,,1,Dinoflagellate,Scrippsiella spinifera,DF-Scrippsiella spinifera,60
13004,2013,Oct,17,17/10/2013,,16.38326,119.92616,W11,,1,Diatom,Synedra,D-Synedra,80
13005,2013,Oct,17,17/10/2013,,16.38326,119.92616,W11,,1,Diatom,Thalassionema spp.,D-Thalassionema spp.,300
13006,2013,Oct,17,17/10/2013,,16.38326,119.92616,W11,,1,Diatom,Thalassiosira spp.,D-Thalassiosira spp.,20
13007,2013,Oct,17,17/10/2013,,16.30944,119.92063,TS1,,1,Diatom,Actinocyclus,D-Actinocyclus,4860
13008,2013,Oct,17,17/10/2013,,16.30944,119.92063,TS1,,1,Dinoflagellate,Alexandrium spp.,DF-Alexandrium spp.,7700
13009,2013,Oct,17,17/10/2013,,16.30944,119.92063,TS1,,1,Dinoflagellate,Ceratium furca,DF-Ceratium furca,120
13010,2013,Oct,17,17/10/2013,,16.30944,119.92063,TS1,,1,Diatom,Coscinodiscus spp.,D-Coscinodiscus spp.,620
13011,2013,Oct,17,17/10/2013,,16.30944,119.92063,TS1,,1,Diatom,Cyclotella,D-Cyclotella,20
13012,2013,Oct,17,17/10/2013,,16.30944,119.92063,TS1,,1,Diatom,Pseudonitzschia spp.,D-Pseudonitzschia spp.,1020
13013,2013,Oct,17,17/10/2013,,16.30944,119.92063,TS1,,1,Dinoflagellate,Dinophysis caudata,DF-Dinophysis caudata,40
13014,2013,Oct,17,17/10/2013,,16.30944,119.92063,TS1,,1,Cyanobacteria,Trichodesmium sp.,CYN-Trichodesmium sp.,140
13015,2013,Oct,17,17/10/2013,,16.30944,119.92063,TS1,,1,Diatom,Hemiaulus,D-Hemiaulus,40
13016,2013,Oct,17,17/10/2013,,16.30944,119.92063,TS1,,1,Diatom,Leptocylindrus spp.,D-Leptocylindrus spp.,960
13017,2013,Oct,17,17/10/2013,,16.30944,119.92063,TS1,,1,Diatom,Navicula  spp.,D-Navicula  spp.,1020
13018,2013,Oct,17,17/10/2013,,16.30944,119.92063,TS1,,1,Diatom,Pseudonitzschia spp.,D-Pseudonitzschia spp.,40
13019,2013,Oct,17,17/10/2013,,16.30944,119.92063,TS1,,1,Diatom,Pleurosigma spp.,D-Pleurosigma spp.,60
13020,2013,Oct,17,17/10/2013,,16.30944,119.92063,TS1,,1,Dinoflagellate,Prorocentrum micans,DF-Prorocentrum micans,3360
13021,2013,Oct,17,17/10/2013,,16.30944,119.92063,TS1,,1,Dinoflagellate,Protoperidinium pallidum,DF-Protoperidinium pallidum,1760
13022,2013,Oct,17,17/10/2013,,16.30944,119.92063,TS1,,1,Diatom,Ditylum sp.,D-Ditylum sp.,7320
13023,2013,Oct,17,17/10/2013,,16.30944,119.92063,TS1,,1,Dinoflagellate,Scrippsiella spinifera,DF-Scrippsiella spinifera,100
13024,2013,Oct,17,17/10/2013,,16.30944,119.92063,TS1,,1,Diatom,Thalassionema spp.,D-Thalassionema spp.,3940
13025,2013,Oct,17,17/10/2013,,16.30944,119.92063,TS1,,1,Diatom,Thalassiosira spp.,D-Thalassiosira spp.,420
13026,2013,Oct,17,17/10/2013,,16.38339,119.91585,TS2,,1,Diatom,Actinocyclus,D-Actinocyclus,720
13027,2013,Oct,17,17/10/2013,,16.38339,119.91585,TS2,,1,Dinoflagellate,Alexandrium spp.,DF-Alexandrium spp.,1760
13028,2013,Oct,17,17/10/2013,,16.38339,119.91585,TS2,,1,Dinoflagellate,Ceratium furca,DF-Ceratium furca,100
13029,2013,Oct,17,17/10/2013,,16.38339,119.91585,TS2,,1,Diatom,Coscinodiscus spp.,D-Coscinodiscus spp.,160
13030,2013,Oct,17,17/10/2013,,16.38339,119.91585,TS2,,1,Diatom,Cyclotella,D-Cyclotella,100
13031,2013,Oct,17,17/10/2013,,16.38339,119.91585,TS2,,1,Diatom,Pseudonitzschia spp.,D-Pseudonitzschia spp.,20
13032,2013,Oct,17,17/10/2013,,16.38339,119.91585,TS2,,1,Cyanobacteria,Trichodesmium sp.,CYN-Trichodesmium sp.,20
13033,2013,Oct,17,17/10/2013,,16.38339,119.91585,TS2,,1,Diatom,Gossleriella,D-Gossleriella,20
13034,2013,Oct,17,17/10/2013,,16.38339,119.91585,TS2,,1,Diatom,Hemiaulus,D-Hemiaulus,40
13035,2013,Oct,17,17/10/2013,,16.38339,119.91585,TS2,,1,Diatom,Leptocylindrus spp.,D-Leptocylindrus spp.,40
13036,2013,Oct,17,17/10/2013,,16.38339,119.91585,TS2,,1,Diatom,Navicula  spp.,D-Navicula  spp.,560
13037,2013,Oct,17,17/10/2013,,16.38339,119.91585,TS2,,1,Diatom,Pseudonitzschia spp.,D-Pseudonitzschia spp.,320
13038,2013,Oct,17,17/10/2013,,16.38339,119.91585,TS2,,1,Diatom,Odontella spp.,D-Odontella spp.,20
13039,2013,Oct,17,17/10/2013,,16.38339,119.91585,TS2,,1,Diatom,Pleurosigma spp.,D-Pleurosigma spp.,40
13040,2013,Oct,17,17/10/2013,,16.38339,119.91585,TS2,,1,Dinoflagellate,Prorocentrum micans,DF-Prorocentrum micans,140
13041,2013,Oct,17,17/10/2013,,16.38339,119.91585,TS2,,1,Dinoflagellate,Protoperidinium pallidum,DF-Protoperidinium pallidum,140
13042,2013,Oct,17,17/10/2013,,16.38339,119.91585,TS2,,1,Diatom,Ditylum sp.,D-Ditylum sp.,240
13043,2013,Oct,17,17/10/2013,,16.38339,119.91585,TS2,,1,Dinoflagellate,Scrippsiella spinifera,DF-Scrippsiella spinifera,60
13044,2013,Oct,17,17/10/2013,,16.38339,119.91585,TS2,,1,Diatom,Thalassionema spp.,D-Thalassionema spp.,60
13045,2013,Oct,17,17/10/2013,,16.38339,119.91585,TS2,,MID,Diatom,Actinocyclus,D-Actinocyclus,240
13046,2013,Oct,17,17/10/2013,,16.38339,119.91585,TS2,,MID,Dinoflagellate,Alexandrium spp.,DF-Alexandrium spp.,880
13047,2013,Oct,17,17/10/2013,,16.38339,119.91585,TS2,,MID,Dinoflagellate,Ceratium furca,DF-Ceratium furca,120
13048,2013,Oct,17,17/10/2013,,16.38339,119.91585,TS2,,MID,Diatom,Coscinodiscus spp.,D-Coscinodiscus spp.,140
13049,2013,Oct,17,17/10/2013,,16.38339,119.91585,TS2,,MID,Diatom,Cyclotella,D-Cyclotella,40
13050,2013,Oct,17,17/10/2013,,16.38339,119.91585,TS2,,MID,Diatom,Pseudonitzschia spp.,D-Pseudonitzschia spp.,20
13051,2013,Oct,17,17/10/2013,,16.38339,119.91585,TS2,,MID,Cyanobacteria,Trichodesmium sp.,CYN-Trichodesmium sp.,40
13052,2013,Oct,17,17/10/2013,,16.38339,119.91585,TS2,,MID,Diatom,Skeletonema,D-Skeletonema,880
13053,2013,Oct,17,17/10/2013,,16.38339,119.91585,TS2,,MID,Diatom,Leptocylindrus spp.,D-Leptocylindrus spp.,1440
13054,2013,Oct,17,17/10/2013,,16.38339,119.91585,TS2,,MID,Diatom,Navicula  spp.,D-Navicula  spp.,200
13055,2013,Oct,17,17/10/2013,,16.38339,119.91585,TS2,,MID,Diatom,Pseudonitzschia spp.,D-Pseudonitzschia spp.,60
13056,2013,Oct,17,17/10/2013,,16.38339,119.91585,TS2,,MID,Dinoflagellate,Prorocentrum micans,DF-Prorocentrum micans,20
13057,2013,Oct,17,17/10/2013,,16.38339,119.91585,TS2,,MID,Dinoflagellate,Protoperidinium pallidum,DF-Protoperidinium pallidum,60
13058,2013,Oct,17,17/10/2013,,16.38339,119.91585,TS2,,MID,Diatom,Ditylum sp.,D-Ditylum sp.,260
13059,2013,Oct,17,17/10/2013,,16.38339,119.91585,TS2,,MID,Diatom,Thalassionema spp.,D-Thalassionema spp.,40
13060,2013,Oct,24,24/10/2013,,16.34775,119.93375,A1,,1,Diatom,Actinocyclus,D-Actinocyclus,280
13061,2013,Oct,24,24/10/2013,,16.34775,119.93375,A1,,1,Dinoflagellate,Alexandrium spp.,DF-Alexandrium spp.,280
13062,2013,Oct,24,24/10/2013,,16.34775,119.93375,A1,,1,Dinoflagellate,Ceratium furca,DF-Ceratium furca,60
13063,2013,Oct,24,24/10/2013,,16.34775,119.93375,A1,,1,Diatom,Chaetoceros spp.,D-Chaetoceros spp.,380
13064,2013,Oct,24,24/10/2013,,16.34775,119.93375,A1,,1,Diatom,Coscinodiscus spp.,D-Coscinodiscus spp.,820
13065,2013,Oct,24,24/10/2013,,16.34775,119.93375,A1,,1,Diatom,Pseudonitzschia spp.,D-Pseudonitzschia spp.,80
13066,2013,Oct,24,24/10/2013,,16.34775,119.93375,A1,,1,Cyanobacteria,Trichodesmium sp.,CYN-Trichodesmium sp.,40
13067,2013,Oct,24,24/10/2013,,16.34775,119.93375,A1,,1,Diatom,Hemiaulus,D-Hemiaulus,380
13068,2013,Oct,24,24/10/2013,,16.34775,119.93375,A1,,1,Diatom,Leptocylindrus spp.,D-Leptocylindrus spp.,240
13069,2013,Oct,24,24/10/2013,,16.34775,119.93375,A1,,1,Diatom,Navicula  spp.,D-Navicula  spp.,1120
13070,2013,Oct,24,24/10/2013,,16.34775,119.93375,A1,,1,Dinoflagellate,Oxytoxum spp.,DF-Oxytoxum spp.,40
13071,2013,Oct,24,24/10/2013,,16.34775,119.93375,A1,,1,Diatom,Pleurosigma spp.,D-Pleurosigma spp.,60
13072,2013,Oct,24,24/10/2013,,16.34775,119.93375,A1,,1,Diatom,Proboscia,D-Proboscia,60
13073,2013,Oct,24,24/10/2013,,16.34775,119.93375,A1,,1,Diatom,Ditylum sp.,D-Ditylum sp.,480
13074,2013,Oct,24,24/10/2013,,16.34775,119.93375,A1,,1,Diatom,Thalassionema spp.,D-Thalassionema spp.,160
13075,2013,Oct,24,24/10/2013,,16.34775,119.93375,A1,,1,Diatom,Thalassiosira spp.,D-Thalassiosira spp.,160
13076,2013,Oct,24,24/10/2013,,16.34775,119.93375,A1,,1,Diatom,Thalassiothrix,D-Thalassiothrix,180
13077,2013,Oct,24,24/10/2013,,16.34775,119.93452,A2,,1,Diatom,Actinocyclus,D-Actinocyclus,80
13078,2013,Oct,24,24/10/2013,,16.34775,119.93452,A2,,1,Dinoflagellate,Alexandrium spp.,DF-Alexandrium spp.,60
13079,2013,Oct,24,24/10/2013,,16.34775,119.93452,A2,,1,Diatom,Coscinodiscus spp.,D-Coscinodiscus spp.,560
13080,2013,Oct,24,24/10/2013,,16.34775,119.93452,A2,,1,Diatom,Cyclotella,D-Cyclotella,80
13081,2013,Oct,24,24/10/2013,,16.34775,119.93452,A2,,1,Diatom,Pseudonitzschia spp.,D-Pseudonitzschia spp.,140
13082,2013,Oct,24,24/10/2013,,16.34775,119.93452,A2,,1,Cyanobacteria,Trichodesmium sp.,CYN-Trichodesmium sp.,60
13083,2013,Oct,24,24/10/2013,,16.34775,119.93452,A2,,1,Diatom,Hemiaulus,D-Hemiaulus,1660
13084,2013,Oct,24,24/10/2013,,16.34775,119.93452,A2,,1,Diatom,Leptocylindrus spp.,D-Leptocylindrus spp.,2140
13085,2013,Oct,24,24/10/2013,,16.34775,119.93452,A2,,1,Diatom,Navicula  spp.,D-Navicula  spp.,1060
13086,2013,Oct,24,24/10/2013,,16.34775,119.93452,A2,,1,Diatom,Pseudonitzschia spp.,D-Pseudonitzschia spp.,220
13087,2013,Oct,24,24/10/2013,,16.34775,119.93452,A2,,1,Diatom,Ditylum sp.,D-Ditylum sp.,480
13088,2013,Oct,24,24/10/2013,,16.34775,119.93452,A2,,1,Diatom,Thalassionema spp.,D-Thalassionema spp.,360
13089,2013,Oct,24,24/10/2013,,16.34775,119.93452,A2,,1,Diatom,Thalassiosira spp.,D-Thalassiosira spp.,200
13090,2013,Oct,24,24/10/2013,,16.34775,119.93452,A2,,1,Diatom,Thalassiothrix,D-Thalassiothrix,140
13091,2013,Oct,24,24/10/2013,,16.33431,119.95731,A3,,1,Diatom,Actinocyclus,D-Actinocyclus,1260
13092,2013,Oct,24,24/10/2013,,16.33431,119.95731,A3,,1,Dinoflagellate,Alexandrium spp.,DF-Alexandrium spp.,700
13093,2013,Oct,24,24/10/2013,,16.33431,119.95731,A3,,1,Dinoflagellate,Ceratium furca,DF-Ceratium furca,40
13094,2013,Oct,24,24/10/2013,,16.33431,119.95731,A3,,1,Diatom,Chaetoceros spp.,D-Chaetoceros spp.,1460
13095,2013,Oct,24,24/10/2013,,16.33431,119.95731,A3,,1,Diatom,Coscinodiscus spp.,D-Coscinodiscus spp.,720
13096,2013,Oct,24,24/10/2013,,16.33431,119.95731,A3,,1,Diatom,Pseudonitzschia spp.,D-Pseudonitzschia spp.,100
13097,2013,Oct,24,24/10/2013,,16.33431,119.95731,A3,,1,Cyanobacteria,Trichodesmium sp.,CYN-Trichodesmium sp.,140
13098,2013,Oct,24,24/10/2013,,16.33431,119.95731,A3,,1,Diatom,Hemiaulus,D-Hemiaulus,1380
13099,2013,Oct,24,24/10/2013,,16.33431,119.95731,A3,,1,Diatom,Leptocylindrus spp.,D-Leptocylindrus spp.,2120
13100,2013,Oct,24,24/10/2013,,16.33431,119.95731,A3,,1,Diatom,Navicula  spp.,D-Navicula  spp.,740
13101,2013,Oct,24,24/10/2013,,16.33431,119.95731,A3,,1,Diatom,Pseudonitzschia spp.,D-Pseudonitzschia spp.,180
13102,2013,Oct,24,24/10/2013,,16.33431,119.95731,A3,,1,Diatom,Pleurosigma spp.,D-Pleurosigma spp.,60
13103,2013,Oct,24,24/10/2013,,16.33431,119.95731,A3,,1,Diatom,Ditylum sp.,D-Ditylum sp.,1520
13104,2013,Oct,24,24/10/2013,,16.33431,119.95731,A3,,1,Diatom,Thalassionema spp.,D-Thalassionema spp.,1020
13105,2013,Oct,24,24/10/2013,,16.33431,119.95731,A3,,1,Diatom,Thalassiosira spp.,D-Thalassiosira spp.,3160
13106,2013,Oct,24,24/10/2013,,16.33431,119.95731,A3,,1,Diatom,Thalassiothrix,D-Thalassiothrix,760
13107,2013,Oct,24,24/10/2013,,16.28459,119.92285,A4,,1,Diatom,Actinocyclus,D-Actinocyclus,1940
13108,2013,Oct,24,24/10/2013,,16.28459,119.92285,A4,,1,Dinoflagellate,Alexandrium spp.,DF-Alexandrium spp.,1180
13109,2013,Oct,24,24/10/2013,,16.28459,119.92285,A4,,1,Raphidophyte,Chattonnella subsalsa,RD-Chattonnella subsalsa,1640
13110,2013,Oct,24,24/10/2013,,16.28459,119.92285,A4,,1,Diatom,Coscinodiscus spp.,D-Coscinodiscus spp.,1160
13111,2013,Oct,24,24/10/2013,,16.28459,119.92285,A4,,1,Diatom,Pseudonitzschia spp.,D-Pseudonitzschia spp.,4240
13112,2013,Oct,24,24/10/2013,,16.28459,119.92285,A4,,1,Cyanobacteria,Trichodesmium sp.,CYN-Trichodesmium sp.,60
13113,2013,Oct,24,24/10/2013,,16.28459,119.92285,A4,,1,Diatom,Hemiaulus,D-Hemiaulus,180
13114,2013,Oct,24,24/10/2013,,16.28459,119.92285,A4,,1,Diatom,Leptocylindrus spp.,D-Leptocylindrus spp.,20
13115,2013,Oct,24,24/10/2013,,16.28459,119.92285,A4,,1,Diatom,Melosira,D-Melosira,80
13116,2013,Oct,24,24/10/2013,,16.28459,119.92285,A4,,1,Diatom,Navicula  spp.,D-Navicula  spp.,2340
13117,2013,Oct,24,24/10/2013,,16.28459,119.92285,A4,,1,Diatom,Pseudonitzschia spp.,D-Pseudonitzschia spp.,280
13118,2013,Oct,24,24/10/2013,,16.28459,119.92285,A4,,1,Diatom,Pleurosigma spp.,D-Pleurosigma spp.,100
13119,2013,Oct,24,24/10/2013,,16.28459,119.92285,A4,,1,Diatom,Proboscia,D-Proboscia,240
13120,2013,Oct,24,24/10/2013,,16.28459,119.92285,A4,,1,Dinoflagellate,Prorocentrum micans,DF-Prorocentrum micans,60
13121,2013,Oct,24,24/10/2013,,16.28459,119.92285,A4,,1,Dinoflagellate,Protoperidinium pallidum,DF-Protoperidinium pallidum,80
13122,2013,Oct,24,24/10/2013,,16.28459,119.92285,A4,,1,Diatom,Ditylum sp.,D-Ditylum sp.,1500
13123,2013,Oct,24,24/10/2013,,16.28459,119.92285,A4,,1,Diatom,Thalassionema spp.,D-Thalassionema spp.,2920
13124,2013,Oct,24,24/10/2013,,16.28459,119.92285,A4,,1,Diatom,Thalassiosira spp.,D-Thalassiosira spp.,2620
13125,2013,Oct,24,24/10/2013,,16.28459,119.92285,A4,,1,Diatom,Thalassiothrix,D-Thalassiothrix,60
13126,2013,Oct,24,24/10/2013,,16.27365,119.92599,A5,,1,Diatom,Actinocyclus,D-Actinocyclus,1900
13127,2013,Oct,24,24/10/2013,,16.27365,119.92599,A5,,1,Dinoflagellate,Alexandrium spp.,DF-Alexandrium spp.,440
13128,2013,Oct,24,24/10/2013,,16.27365,119.92599,A5,,1,Diatom,Coscinodiscus spp.,D-Coscinodiscus spp.,780
13129,2013,Oct,24,24/10/2013,,16.27365,119.92599,A5,,1,Diatom,Pseudonitzschia spp.,D-Pseudonitzschia spp.,240
13130,2013,Oct,24,24/10/2013,,16.27365,119.92599,A5,,1,Cyanobacteria,Trichodesmium sp.,CYN-Trichodesmium sp.,40
13131,2013,Oct,24,24/10/2013,,16.27365,119.92599,A5,,1,Diatom,Hemiaulus,D-Hemiaulus,220
13132,2013,Oct,24,24/10/2013,,16.27365,119.92599,A5,,1,Diatom,Leptocylindrus spp.,D-Leptocylindrus spp.,60
13133,2013,Oct,24,24/10/2013,,16.27365,119.92599,A5,,1,Diatom,Navicula  spp.,D-Navicula  spp.,980
13134,2013,Oct,24,24/10/2013,,16.27365,119.92599,A5,,1,Diatom,Pseudonitzschia spp.,D-Pseudonitzschia spp.,100
13135,2013,Oct,24,24/10/2013,,16.27365,119.92599,A5,,1,Diatom,Pleurosigma spp.,D-Pleurosigma spp.,160
13136,2013,Oct,24,24/10/2013,,16.27365,119.92599,A5,,1,Diatom,Ditylum sp.,D-Ditylum sp.,620
13137,2013,Oct,24,24/10/2013,,16.27365,119.92599,A5,,1,Diatom,Thalassionema spp.,D-Thalassionema spp.,920
13138,2013,Oct,24,24/10/2013,,16.27365,119.92599,A5,,1,Diatom,Thalassiosira spp.,D-Thalassiosira spp.,3380
13139,2013,Oct,24,24/10/2013,,16.39578,119.90667,RVA3,,1,Diatom,Actinocyclus,D-Actinocyclus,560
13140,2013,Oct,24,24/10/2013,,16.39578,119.90667,RVA3,,1,Dinoflagellate,Alexandrium spp.,DF-Alexandrium spp.,1840
13141,2013,Oct,24,24/10/2013,,16.39578,119.90667,RVA3,,1,Diatom,Chaetoceros spp.,D-Chaetoceros spp.,600
13142,2013,Oct,24,24/10/2013,,16.39578,119.90667,RVA3,,1,Raphidophyte,Chattonnella subsalsa,RD-Chattonnella subsalsa,420
13143,2013,Oct,24,24/10/2013,,16.39578,119.90667,RVA3,,1,Diatom,Coscinodiscus spp.,D-Coscinodiscus spp.,80
13144,2013,Oct,24,24/10/2013,,16.39578,119.90667,RVA3,,1,Diatom,Pseudonitzschia spp.,D-Pseudonitzschia spp.,40
13145,2013,Oct,24,24/10/2013,,16.39578,119.90667,RVA3,,1,Cyanobacteria,Trichodesmium sp.,CYN-Trichodesmium sp.,20
13146,2013,Oct,24,24/10/2013,,16.39578,119.90667,RVA3,,1,Diatom,Hemiaulus,D-Hemiaulus,200
13147,2013,Oct,24,24/10/2013,,16.39578,119.90667,RVA3,,1,Diatom,Leptocylindrus spp.,D-Leptocylindrus spp.,180
13148,2013,Oct,24,24/10/2013,,16.39578,119.90667,RVA3,,1,Diatom,Navicula  spp.,D-Navicula  spp.,180
13149,2013,Oct,24,24/10/2013,,16.39578,119.90667,RVA3,,1,Diatom,Pseudonitzschia spp.,D-Pseudonitzschia spp.,40
13150,2013,Oct,24,24/10/2013,,16.39578,119.90667,RVA3,,1,Diatom,Pleurosigma spp.,D-Pleurosigma spp.,20
13151,2013,Oct,24,24/10/2013,,16.39578,119.90667,RVA3,,1,Dinoflagellate,Prorocentrum micans,DF-Prorocentrum micans,20
13152,2013,Oct,24,24/10/2013,,16.39578,119.90667,RVA3,,1,Dinoflagellate,Protoperidinium pallidum,DF-Protoperidinium pallidum,60
13153,2013,Oct,24,24/10/2013,,16.39578,119.90667,RVA3,,1,Diatom,Ditylum sp.,D-Ditylum sp.,120
13154,2013,Oct,24,24/10/2013,,16.39578,119.90667,RVA3,,1,Dinoflagellate,Scrippsiella spinifera,DF-Scrippsiella spinifera,20
13155,2013,Oct,24,24/10/2013,,16.39578,119.90667,RVA3,,1,Diatom,Thalassionema spp.,D-Thalassionema spp.,420
13156,2013,Oct,24,24/10/2013,,16.39578,119.90667,RVA3,,1,Diatom,Thalassiosira spp.,D-Thalassiosira spp.,620
13157,2013,Oct,24,24/10/2013,,16.39578,119.90667,RVA3,,1,Diatom,Thalassiothrix,D-Thalassiothrix,20
13158,2013,Oct,24,24/10/2013,,16.39578,119.90667,RVA3,,MID,Diatom,Actinocyclus,D-Actinocyclus,20
13159,2013,Oct,24,24/10/2013,,16.39578,119.90667,RVA3,,MID,Dinoflagellate,Alexandrium spp.,DF-Alexandrium spp.,720
13160,2013,Oct,24,24/10/2013,,16.39578,119.90667,RVA3,,MID,Diatom,Chaetoceros spp.,D-Chaetoceros spp.,20
13161,2013,Oct,24,24/10/2013,,16.39578,119.90667,RVA3,,MID,Raphidophyte,Chattonnella subsalsa,RD-Chattonnella subsalsa,360
13162,2013,Oct,24,24/10/2013,,16.39578,119.90667,RVA3,,MID,Diatom,Coscinodiscus spp.,D-Coscinodiscus spp.,60
13163,2013,Oct,24,24/10/2013,,16.39578,119.90667,RVA3,,MID,Diatom,Pseudonitzschia spp.,D-Pseudonitzschia spp.,160
13164,2013,Oct,24,24/10/2013,,16.39578,119.90667,RVA3,,MID,Dinoflagellate,Prorocentrum micans,DF-Prorocentrum micans,120
13165,2013,Oct,24,24/10/2013,,16.39578,119.90667,RVA3,,MID,Dinoflagellate,Protoperidinium pallidum,DF-Protoperidinium pallidum,60
13166,2013,Oct,24,24/10/2013,,16.39578,119.90667,RVA3,,MID,Diatom,Ditylum sp.,D-Ditylum sp.,220
13167,2013,Oct,24,24/10/2013,,16.39578,119.90667,RVA3,,MID,Diatom,Thalassionema spp.,D-Thalassionema spp.,240
13168,2013,Oct,24,24/10/2013,,16.39578,119.90667,RVA3,,MID,Diatom,Thalassiosira spp.,D-Thalassiosira spp.,100
13169,2013,Oct,24,24/10/2013,,16.34927,119.94606,W1,,1,Diatom,Actinocyclus,D-Actinocyclus,180
13170,2013,Oct,24,24/10/2013,,16.34927,119.94606,W1,,1,Dinoflagellate,Alexandrium spp.,DF-Alexandrium spp.,180
13171,2013,Oct,24,24/10/2013,,16.34927,119.94606,W1,,1,Diatom,Chaetoceros spp.,D-Chaetoceros spp.,200
13172,2013,Oct,24,24/10/2013,,16.34927,119.94606,W1,,1,Raphidophyte,Chattonnella subsalsa,RD-Chattonnella subsalsa,80
13173,2013,Oct,24,24/10/2013,,16.34927,119.94606,W1,,1,Diatom,Coscinodiscus spp.,D-Coscinodiscus spp.,60
13174,2013,Oct,24,24/10/2013,,16.34927,119.94606,W1,,1,Diatom,Pseudonitzschia spp.,D-Pseudonitzschia spp.,80
13175,2013,Oct,24,24/10/2013,,16.34927,119.94606,W1,,1,Cyanobacteria,Trichodesmium sp.,CYN-Trichodesmium sp.,80
13176,2013,Oct,24,24/10/2013,,16.34927,119.94606,W1,,1,Diatom,Hemiaulus,D-Hemiaulus,80
13177,2013,Oct,24,24/10/2013,,16.34927,119.94606,W1,,1,Diatom,Navicula  spp.,D-Navicula  spp.,440
13178,2013,Oct,24,24/10/2013,,16.34927,119.94606,W1,,1,Diatom,Pseudonitzschia spp.,D-Pseudonitzschia spp.,40
13179,2013,Oct,24,24/10/2013,,16.34927,119.94606,W1,,1,Diatom,Pleurosigma spp.,D-Pleurosigma spp.,400
13180,2013,Oct,24,24/10/2013,,16.34927,119.94606,W1,,1,Dinoflagellate,Prorocentrum micans,DF-Prorocentrum micans,40
13181,2013,Oct,24,24/10/2013,,16.34927,119.94606,W1,,1,Dinoflagellate,Protoperidinium pallidum,DF-Protoperidinium pallidum,40
13182,2013,Oct,24,24/10/2013,,16.34927,119.94606,W1,,1,Diatom,Ditylum sp.,D-Ditylum sp.,160
13183,2013,Oct,24,24/10/2013,,16.34927,119.94606,W1,,1,Diatom,Thalassionema spp.,D-Thalassionema spp.,540
13184,2013,Oct,24,24/10/2013,,16.34927,119.94606,W1,,1,Diatom,Thalassiosira spp.,D-Thalassiosira spp.,120
13185,2013,Oct,24,24/10/2013,,16.34927,119.94606,W1,,1,Diatom,Thalassiothrix,D-Thalassiothrix,20
13186,2013,Oct,24,24/10/2013,,16.33668,119.94476,W2A,,1,Dinoflagellate,Alexandrium spp.,DF-Alexandrium spp.,700
13187,2013,Oct,24,24/10/2013,,16.33668,119.94476,W2A,,1,Diatom,Actinocyclus,D-Actinocyclus,640
13188,2013,Oct,24,24/10/2013,,16.33668,119.94476,W2A,,1,Raphidophyte,Chattonnella subsalsa,RD-Chattonnella subsalsa,80
13189,2013,Oct,24,24/10/2013,,16.33668,119.94476,W2A,,1,Diatom,Coscinodiscus spp.,D-Coscinodiscus spp.,420
13190,2013,Oct,24,24/10/2013,,16.33668,119.94476,W2A,,1,Diatom,Cyclotella,D-Cyclotella,120
13191,2013,Oct,24,24/10/2013,,16.33668,119.94476,W2A,,1,Cyanobacteria,Trichodesmium sp.,CYN-Trichodesmium sp.,540
13192,2013,Oct,24,24/10/2013,,16.33668,119.94476,W2A,,1,Diatom,Hemiaulus,D-Hemiaulus,100
13193,2013,Oct,24,24/10/2013,,16.33668,119.94476,W2A,,1,Diatom,Navicula  spp.,D-Navicula  spp.,4980
13194,2013,Oct,24,24/10/2013,,16.33668,119.94476,W2A,,1,Diatom,Pseudonitzschia spp.,D-Pseudonitzschia spp.,100
13195,2013,Oct,24,24/10/2013,,16.33668,119.94476,W2A,,1,Diatom,Pleurosigma spp.,D-Pleurosigma spp.,200
13196,2013,Oct,24,24/10/2013,,16.33668,119.94476,W2A,,1,Diatom,Proboscia,D-Proboscia,60
13197,2013,Oct,24,24/10/2013,,16.33668,119.94476,W2A,,1,Dinoflagellate,Prorocentrum micans,DF-Prorocentrum micans,20
13198,2013,Oct,24,24/10/2013,,16.33668,119.94476,W2A,,1,Diatom,Ditylum sp.,D-Ditylum sp.,1040
13199,2013,Oct,24,24/10/2013,,16.33668,119.94476,W2A,,1,Diatom,Thalassionema spp.,D-Thalassionema spp.,620
13200,2013,Oct,24,24/10/2013,,16.33668,119.94476,W2A,,1,Diatom,Thalassiosira spp.,D-Thalassiosira spp.,5080
13201,2013,Oct,24,24/10/2013,,16.33668,119.94476,W2A,,1,Diatom,Thalassiothrix,D-Thalassiothrix,80
13202,2013,Oct,24,24/10/2013,,16.37073,119.93401,W3,,1,Diatom,Actinocyclus,D-Actinocyclus,1200
13203,2013,Oct,24,24/10/2013,,16.37073,119.93401,W3,,1,Dinoflagellate,Alexandrium spp.,DF-Alexandrium spp.,220
13204,2013,Oct,24,24/10/2013,,16.37073,119.93401,W3,,1,Diatom,Coscinodiscus spp.,D-Coscinodiscus spp.,760
13205,2013,Oct,24,24/10/2013,,16.37073,119.93401,W3,,1,Diatom,Pseudonitzschia spp.,D-Pseudonitzschia spp.,640
13206,2013,Oct,24,24/10/2013,,16.37073,119.93401,W3,,1,Cyanobacteria,Trichodesmium sp.,CYN-Trichodesmium sp.,680
13207,2013,Oct,24,24/10/2013,,16.37073,119.93401,W3,,1,Diatom,Leptocylindrus spp.,D-Leptocylindrus spp.,0
13208,2013,Oct,24,24/10/2013,,16.37073,119.93401,W3,,1,Diatom,Navicula  spp.,D-Navicula  spp.,3420
13209,2013,Oct,24,24/10/2013,,16.37073,119.93401,W3,,1,Diatom,Pseudonitzschia spp.,D-Pseudonitzschia spp.,460
13210,2013,Oct,24,24/10/2013,,16.37073,119.93401,W3,,1,Diatom,Pleurosigma spp.,D-Pleurosigma spp.,100
13211,2013,Oct,24,24/10/2013,,16.37073,119.93401,W3,,1,Dinoflagellate,Protoperidinium pallidum,DF-Protoperidinium pallidum,60
13212,2013,Oct,24,24/10/2013,,16.37073,119.93401,W3,,1,Diatom,Ditylum sp.,D-Ditylum sp.,1880
13213,2013,Oct,24,24/10/2013,,16.37073,119.93401,W3,,1,Diatom,Thalassionema spp.,D-Thalassionema spp.,960
13214,2013,Oct,24,24/10/2013,,16.37073,119.93401,W3,,1,Diatom,Thalassiosira spp.,D-Thalassiosira spp.,3040
13215,2013,Oct,24,24/10/2013,,16.37073,119.93401,W3,,1,Diatom,Thalassiothrix,D-Thalassiothrix,20
13216,2013,Oct,24,24/10/2013,,16.37073,119.93401,W3,,MID,Diatom,Actinocyclus,D-Actinocyclus,280
13217,2013,Oct,24,24/10/2013,,16.37073,119.93401,W3,,MID,Dinoflagellate,Alexandrium spp.,DF-Alexandrium spp.,420
13218,2013,Oct,24,24/10/2013,,16.37073,119.93401,W3,,MID,Diatom,Coscinodiscus spp.,D-Coscinodiscus spp.,1080
13219,2013,Oct,24,24/10/2013,,16.37073,119.93401,W3,,MID,Diatom,Cyclotella,D-Cyclotella,120
13220,2013,Oct,24,24/10/2013,,16.37073,119.93401,W3,,MID,Diatom,Pseudonitzschia spp.,D-Pseudonitzschia spp.,1120
13221,2013,Oct,24,24/10/2013,,16.37073,119.93401,W3,,MID,Cyanobacteria,Trichodesmium sp.,CYN-Trichodesmium sp.,140
13222,2013,Oct,24,24/10/2013,,16.37073,119.93401,W3,,MID,Diatom,Leptocylindrus spp.,D-Leptocylindrus spp.,180
13223,2013,Oct,24,24/10/2013,,16.37073,119.93401,W3,,MID,Diatom,Navicula  spp.,D-Navicula  spp.,1660
13224,2013,Oct,24,24/10/2013,,16.37073,119.93401,W3,,MID,Diatom,Pleurosigma spp.,D-Pleurosigma spp.,120
13225,2013,Oct,24,24/10/2013,,16.37073,119.93401,W3,,MID,Diatom,Ditylum sp.,D-Ditylum sp.,3780
13226,2013,Oct,24,24/10/2013,,16.37073,119.93401,W3,,MID,Diatom,Thalassionema spp.,D-Thalassionema spp.,2880
13227,2013,Oct,24,24/10/2013,,16.37073,119.93401,W3,,MID,Diatom,Thalassiosira spp.,D-Thalassiosira spp.,3260
13228,2013,Oct,24,24/10/2013,,16.37073,119.93401,W3,,MID,Diatom,Thalassiothrix,D-Thalassiothrix,760
13229,2013,Oct,24,24/10/2013,,16.32003,119.93384,W8,,MID,Diatom,Actinocyclus,D-Actinocyclus,2060
13230,2013,Oct,24,24/10/2013,,16.32003,119.93384,W8,,MID,Dinoflagellate,Alexandrium spp.,DF-Alexandrium spp.,680
13231,2013,Oct,24,24/10/2013,,16.32003,119.93384,W8,,MID,Diatom,Coscinodiscus spp.,D-Coscinodiscus spp.,1080
13232,2013,Oct,24,24/10/2013,,16.32003,119.93384,W8,,MID,Cyanobacteria,Trichodesmium sp.,CYN-Trichodesmium sp.,40
13233,2013,Oct,24,24/10/2013,,16.32003,119.93384,W8,,MID,Diatom,Leptocylindrus spp.,D-Leptocylindrus spp.,80
13234,2013,Oct,24,24/10/2013,,16.32003,119.93384,W8,,MID,Diatom,Navicula  spp.,D-Navicula  spp.,2440
13235,2013,Oct,24,24/10/2013,,16.32003,119.93384,W8,,MID,Diatom,Pseudonitzschia spp.,D-Pseudonitzschia spp.,320
13236,2013,Oct,24,24/10/2013,,16.32003,119.93384,W8,,MID,Diatom,Pleurosigma spp.,D-Pleurosigma spp.,100
13237,2013,Oct,24,24/10/2013,,16.32003,119.93384,W8,,MID,Dinoflagellate,Prorocentrum micans,DF-Prorocentrum micans,40
13238,2013,Oct,24,24/10/2013,,16.32003,119.93384,W8,,MID,Diatom,Ditylum sp.,D-Ditylum sp.,1660
13239,2013,Oct,24,24/10/2013,,16.32003,119.93384,W8,,MID,Diatom,Thalassionema spp.,D-Thalassionema spp.,2240
13240,2013,Oct,24,24/10/2013,,16.32003,119.93384,W8,,MID,Diatom,Thalassiosira spp.,D-Thalassiosira spp.,5220
13241,2013,Oct,24,24/10/2013,,16.32003,119.93384,W8,,MID,Diatom,Thalassiothrix,D-Thalassiothrix,80
13242,2013,Oct,24,24/10/2013,,16.34775,119.93452,W9,,1,Diatom,Actinocyclus,D-Actinocyclus,540
13243,2013,Oct,24,24/10/2013,,16.34775,119.93452,W9,,1,Dinoflagellate,Alexandrium spp.,DF-Alexandrium spp.,520
13244,2013,Oct,24,24/10/2013,,16.34775,119.93452,W9,,1,Diatom,Bacteriastrum spp.,D-Bacteriastrum spp.,20
13245,2013,Oct,24,24/10/2013,,16.34775,119.93452,W9,,1,Diatom,Chaetoceros spp.,D-Chaetoceros spp.,100
13246,2013,Oct,24,24/10/2013,,16.34775,119.93452,W9,,1,Raphidophyte,Chattonnella subsalsa,RD-Chattonnella subsalsa,1180
13247,2013,Oct,24,24/10/2013,,16.34775,119.93452,W9,,1,Diatom,Coscinodiscus spp.,D-Coscinodiscus spp.,760
13248,2013,Oct,24,24/10/2013,,16.34775,119.93452,W9,,1,Diatom,Pseudonitzschia spp.,D-Pseudonitzschia spp.,20
13249,2013,Oct,24,24/10/2013,,16.34775,119.93452,W9,,1,Diatom,Navicula  spp.,D-Navicula  spp.,2420
13250,2013,Oct,24,24/10/2013,,16.34775,119.93452,W9,,1,Diatom,Pseudonitzschia spp.,D-Pseudonitzschia spp.,1180
13251,2013,Oct,24,24/10/2013,,16.34775,119.93452,W9,,1,Diatom,Pleurosigma spp.,D-Pleurosigma spp.,100
13252,2013,Oct,24,24/10/2013,,16.34775,119.93452,W9,,1,Diatom,Ditylum sp.,D-Ditylum sp.,180
13253,2013,Oct,24,24/10/2013,,16.34775,119.93452,W9,,1,Diatom,Thalassionema spp.,D-Thalassionema spp.,2060
13254,2013,Oct,24,24/10/2013,,16.34775,119.93452,W9,,1,Diatom,Thalassiosira spp.,D-Thalassiosira spp.,1340
13255,2013,Oct,24,24/10/2013,,16.38326,119.92616,W11,,1,Diatom,Actinocyclus,D-Actinocyclus,560
13256,2013,Oct,24,24/10/2013,,16.38326,119.92616,W11,,1,Dinoflagellate,Alexandrium spp.,DF-Alexandrium spp.,1080
13257,2013,Oct,24,24/10/2013,,16.38326,119.92616,W11,,1,Diatom,Chaetoceros spp.,D-Chaetoceros spp.,40
13258,2013,Oct,24,24/10/2013,,16.38326,119.92616,W11,,1,Diatom,Coscinodiscus spp.,D-Coscinodiscus spp.,160
13259,2013,Oct,24,24/10/2013,,16.38326,119.92616,W11,,1,Cyanobacteria,Trichodesmium sp.,CYN-Trichodesmium sp.,20
13260,2013,Oct,24,24/10/2013,,16.38326,119.92616,W11,,1,Diatom,Leptocylindrus spp.,D-Leptocylindrus spp.,20
13261,2013,Oct,24,24/10/2013,,16.38326,119.92616,W11,,1,Diatom,Navicula  spp.,D-Navicula  spp.,280
13262,2013,Oct,24,24/10/2013,,16.38326,119.92616,W11,,1,Diatom,Pseudonitzschia spp.,D-Pseudonitzschia spp.,200
13263,2013,Oct,24,24/10/2013,,16.38326,119.92616,W11,,1,Diatom,Pleurosigma spp.,D-Pleurosigma spp.,20
13264,2013,Oct,24,24/10/2013,,16.38326,119.92616,W11,,1,Diatom,Ditylum sp.,D-Ditylum sp.,180
13265,2013,Oct,24,24/10/2013,,16.38326,119.92616,W11,,1,Diatom,Thalassionema spp.,D-Thalassionema spp.,700
13266,2013,Oct,24,24/10/2013,,16.38326,119.92616,W11,,1,Diatom,Thalassiosira spp.,D-Thalassiosira spp.,560
13267,2013,Oct,24,24/10/2013,,16.38326,119.92616,W11,,MID,Diatom,Actinocyclus,D-Actinocyclus,180
13268,2013,Oct,24,24/10/2013,,16.38326,119.92616,W11,,MID,Dinoflagellate,Alexandrium spp.,DF-Alexandrium spp.,500
13269,2013,Oct,24,24/10/2013,,16.38326,119.92616,W11,,MID,Diatom,Chaetoceros spp.,D-Chaetoceros spp.,20
13270,2013,Oct,24,24/10/2013,,16.38326,119.92616,W11,,MID,Raphidophyte,Chattonnella subsalsa,RD-Chattonnella subsalsa,1120
13271,2013,Oct,24,24/10/2013,,16.38326,119.92616,W11,,MID,Diatom,Coscinodiscus spp.,D-Coscinodiscus spp.,280
13272,2013,Oct,24,24/10/2013,,16.38326,119.92616,W11,,MID,Diatom,Pseudonitzschia spp.,D-Pseudonitzschia spp.,300
13273,2013,Oct,24,24/10/2013,,16.38326,119.92616,W11,,MID,Cyanobacteria,Trichodesmium sp.,CYN-Trichodesmium sp.,20
13274,2013,Oct,24,24/10/2013,,16.38326,119.92616,W11,,MID,Diatom,Leptocylindrus spp.,D-Leptocylindrus spp.,80
13275,2013,Oct,24,24/10/2013,,16.38326,119.92616,W11,,MID,Diatom,Navicula  spp.,D-Navicula  spp.,420
13276,2013,Oct,24,24/10/2013,,16.38326,119.92616,W11,,MID,Diatom,Pseudonitzschia spp.,D-Pseudonitzschia spp.,1820
13277,2013,Oct,24,24/10/2013,,16.38326,119.92616,W11,,MID,Diatom,Pleurosigma spp.,D-Pleurosigma spp.,40
13278,2013,Oct,24,24/10/2013,,16.38326,119.92616,W11,,MID,Dinoflagellate,Prorocentrum micans,DF-Prorocentrum micans,60
13279,2013,Oct,24,24/10/2013,,16.38326,119.92616,W11,,MID,Dinoflagellate,Protoperidinium pallidum,DF-Protoperidinium pallidum,100
13280,2013,Oct,24,24/10/2013,,16.38326,119.92616,W11,,MID,Diatom,Ditylum sp.,D-Ditylum sp.,2340
13281,2013,Oct,24,24/10/2013,,16.38326,119.92616,W11,,MID,Diatom,Thalassionema spp.,D-Thalassionema spp.,2800
13282,2013,Oct,24,24/10/2013,,16.38326,119.92616,W11,,MID,Diatom,Thalassiosira spp.,D-Thalassiosira spp.,180
13283,2013,Oct,29,29/10/2013,,16.34775,119.93375,A1,,1,Diatom,Actinocyclus,D-Actinocyclus,4260
13284,2013,Oct,29,29/10/2013,,16.34775,119.93375,A1,,1,Dinoflagellate,Alexandrium spp.,DF-Alexandrium spp.,30460
13285,2013,Oct,29,29/10/2013,,16.34775,119.93375,A1,,1,Diatom,Amphora,D-Amphora,4020
13286,2013,Oct,29,29/10/2013,,16.34775,119.93375,A1,,1,Raphidophyte,Chattonnella subsalsa,RD-Chattonnella subsalsa,10820
13287,2013,Oct,29,29/10/2013,,16.34775,119.93375,A1,,1,Diatom,Coscinodiscus spp.,D-Coscinodiscus spp.,520
13288,2013,Oct,29,29/10/2013,,16.34775,119.93375,A1,,1,Diatom,Pseudonitzschia spp.,D-Pseudonitzschia spp.,6040
13289,2013,Oct,29,29/10/2013,,16.34775,119.93375,A1,,1,Diatom,Navicula  spp.,D-Navicula  spp.,16120
13290,2013,Oct,29,29/10/2013,,16.34775,119.93375,A1,,1,Diatom,Pseudonitzschia spp.,D-Pseudonitzschia spp.,1040
13291,2013,Oct,29,29/10/2013,,16.34775,119.93375,A1,,1,Diatom,Pleurosigma spp.,D-Pleurosigma spp.,340
13292,2013,Oct,29,29/10/2013,,16.34775,119.93375,A1,,1,Dinoflagellate,Prorocentrum micans,DF-Prorocentrum micans,5080
13293,2013,Oct,29,29/10/2013,,16.34775,119.93375,A1,,1,Dinoflagellate,Protoperidinium pallidum,DF-Protoperidinium pallidum,4940
13294,2013,Oct,29,29/10/2013,,16.34775,119.93375,A1,,1,Diatom,Ditylum sp.,D-Ditylum sp.,1040
13295,2013,Oct,29,29/10/2013,,16.34775,119.93375,A1,,1,Dinoflagellate,Scrippsiella spinifera,DF-Scrippsiella spinifera,100
13296,2013,Oct,29,29/10/2013,,16.34775,119.93375,A1,,1,Diatom,Thalassionema spp.,D-Thalassionema spp.,7160
13297,2013,Oct,29,29/10/2013,,16.34775,119.93375,A1,,1,Diatom,Thalassiosira spp.,D-Thalassiosira spp.,2820
13298,2013,Oct,29,29/10/2013,,16.34775,119.93452,A2,,1,Diatom,Actinocyclus,D-Actinocyclus,2180
13299,2013,Oct,29,29/10/2013,,16.34775,119.93452,A2,,1,Dinoflagellate,Alexandrium spp.,DF-Alexandrium spp.,28500
13300,2013,Oct,29,29/10/2013,,16.34775,119.93452,A2,,1,Raphidophyte,Chattonnella subsalsa,RD-Chattonnella subsalsa,4120
13301,2013,Oct,29,29/10/2013,,16.34775,119.93452,A2,,1,Diatom,Navicula  spp.,D-Navicula  spp.,3040
13302,2013,Oct,29,29/10/2013,,16.34775,119.93452,A2,,1,Diatom,Pleurosigma spp.,D-Pleurosigma spp.,40
13303,2013,Oct,29,29/10/2013,,16.34775,119.93452,A2,,1,Dinoflagellate,Prorocentrum micans,DF-Prorocentrum micans,2920
13304,2013,Oct,29,29/10/2013,,16.34775,119.93452,A2,,1,Diatom,Ditylum sp.,D-Ditylum sp.,4060
13305,2013,Oct,29,29/10/2013,,16.34775,119.93452,A2,,1,Dinoflagellate,Scrippsiella spinifera,DF-Scrippsiella spinifera,720
13306,2013,Oct,29,29/10/2013,,16.34775,119.93452,A2,,1,Diatom,Thalassionema spp.,D-Thalassionema spp.,6140
13307,2013,Oct,29,29/10/2013,,16.34775,119.93452,A2,,1,Diatom,Thalassiosira spp.,D-Thalassiosira spp.,2080
13308,2013,Oct,29,29/10/2013,,16.33431,119.95731,A3,,1,Diatom,Actinocyclus,D-Actinocyclus,860
13309,2013,Oct,29,29/10/2013,,16.33431,119.95731,A3,,1,Dinoflagellate,Alexandrium spp.,DF-Alexandrium spp.,38960
13310,2013,Oct,29,29/10/2013,,16.33431,119.95731,A3,,1,Dinoflagellate,Ceratium furca,DF-Ceratium furca,2140
13311,2013,Oct,29,29/10/2013,,16.33431,119.95731,A3,,1,Raphidophyte,Chattonnella subsalsa,RD-Chattonnella subsalsa,8020
13312,2013,Oct,29,29/10/2013,,16.33431,119.95731,A3,,1,Diatom,Coscinodiscus spp.,D-Coscinodiscus spp.,940
13313,2013,Oct,29,29/10/2013,,16.33431,119.95731,A3,,1,Diatom,Navicula  spp.,D-Navicula  spp.,2960
13314,2013,Oct,29,29/10/2013,,16.33431,119.95731,A3,,1,Diatom,Pseudonitzschia spp.,D-Pseudonitzschia spp.,1120
13315,2013,Oct,29,29/10/2013,,16.33431,119.95731,A3,,1,Dinoflagellate,Prorocentrum micans,DF-Prorocentrum micans,7060
13316,2013,Oct,29,29/10/2013,,16.33431,119.95731,A3,,1,Dinoflagellate,Scrippsiella spinifera,DF-Scrippsiella spinifera,1720
13317,2013,Oct,29,29/10/2013,,16.33431,119.95731,A3,,1,Diatom,Thalassionema spp.,D-Thalassionema spp.,2240
13318,2013,Oct,29,29/10/2013,,16.33431,119.95731,A3,,1,Diatom,Thalassiosira spp.,D-Thalassiosira spp.,2100
13319,2013,Oct,29,29/10/2013,,16.33431,119.95731,A3,,1,Diatom,Thalassiothrix,D-Thalassiothrix,1080
13320,2013,Oct,29,29/10/2013,,16.28459,119.92285,A4,,1,Diatom,Actinocyclus,D-Actinocyclus,2940
13321,2013,Oct,29,29/10/2013,,16.28459,119.92285,A4,,1,Dinoflagellate,Alexandrium spp.,DF-Alexandrium spp.,12080
13322,2013,Oct,29,29/10/2013,,16.28459,119.92285,A4,,1,Raphidophyte,Chattonnella subsalsa,RD-Chattonnella subsalsa,4820
13323,2013,Oct,29,29/10/2013,,16.28459,119.92285,A4,,1,Diatom,Navicula  spp.,D-Navicula  spp.,3040
13324,2013,Oct,29,29/10/2013,,16.28459,119.92285,A4,,1,Dinoflagellate,Prorocentrum micans,DF-Prorocentrum micans,2920
13325,2013,Oct,29,29/10/2013,,16.28459,119.92285,A4,,1,Dinoflagellate,Protoperidinium pallidum,DF-Protoperidinium pallidum,840
13326,2013,Oct,29,29/10/2013,,16.28459,119.92285,A4,,1,Diatom,Ditylum sp.,D-Ditylum sp.,1880
13327,2013,Oct,29,29/10/2013,,16.28459,119.92285,A4,,1,Diatom,Thalassionema spp.,D-Thalassionema spp.,10180
13328,2013,Oct,29,29/10/2013,,16.28459,119.92285,A4,,1,Diatom,Thalassiosira spp.,D-Thalassiosira spp.,3040
13329,2013,Oct,29,29/10/2013,,16.27365,119.92599,A5,,1,Diatom,Actinocyclus,D-Actinocyclus,1080
13330,2013,Oct,29,29/10/2013,,16.27365,119.92599,A5,,1,Dinoflagellate,Alexandrium spp.,DF-Alexandrium spp.,4040
13331,2013,Oct,29,29/10/2013,,16.27365,119.92599,A5,,1,Diatom,Amphora,D-Amphora,240
13332,2013,Oct,29,29/10/2013,,16.27365,119.92599,A5,,1,Dinoflagellate,Ceratium furca,DF-Ceratium furca,20
13333,2013,Oct,29,29/10/2013,,16.27365,119.92599,A5,,1,Diatom,Chaetoceros spp.,D-Chaetoceros spp.,60
13334,2013,Oct,29,29/10/2013,,16.27365,119.92599,A5,,1,Diatom,Coscinodiscus spp.,D-Coscinodiscus spp.,1080
13335,2013,Oct,29,29/10/2013,,16.27365,119.92599,A5,,1,Dinoflagellate,Dinophysis caudata,DF-Dinophysis caudata,80
13336,2013,Oct,29,29/10/2013,,16.27365,119.92599,A5,,1,Diatom,Hemiaulus,D-Hemiaulus,60
13337,2013,Oct,29,29/10/2013,,16.27365,119.92599,A5,,1,Diatom,Leptocylindrus spp.,D-Leptocylindrus spp.,60
13338,2013,Oct,29,29/10/2013,,16.27365,119.92599,A5,,1,Diatom,Navicula  spp.,D-Navicula  spp.,1020
13339,2013,Oct,29,29/10/2013,,16.27365,119.92599,A5,,1,Dinoflagellate,Prorocentrum micans,DF-Prorocentrum micans,1760
13340,2013,Oct,29,29/10/2013,,16.27365,119.92599,A5,,1,Dinoflagellate,Protoperidinium pallidum,DF-Protoperidinium pallidum,980
13341,2013,Oct,29,29/10/2013,,16.27365,119.92599,A5,,1,Diatom,Ditylum sp.,D-Ditylum sp.,1460
13342,2013,Oct,29,29/10/2013,,16.27365,119.92599,A5,,1,Dinoflagellate,Scrippsiella spinifera,DF-Scrippsiella spinifera,280
13343,2013,Oct,29,29/10/2013,,16.27365,119.92599,A5,,1,Diatom,Thalassionema spp.,D-Thalassionema spp.,1560
13344,2013,Oct,29,29/10/2013,,16.27365,119.92599,A5,,1,Diatom,Thalassiosira spp.,D-Thalassiosira spp.,800
13345,2013,Oct,29,29/10/2013,,16.34927,119.94606,W1,,1,Diatom,Actinocyclus,D-Actinocyclus,460
13346,2013,Oct,29,29/10/2013,,16.34927,119.94606,W1,,1,Dinoflagellate,Alexandrium spp.,DF-Alexandrium spp.,9420
13347,2013,Oct,29,29/10/2013,,16.34927,119.94606,W1,,1,Raphidophyte,Chattonnella subsalsa,RD-Chattonnella subsalsa,1820
13348,2013,Oct,29,29/10/2013,,16.34927,119.94606,W1,,1,Diatom,Coscinodiscus spp.,D-Coscinodiscus spp.,480
13349,2013,Oct,29,29/10/2013,,16.34927,119.94606,W1,,1,Diatom,Navicula  spp.,D-Navicula  spp.,2420
13350,2013,Oct,29,29/10/2013,,16.34927,119.94606,W1,,1,Dinoflagellate,Scrippsiella spinifera,DF-Scrippsiella spinifera,1580
13351,2013,Oct,29,29/10/2013,,16.34927,119.94606,W1,,1,Diatom,Thalassionema spp.,D-Thalassionema spp.,800
13352,2013,Oct,29,29/10/2013,,16.34927,119.94606,W1,,1,Diatom,Thalassiosira spp.,D-Thalassiosira spp.,2040
13353,2013,Oct,29,29/10/2013,,16.33668,119.94476,W2A,,1,Diatom,Actinocyclus,D-Actinocyclus,920
13354,2013,Oct,29,29/10/2013,,16.33668,119.94476,W2A,,1,Dinoflagellate,Alexandrium spp.,DF-Alexandrium spp.,102480
13355,2013,Oct,29,29/10/2013,,16.33668,119.94476,W2A,,1,Diatom,Amphora,D-Amphora,420
13356,2013,Oct,29,29/10/2013,,16.33668,119.94476,W2A,,1,Raphidophyte,Chattonnella subsalsa,RD-Chattonnella subsalsa,3680
13357,2013,Oct,29,29/10/2013,,16.33668,119.94476,W2A,,1,Diatom,Navicula  spp.,D-Navicula  spp.,3080
13358,2013,Oct,29,29/10/2013,,16.33668,119.94476,W2A,,1,Diatom,Pseudonitzschia spp.,D-Pseudonitzschia spp.,1160
13359,2013,Oct,29,29/10/2013,,16.33668,119.94476,W2A,,1,Dinoflagellate,Protoperidinium pallidum,DF-Protoperidinium pallidum,1140
13360,2013,Oct,29,29/10/2013,,16.33668,119.94476,W2A,,1,Diatom,Ditylum sp.,D-Ditylum sp.,3480
13361,2013,Oct,29,29/10/2013,,16.33668,119.94476,W2A,,1,Dinoflagellate,Scrippsiella spinifera,DF-Scrippsiella spinifera,1420
13362,2013,Oct,29,29/10/2013,,16.33668,119.94476,W2A,,1,Diatom,Thalassionema spp.,D-Thalassionema spp.,7080
13363,2013,Oct,29,29/10/2013,,16.37073,119.93401,W3,,1,Diatom,Actinocyclus,D-Actinocyclus,380
13364,2013,Oct,29,29/10/2013,,16.37073,119.93401,W3,,1,Dinoflagellate,Alexandrium spp.,DF-Alexandrium spp.,3220
13365,2013,Oct,29,29/10/2013,,16.37073,119.93401,W3,,1,Diatom,Coscinodiscus spp.,D-Coscinodiscus spp.,680
13366,2013,Oct,29,29/10/2013,,16.37073,119.93401,W3,,1,Diatom,Navicula  spp.,D-Navicula  spp.,660
13367,2013,Oct,29,29/10/2013,,16.37073,119.93401,W3,,1,Diatom,Pseudonitzschia spp.,D-Pseudonitzschia spp.,860
13368,2013,Oct,29,29/10/2013,,16.37073,119.93401,W3,,1,Dinoflagellate,Protoperidinium pallidum,DF-Protoperidinium pallidum,480
13369,2013,Oct,29,29/10/2013,,16.37073,119.93401,W3,,1,Diatom,Thalassionema spp.,D-Thalassionema spp.,1380
13370,2013,Oct,29,29/10/2013,,16.37073,119.93401,W3,,1,Diatom,Thalassiosira spp.,D-Thalassiosira spp.,740
13371,2013,Oct,29,29/10/2013,,16.32003,119.93384,W8,,1,Diatom,Actinocyclus,D-Actinocyclus,1820
13372,2013,Oct,29,29/10/2013,,16.32003,119.93384,W8,,1,Dinoflagellate,Alexandrium spp.,DF-Alexandrium spp.,28420
13373,2013,Oct,29,29/10/2013,,16.32003,119.93384,W8,,1,Diatom,Amphora,D-Amphora,260
13374,2013,Oct,29,29/10/2013,,16.32003,119.93384,W8,,1,Dinoflagellate,Ceratium furca,DF-Ceratium furca,120
13375,2013,Oct,29,29/10/2013,,16.32003,119.93384,W8,,1,Raphidophyte,Chattonnella subsalsa,RD-Chattonnella subsalsa,1260
13376,2013,Oct,29,29/10/2013,,16.32003,119.93384,W8,,1,Cyanobacteria,Trichodesmium sp.,CYN-Trichodesmium sp.,140
13377,2013,Oct,29,29/10/2013,,16.32003,119.93384,W8,,1,Diatom,Navicula  spp.,D-Navicula  spp.,960
13378,2013,Oct,29,29/10/2013,,16.32003,119.93384,W8,,1,Diatom,Pseudonitzschia spp.,D-Pseudonitzschia spp.,1440
13379,2013,Oct,29,29/10/2013,,16.32003,119.93384,W8,,1,Dinoflagellate,Prorocentrum micans,DF-Prorocentrum micans,720
13380,2013,Oct,29,29/10/2013,,16.32003,119.93384,W8,,1,Dinoflagellate,Protoperidinium pallidum,DF-Protoperidinium pallidum,760
13381,2013,Oct,29,29/10/2013,,16.32003,119.93384,W8,,1,Diatom,Ditylum sp.,D-Ditylum sp.,1700
13382,2013,Oct,29,29/10/2013,,16.32003,119.93384,W8,,1,Diatom,Thalassionema spp.,D-Thalassionema spp.,940
13383,2013,Oct,29,29/10/2013,,16.32003,119.93384,W8,,1,Diatom,Thalassiosira spp.,D-Thalassiosira spp.,3480
13384,2013,Oct,29,29/10/2013,,16.34775,119.93452,W9,,1,Diatom,Actinocyclus,D-Actinocyclus,1020
13385,2013,Oct,29,29/10/2013,,16.34775,119.93452,W9,,1,Dinoflagellate,Alexandrium spp.,DF-Alexandrium spp.,5320
13386,2013,Oct,29,29/10/2013,,16.34775,119.93452,W9,,1,Diatom,Amphora,D-Amphora,860
13387,2013,Oct,29,29/10/2013,,16.34775,119.93452,W9,,1,Diatom,Chaetoceros spp.,D-Chaetoceros spp.,160
13388,2013,Oct,29,29/10/2013,,16.34775,119.93452,W9,,1,Diatom,Coscinodiscus spp.,D-Coscinodiscus spp.,460
13389,2013,Oct,29,29/10/2013,,16.34775,119.93452,W9,,1,Diatom,Hemiaulus,D-Hemiaulus,60
13390,2013,Oct,29,29/10/2013,,16.34775,119.93452,W9,,1,Diatom,Navicula  spp.,D-Navicula  spp.,2200
13391,2013,Oct,29,29/10/2013,,16.34775,119.93452,W9,,1,Diatom,Pseudonitzschia spp.,D-Pseudonitzschia spp.,120
13392,2013,Oct,29,29/10/2013,,16.34775,119.93452,W9,,1,Diatom,Pleurosigma spp.,D-Pleurosigma spp.,60
13393,2013,Oct,29,29/10/2013,,16.34775,119.93452,W9,,1,Dinoflagellate,Prorocentrum micans,DF-Prorocentrum micans,640
13394,2013,Oct,29,29/10/2013,,16.34775,119.93452,W9,,1,Diatom,Ditylum sp.,D-Ditylum sp.,820
13395,2013,Oct,29,29/10/2013,,16.34775,119.93452,W9,,1,Dinoflagellate,Scrippsiella spinifera,DF-Scrippsiella spinifera,540
13396,2013,Oct,29,29/10/2013,,16.34775,119.93452,W9,,1,Diatom,Thalassionema spp.,D-Thalassionema spp.,1320
13397,2013,Oct,29,29/10/2013,,16.34775,119.93452,W9,,1,Diatom,Thalassiosira spp.,D-Thalassiosira spp.,1760
13398,2013,Oct,29,29/10/2013,,16.34775,119.93452,W9,,1,Diatom,Thalassiothrix,D-Thalassiothrix,220
13399,2013,Oct,29,29/10/2013,,16.37052,119.94857,W10,,1,Diatom,Actinocyclus,D-Actinocyclus,180
13400,2013,Oct,29,29/10/2013,,16.37052,119.94857,W10,,1,Dinoflagellate,Alexandrium spp.,DF-Alexandrium spp.,280
13401,2013,Oct,29,29/10/2013,,16.37052,119.94857,W10,,1,Diatom,Navicula  spp.,D-Navicula  spp.,200
13402,2013,Oct,29,29/10/2013,,16.37052,119.94857,W10,,1,Dinoflagellate,Prorocentrum micans,DF-Prorocentrum micans,200
13403,2013,Oct,29,29/10/2013,,16.37052,119.94857,W10,,1,Dinoflagellate,Protoperidinium pallidum,DF-Protoperidinium pallidum,180
13404,2013,Oct,29,29/10/2013,,16.37052,119.94857,W10,,1,Diatom,Thalassiosira spp.,D-Thalassiosira spp.,60
13405,2013,Oct,29,29/10/2013,,16.38326,119.92616,W11,,1,Diatom,Actinocyclus,D-Actinocyclus,1640
13406,2013,Oct,29,29/10/2013,,16.38326,119.92616,W11,,1,Dinoflagellate,Alexandrium spp.,DF-Alexandrium spp.,6820
13407,2013,Oct,29,29/10/2013,,16.38326,119.92616,W11,,1,Diatom,Amphora,D-Amphora,340
13408,2013,Oct,29,29/10/2013,,16.38326,119.92616,W11,,1,Raphidophyte,Chattonnella subsalsa,RD-Chattonnella subsalsa,1020
13409,2013,Oct,29,29/10/2013,,16.38326,119.92616,W11,,1,Diatom,Navicula  spp.,D-Navicula  spp.,2460
13410,2013,Oct,29,29/10/2013,,16.38326,119.92616,W11,,1,Diatom,Ditylum sp.,D-Ditylum sp.,460
13411,2013,Oct,29,29/10/2013,,16.38326,119.92616,W11,,1,Diatom,Thalassionema spp.,D-Thalassionema spp.,720
13412,2013,Oct,29,29/10/2013,,16.38326,119.92616,W11,,1,Diatom,Thalassiosira spp.,D-Thalassiosira spp.,1180
13413,2013,Oct,29,29/10/2013,,16.38326,119.92616,W11,,MID,Diatom,Actinocyclus,D-Actinocyclus,440
13414,2013,Oct,29,29/10/2013,,16.38326,119.92616,W11,,MID,Dinoflagellate,Alexandrium spp.,DF-Alexandrium spp.,2020
13415,2013,Oct,29,29/10/2013,,16.38326,119.92616,W11,,MID,Diatom,Amphora,D-Amphora,60
13416,2013,Oct,29,29/10/2013,,16.38326,119.92616,W11,,MID,Diatom,Chaetoceros spp.,D-Chaetoceros spp.,140
13417,2013,Oct,29,29/10/2013,,16.38326,119.92616,W11,,MID,Raphidophyte,Chattonnella subsalsa,RD-Chattonnella subsalsa,100
13418,2013,Oct,29,29/10/2013,,16.38326,119.92616,W11,,MID,Diatom,Coscinodiscus spp.,D-Coscinodiscus spp.,280
13419,2013,Oct,29,29/10/2013,,16.38326,119.92616,W11,,MID,Dinoflagellate,Dinophysis caudata,DF-Dinophysis caudata,40
13420,2013,Oct,29,29/10/2013,,16.38326,119.92616,W11,,MID,Diatom,Hemiaulus,D-Hemiaulus,200
13421,2013,Oct,29,29/10/2013,,16.38326,119.92616,W11,,MID,Diatom,Navicula  spp.,D-Navicula  spp.,240
13422,2013,Oct,29,29/10/2013,,16.38326,119.92616,W11,,MID,Diatom,Pseudonitzschia spp.,D-Pseudonitzschia spp.,60
13423,2013,Oct,29,29/10/2013,,16.38326,119.92616,W11,,MID,Dinoflagellate,Prorocentrum micans,DF-Prorocentrum micans,80
13424,2013,Oct,29,29/10/2013,,16.38326,119.92616,W11,,MID,Dinoflagellate,Protoperidinium pallidum,DF-Protoperidinium pallidum,40
13425,2013,Oct,29,29/10/2013,,16.38326,119.92616,W11,,MID,Diatom,Ditylum sp.,D-Ditylum sp.,60
13426,2013,Oct,29,29/10/2013,,16.38326,119.92616,W11,,MID,Diatom,Thalassionema spp.,D-Thalassionema spp.,1440
13427,2013,Oct,29,29/10/2013,,16.38326,119.92616,W11,,MID,Diatom,Thalassiosira spp.,D-Thalassiosira spp.,780
13428,2013,Nov,8,08/11/2013,,16.34775,119.93375,A1,,1,Diatom,Actinocyclus,D-Actinocyclus,5680
13429,2013,Nov,8,08/11/2013,,16.34775,119.93375,A1,,1,Dinoflagellate,Alexandrium spp.,DF-Alexandrium spp.,15680
13430,2013,Nov,8,08/11/2013,,16.34775,119.93375,A1,,1,Diatom,Amphora,D-Amphora,1860
13431,2013,Nov,8,08/11/2013,,16.34775,119.93375,A1,,1,Dinoflagellate,Ceratium furca,DF-Ceratium furca,60
13432,2013,Nov,8,08/11/2013,,16.34775,119.93375,A1,,1,Diatom,Coscinodiscus spp.,D-Coscinodiscus spp.,620
13433,2013,Nov,8,08/11/2013,,16.34775,119.93375,A1,,1,Diatom,Navicula  spp.,D-Navicula  spp.,4020
13434,2013,Nov,8,08/11/2013,,16.34775,119.93375,A1,,1,Diatom,Nitzschia spp.,D-Nitzschia spp.,1660
13435,2013,Nov,8,08/11/2013,,16.34775,119.93375,A1,,1,Dinoflagellate,Prorocentrum micans,DF-Prorocentrum micans,4860
13436,2013,Nov,8,08/11/2013,,16.34775,119.93375,A1,,1,Dinoflagellate,Protoperidinium pallidum,DF-Protoperidinium pallidum,1080
13437,2013,Nov,8,08/11/2013,,16.34775,119.93375,A1,,1,Diatom,Thalassionema spp.,D-Thalassionema spp.,40280
13438,2013,Nov,8,08/11/2013,,16.34775,119.93375,A1,,1,Diatom,Thalassiosira spp.,D-Thalassiosira spp.,1080
13439,2013,Nov,8,08/11/2013,,16.34775,119.93375,A1,,1,Silicoflagellate,Tintinopsis,SF-Tintinopsis,3680
13440,2013,Nov,8,08/11/2013,,16.34775,119.93452,A2,,1,Diatom,Actinocyclus,D-Actinocyclus,60
13441,2013,Nov,8,08/11/2013,,16.34775,119.93452,A2,,1,Dinoflagellate,Alexandrium spp.,DF-Alexandrium spp.,15360
13442,2013,Nov,8,08/11/2013,,16.34775,119.93452,A2,,1,Raphidophyte,Chattonnella subsalsa,RD-Chattonnella subsalsa,11360
13443,2013,Nov,8,08/11/2013,,16.34775,119.93452,A2,,1,Dinoflagellate,Gonyaulax,DF-Gonyaulax,840
13444,2013,Nov,8,08/11/2013,,16.34775,119.93452,A2,,1,Dinoflagellate,Gymnodinium,DF-Gymnodinium,240
13445,2013,Nov,8,08/11/2013,,16.34775,119.93452,A2,,1,Diatom,Leptocylindrus spp.,D-Leptocylindrus spp.,1480
13446,2013,Nov,8,08/11/2013,,16.34775,119.93452,A2,,1,Diatom,Navicula  spp.,D-Navicula  spp.,1760
13447,2013,Nov,8,08/11/2013,,16.34775,119.93452,A2,,1,Diatom,Nitzschia spp.,D-Nitzschia spp.,10460
13448,2013,Nov,8,08/11/2013,,16.34775,119.93452,A2,,1,Diatom,Pleurosigma spp.,D-Pleurosigma spp.,80
13449,2013,Nov,8,08/11/2013,,16.34775,119.93452,A2,,1,Dinoflagellate,Prorocentrum micans,DF-Prorocentrum micans,1760
13450,2013,Nov,8,08/11/2013,,16.34775,119.93452,A2,,1,Dinoflagellate,Protoperidinium pallidum,DF-Protoperidinium pallidum,640
13451,2013,Nov,8,08/11/2013,,16.34775,119.93452,A2,,1,Diatom,Ditylum sp.,D-Ditylum sp.,200
13452,2013,Nov,8,08/11/2013,,16.34775,119.93452,A2,,1,Diatom,Thalassionema spp.,D-Thalassionema spp.,20840
13453,2013,Nov,8,08/11/2013,,16.34775,119.93452,A2,,1,Diatom,Thalassiosira spp.,D-Thalassiosira spp.,2280
13454,2013,Nov,8,08/11/2013,,16.33431,119.95731,A3,,1,Diatom,Actinocyclus,D-Actinocyclus,8200
13455,2013,Nov,8,08/11/2013,,16.33431,119.95731,A3,,1,Dinoflagellate,Alexandrium spp.,DF-Alexandrium spp.,34840
13456,2013,Nov,8,08/11/2013,,16.33431,119.95731,A3,,1,Raphidophyte,Chattonnella subsalsa,RD-Chattonnella subsalsa,40500
13457,2013,Nov,8,08/11/2013,,16.33431,119.95731,A3,,1,Diatom,Coscinodiscus spp.,D-Coscinodiscus spp.,620
13458,2013,Nov,8,08/11/2013,,16.33431,119.95731,A3,,1,Diatom,Pseudonitzschia spp.,D-Pseudonitzschia spp.,860
13459,2013,Nov,8,08/11/2013,,16.33431,119.95731,A3,,1,Dinoflagellate,Dinophysis caudata,DF-Dinophysis caudata,60
13460,2013,Nov,8,08/11/2013,,16.33431,119.95731,A3,,1,Dinoflagellate,Gonyaulax,DF-Gonyaulax,1080
13461,2013,Nov,8,08/11/2013,,16.33431,119.95731,A3,,1,Diatom,Navicula  spp.,D-Navicula  spp.,1680
13462,2013,Nov,8,08/11/2013,,16.33431,119.95731,A3,,1,Diatom,Nitzschia spp.,D-Nitzschia spp.,3600
13463,2013,Nov,8,08/11/2013,,16.33431,119.95731,A3,,1,Dinoflagellate,Prorocentrum micans,DF-Prorocentrum micans,15280
13464,2013,Nov,8,08/11/2013,,16.33431,119.95731,A3,,1,Dinoflagellate,Protoperidinium pallidum,DF-Protoperidinium pallidum,1420
13465,2013,Nov,8,08/11/2013,,16.33431,119.95731,A3,,1,Diatom,Ditylum sp.,D-Ditylum sp.,440
13466,2013,Nov,8,08/11/2013,,16.33431,119.95731,A3,,1,Diatom,Thalassionema spp.,D-Thalassionema spp.,28460
13467,2013,Nov,8,08/11/2013,,16.33431,119.95731,A3,,1,Diatom,Thalassiosira spp.,D-Thalassiosira spp.,1420
13468,2013,Nov,8,08/11/2013,,16.33431,119.95731,A3,,1,Silicoflagellate,Tintinopsis,SF-Tintinopsis,640
13469,2013,Nov,8,08/11/2013,,16.28459,119.92285,A4,,1,Diatom,Actinocyclus,D-Actinocyclus,820
13470,2013,Nov,8,08/11/2013,,16.28459,119.92285,A4,,1,Dinoflagellate,Alexandrium spp.,DF-Alexandrium spp.,20940
13471,2013,Nov,8,08/11/2013,,16.28459,119.92285,A4,,1,Diatom,Amphora,D-Amphora,360
13472,2013,Nov,8,08/11/2013,,16.28459,119.92285,A4,,1,Dinoflagellate,Ceratium furca,DF-Ceratium furca,60
13473,2013,Nov,8,08/11/2013,,16.28459,119.92285,A4,,1,Raphidophyte,Chattonnella subsalsa,RD-Chattonnella subsalsa,11540
13474,2013,Nov,8,08/11/2013,,16.28459,119.92285,A4,,1,Diatom,Coscinodiscus spp.,D-Coscinodiscus spp.,280
13475,2013,Nov,8,08/11/2013,,16.28459,119.92285,A4,,1,Diatom,Pseudonitzschia spp.,D-Pseudonitzschia spp.,940
13476,2013,Nov,8,08/11/2013,,16.28459,119.92285,A4,,1,Dinoflagellate,Gonyaulax,DF-Gonyaulax,720
13477,2013,Nov,8,08/11/2013,,16.28459,119.92285,A4,,1,Diatom,Navicula  spp.,D-Navicula  spp.,4980
13478,2013,Nov,8,08/11/2013,,16.28459,119.92285,A4,,1,Diatom,Nitzschia spp.,D-Nitzschia spp.,4140
13479,2013,Nov,8,08/11/2013,,16.28459,119.92285,A4,,1,Diatom,Pleurosigma spp.,D-Pleurosigma spp.,60
13480,2013,Nov,8,08/11/2013,,16.28459,119.92285,A4,,1,Dinoflagellate,Prorocentrum micans,DF-Prorocentrum micans,2080
13481,2013,Nov,8,08/11/2013,,16.28459,119.92285,A4,,1,Dinoflagellate,Protoperidinium pallidum,DF-Protoperidinium pallidum,4700
13482,2013,Nov,8,08/11/2013,,16.28459,119.92285,A4,,1,Diatom,Thalassionema spp.,D-Thalassionema spp.,20960
13483,2013,Nov,8,08/11/2013,,16.28459,119.92285,A4,,1,Diatom,Thalassiosira spp.,D-Thalassiosira spp.,1420
13484,2013,Nov,8,08/11/2013,,16.28459,119.92285,A4,,1,Silicoflagellate,Tintinopsis,SF-Tintinopsis,420
13485,2013,Nov,8,08/11/2013,,16.27365,119.92599,A5,,1,Diatom,Thalassiosira spp.,D-Thalassiosira spp.,740
13486,2013,Nov,8,08/11/2013,,16.27365,119.92599,A5,,1,Raphidophyte,Chattonnella subsalsa,RD-Chattonnella subsalsa,5280
13487,2013,Nov,8,08/11/2013,,16.27365,119.92599,A5,,1,Dinoflagellate,Prorocentrum micans,DF-Prorocentrum micans,2340
13488,2013,Nov,8,08/11/2013,,16.27365,119.92599,A5,,1,Diatom,Ditylum sp.,D-Ditylum sp.,180
13489,2013,Nov,8,08/11/2013,,16.27365,119.92599,A5,,1,Diatom,Thalassionema spp.,D-Thalassionema spp.,8480
13490,2013,Nov,8,08/11/2013,,16.27365,119.92599,A5,,1,Dinoflagellate,Protoperidinium pallidum,DF-Protoperidinium pallidum,560
13491,2013,Nov,8,08/11/2013,,16.27365,119.92599,A5,,1,Diatom,Actinocyclus,D-Actinocyclus,880
13492,2013,Nov,8,08/11/2013,,16.27365,119.92599,A5,,1,Diatom,Pseudonitzschia spp.,D-Pseudonitzschia spp.,640
13493,2013,Nov,8,08/11/2013,,16.27365,119.92599,A5,,1,Dinoflagellate,Alexandrium spp.,DF-Alexandrium spp.,1880
13494,2013,Nov,8,08/11/2013,,16.27365,119.92599,A5,,1,Diatom,Navicula  spp.,D-Navicula  spp.,1360
13495,2013,Nov,8,08/11/2013,,16.27365,119.92599,A5,,1,Diatom,Coscinodiscus spp.,D-Coscinodiscus spp.,280
13496,2013,Nov,8,08/11/2013,,16.27365,119.92599,A5,,1,Dinoflagellate,Gonyaulax,DF-Gonyaulax,200
13497,2013,Nov,8,08/11/2013,,16.27365,119.92599,A5,,1,Silicoflagellate,Tintinopsis,SF-Tintinopsis,220
13498,2013,Nov,8,08/11/2013,,16.34927,119.94606,W1,,1,Diatom,Actinocyclus,D-Actinocyclus,3060
13499,2013,Nov,8,08/11/2013,,16.34927,119.94606,W1,,1,Dinoflagellate,Alexandrium spp.,DF-Alexandrium spp.,20400
13500,2013,Nov,8,08/11/2013,,16.34927,119.94606,W1,,1,Dinoflagellate,Dinophysis caudata,DF-Dinophysis caudata,1020
13501,2013,Nov,8,08/11/2013,,16.34927,119.94606,W1,,1,Diatom,Navicula  spp.,D-Navicula  spp.,6120
13502,2013,Nov,8,08/11/2013,,16.34927,119.94606,W1,,1,Diatom,Nitzschia spp.,D-Nitzschia spp.,23460
13503,2013,Nov,8,08/11/2013,,16.34927,119.94606,W1,,1,Dinoflagellate,Prorocentrum micans,DF-Prorocentrum micans,2040
13504,2013,Nov,8,08/11/2013,,16.34927,119.94606,W1,,1,Diatom,Ditylum sp.,D-Ditylum sp.,6120
13505,2013,Nov,8,08/11/2013,,16.34927,119.94606,W1,,1,Diatom,Thalassionema spp.,D-Thalassionema spp.,49980
13506,2013,Nov,8,08/11/2013,,16.34927,119.94606,W1,,1,Diatom,Thalassiosira spp.,D-Thalassiosira spp.,12240
13507,2013,Nov,8,08/11/2013,,16.34927,119.94606,W1,,1,Silicoflagellate,Tintinopsis,SF-Tintinopsis,2040
13508,2013,Nov,8,08/11/2013,,16.33668,119.94476,W2A,,1,Diatom,Actinocyclus,D-Actinocyclus,4080
13509,2013,Nov,8,08/11/2013,,16.33668,119.94476,W2A,,1,Dinoflagellate,Alexandrium spp.,DF-Alexandrium spp.,9180
13510,2013,Nov,8,08/11/2013,,16.33668,119.94476,W2A,,1,Raphidophyte,Chattonnella subsalsa,RD-Chattonnella subsalsa,5100
13511,2013,Nov,8,08/11/2013,,16.33668,119.94476,W2A,,1,Diatom,Licmophora,D-Licmophora,1020
13512,2013,Nov,8,08/11/2013,,16.33668,119.94476,W2A,,1,Diatom,Navicula  spp.,D-Navicula  spp.,5100
13513,2013,Nov,8,08/11/2013,,16.33668,119.94476,W2A,,1,Diatom,Nitzschia spp.,D-Nitzschia spp.,19380
13514,2013,Nov,8,08/11/2013,,16.33668,119.94476,W2A,,1,Diatom,Pleurosigma spp.,D-Pleurosigma spp.,2040
13515,2013,Nov,8,08/11/2013,,16.33668,119.94476,W2A,,1,Dinoflagellate,Prorocentrum micans,DF-Prorocentrum micans,4080
13516,2013,Nov,8,08/11/2013,,16.33668,119.94476,W2A,,1,Dinoflagellate,Protoperidinium pallidum,DF-Protoperidinium pallidum,1020
13517,2013,Nov,8,08/11/2013,,16.33668,119.94476,W2A,,1,Diatom,Ditylum sp.,D-Ditylum sp.,8160
13518,2013,Nov,8,08/11/2013,,16.33668,119.94476,W2A,,1,Dinoflagellate,Scrippsiella spinifera,DF-Scrippsiella spinifera,2040
13519,2013,Nov,8,08/11/2013,,16.33668,119.94476,W2A,,1,Diatom,Thalassionema spp.,D-Thalassionema spp.,36720
13520,2013,Nov,8,08/11/2013,,16.33668,119.94476,W2A,,1,Diatom,Thalassiosira spp.,D-Thalassiosira spp.,5100
13521,2013,Nov,8,08/11/2013,,16.33668,119.94476,W2A,,1,Silicoflagellate,Tintinopsis,SF-Tintinopsis,3060
13522,2013,Nov,8,08/11/2013,,16.37073,119.93401,W3,,1,Diatom,Actinocyclus,D-Actinocyclus,5100
13523,2013,Nov,8,08/11/2013,,16.37073,119.93401,W3,,1,Dinoflagellate,Alexandrium spp.,DF-Alexandrium spp.,20400
13524,2013,Nov,8,08/11/2013,,16.37073,119.93401,W3,,1,Diatom,Navicula  spp.,D-Navicula  spp.,2060
13525,2013,Nov,8,08/11/2013,,16.37073,119.93401,W3,,1,Diatom,Nitzschia spp.,D-Nitzschia spp.,9040
13526,2013,Nov,8,08/11/2013,,16.37073,119.93401,W3,,1,Dinoflagellate,Prorocentrum micans,DF-Prorocentrum micans,1080
13527,2013,Nov,8,08/11/2013,,16.37073,119.93401,W3,,1,Dinoflagellate,Protoperidinium pallidum,DF-Protoperidinium pallidum,2160
13528,2013,Nov,8,08/11/2013,,16.37073,119.93401,W3,,1,Diatom,Ditylum sp.,D-Ditylum sp.,7080
13529,2013,Nov,8,08/11/2013,,16.37073,119.93401,W3,,1,Diatom,Thalassionema spp.,D-Thalassionema spp.,28540
13530,2013,Nov,8,08/11/2013,,16.37073,119.93401,W3,,1,Diatom,Thalassiosira spp.,D-Thalassiosira spp.,5080
13531,2013,Nov,8,08/11/2013,,16.32003,119.93384,W8,,1,Diatom,Actinocyclus,D-Actinocyclus,8140
13532,2013,Nov,8,08/11/2013,,16.32003,119.93384,W8,,1,Dinoflagellate,Alexandrium spp.,DF-Alexandrium spp.,6080
13533,2013,Nov,8,08/11/2013,,16.32003,119.93384,W8,,1,Raphidophyte,Chattonnella subsalsa,RD-Chattonnella subsalsa,3040
13534,2013,Nov,8,08/11/2013,,16.32003,119.93384,W8,,1,Diatom,Coscinodiscus spp.,D-Coscinodiscus spp.,2060
13535,2013,Nov,8,08/11/2013,,16.32003,119.93384,W8,,1,Diatom,Navicula  spp.,D-Navicula  spp.,5040
13536,2013,Nov,8,08/11/2013,,16.32003,119.93384,W8,,1,Dinoflagellate,Prorocentrum micans,DF-Prorocentrum micans,5180
13537,2013,Nov,8,08/11/2013,,16.32003,119.93384,W8,,1,Dinoflagellate,Protoperidinium pallidum,DF-Protoperidinium pallidum,3040
13538,2013,Nov,8,08/11/2013,,16.32003,119.93384,W8,,1,Diatom,Ditylum sp.,D-Ditylum sp.,6180
13539,2013,Nov,8,08/11/2013,,16.32003,119.93384,W8,,1,Diatom,Thalassionema spp.,D-Thalassionema spp.,17280
13540,2013,Nov,8,08/11/2013,,16.32003,119.93384,W8,,1,Diatom,Thalassiosira spp.,D-Thalassiosira spp.,3020
13541,2013,Nov,8,08/11/2013,,16.32003,119.93384,W8,,1,Silicoflagellate,Tintinopsis,SF-Tintinopsis,2120
13542,2013,Nov,8,08/11/2013,,16.34775,119.93452,W9,,1,Diatom,Actinocyclus,D-Actinocyclus,5060
13543,2013,Nov,8,08/11/2013,,16.34775,119.93452,W9,,1,Dinoflagellate,Alexandrium spp.,DF-Alexandrium spp.,13260
13544,2013,Nov,8,08/11/2013,,16.34775,119.93452,W9,,1,Raphidophyte,Chattonnella subsalsa,RD-Chattonnella subsalsa,2020
13545,2013,Nov,8,08/11/2013,,16.34775,119.93452,W9,,1,Diatom,Navicula  spp.,D-Navicula  spp.,1160
13546,2013,Nov,8,08/11/2013,,16.34775,119.93452,W9,,1,Diatom,Nitzschia spp.,D-Nitzschia spp.,11260
13547,2013,Nov,8,08/11/2013,,16.34775,119.93452,W9,,1,Dinoflagellate,Prorocentrum micans,DF-Prorocentrum micans,4060
13548,2013,Nov,8,08/11/2013,,16.34775,119.93452,W9,,1,Dinoflagellate,Protoperidinium pallidum,DF-Protoperidinium pallidum,1080
13549,2013,Nov,8,08/11/2013,,16.34775,119.93452,W9,,1,Diatom,Ditylum sp.,D-Ditylum sp.,17300
13550,2013,Nov,8,08/11/2013,,16.34775,119.93452,W9,,1,Diatom,Thalassionema spp.,D-Thalassionema spp.,39800
13551,2013,Nov,8,08/11/2013,,16.34775,119.93452,W9,,1,Diatom,Thalassiosira spp.,D-Thalassiosira spp.,6020
13552,2013,Nov,8,08/11/2013,,16.34775,119.93452,W9,,1,Silicoflagellate,Tintinopsis,SF-Tintinopsis,2060
13553,2013,Nov,8,08/11/2013,,16.37052,119.94857,W10,,1,Diatom,Actinocyclus,D-Actinocyclus,120
13554,2013,Nov,8,08/11/2013,,16.37052,119.94857,W10,,1,Dinoflagellate,Alexandrium spp.,DF-Alexandrium spp.,2480
13555,2013,Nov,8,08/11/2013,,16.37052,119.94857,W10,,1,Diatom,Amphora,D-Amphora,140
13556,2013,Nov,8,08/11/2013,,16.37052,119.94857,W10,,1,Raphidophyte,Chattonnella subsalsa,RD-Chattonnella subsalsa,100
13557,2013,Nov,8,08/11/2013,,16.37052,119.94857,W10,,1,Diatom,Coscinodiscus spp.,D-Coscinodiscus spp.,180
13558,2013,Nov,8,08/11/2013,,16.37052,119.94857,W10,,1,Diatom,Navicula  spp.,D-Navicula  spp.,1480
13559,2013,Nov,8,08/11/2013,,16.37052,119.94857,W10,,1,Diatom,Nitzschia spp.,D-Nitzschia spp.,1840
13560,2013,Nov,8,08/11/2013,,16.37052,119.94857,W10,,1,Dinoflagellate,Protoperidinium pallidum,DF-Protoperidinium pallidum,740
13561,2013,Nov,8,08/11/2013,,16.37052,119.94857,W10,,1,Diatom,Ditylum sp.,D-Ditylum sp.,1040
13562,2013,Nov,8,08/11/2013,,16.37052,119.94857,W10,,1,Diatom,Thalassionema spp.,D-Thalassionema spp.,6040
13563,2013,Nov,8,08/11/2013,,16.37052,119.94857,W10,,1,Diatom,Thalassiosira spp.,D-Thalassiosira spp.,480
13564,2013,Nov,8,08/11/2013,,16.38326,119.92616,W11,,1,Diatom,Actinocyclus,D-Actinocyclus,1440
13565,2013,Nov,8,08/11/2013,,16.38326,119.92616,W11,,1,Dinoflagellate,Alexandrium spp.,DF-Alexandrium spp.,3280
13566,2013,Nov,8,08/11/2013,,16.38326,119.92616,W11,,1,Dinoflagellate,Ceratium furca,DF-Ceratium furca,240
13567,2013,Nov,8,08/11/2013,,16.38326,119.92616,W11,,1,Raphidophyte,Chattonnella subsalsa,RD-Chattonnella subsalsa,2080
13568,2013,Nov,8,08/11/2013,,16.38326,119.92616,W11,,1,Diatom,Coscinodiscus spp.,D-Coscinodiscus spp.,160
13569,2013,Nov,8,08/11/2013,,16.38326,119.92616,W11,,1,Dinoflagellate,Gonyaulax,DF-Gonyaulax,380
13570,2013,Nov,8,08/11/2013,,16.38326,119.92616,W11,,1,Diatom,Leptocylindrus spp.,D-Leptocylindrus spp.,140
13571,2013,Nov,8,08/11/2013,,16.38326,119.92616,W11,,1,Diatom,Navicula  spp.,D-Navicula  spp.,1120
13572,2013,Nov,8,08/11/2013,,16.38326,119.92616,W11,,1,Diatom,Nitzschia spp.,D-Nitzschia spp.,77480
13573,2013,Nov,8,08/11/2013,,16.38326,119.92616,W11,,1,Dinoflagellate,Ostreopsis,DF-Ostreopsis,260
13574,2013,Nov,8,08/11/2013,,16.38326,119.92616,W11,,1,Dinoflagellate,Protoperidinium pallidum,DF-Protoperidinium pallidum,300
13575,2013,Nov,8,08/11/2013,,16.38326,119.92616,W11,,1,Diatom,Ditylum sp.,D-Ditylum sp.,5560
13576,2013,Nov,8,08/11/2013,,16.38326,119.92616,W11,,1,Dinoflagellate,Scrippsiella spinifera,DF-Scrippsiella spinifera,180
13577,2013,Nov,8,08/11/2013,,16.38326,119.92616,W11,,1,Diatom,Thalassionema spp.,D-Thalassionema spp.,5280
13578,2013,Nov,8,08/11/2013,,16.38326,119.92616,W11,,1,Diatom,Thalassiosira spp.,D-Thalassiosira spp.,14420
13579,2013,Nov,8,08/11/2013,,16.39578,119.90667,RVA3,,1,Dinoflagellate,Alexandrium spp.,DF-Alexandrium spp.,2500
13580,2013,Nov,8,08/11/2013,,16.39578,119.90667,RVA3,,1,Dinoflagellate,Ceratium furca,DF-Ceratium furca,300
13581,2013,Nov,8,08/11/2013,,16.39578,119.90667,RVA3,,1,Raphidophyte,Chattonnella subsalsa,RD-Chattonnella subsalsa,100
13582,2013,Nov,8,08/11/2013,,16.39578,119.90667,RVA3,,1,Diatom,Navicula  spp.,D-Navicula  spp.,300
13583,2013,Nov,8,08/11/2013,,16.39578,119.90667,RVA3,,1,Dinoflagellate,Prorocentrum micans,DF-Prorocentrum micans,100
13584,2013,Nov,8,08/11/2013,,16.39578,119.90667,RVA3,,1,Dinoflagellate,Protoperidinium pallidum,DF-Protoperidinium pallidum,100
13585,2013,Nov,8,08/11/2013,,16.39578,119.90667,RVA3,,1,Diatom,Thalassionema spp.,D-Thalassionema spp.,400
13586,2013,Nov,8,08/11/2013,,16.39578,119.90667,RVA3,,1,Diatom,Thalassiosira spp.,D-Thalassiosira spp.,100
13587,2013,Nov,8,08/11/2013,,16.30944,119.92063,TS1,,1,Diatom,Actinocyclus,D-Actinocyclus,320
13588,2013,Nov,8,08/11/2013,,16.30944,119.92063,TS1,,1,Dinoflagellate,Alexandrium spp.,DF-Alexandrium spp.,17480
13589,2013,Nov,8,08/11/2013,,16.30944,119.92063,TS1,,1,Diatom,Amphora,D-Amphora,360
13590,2013,Nov,8,08/11/2013,,16.30944,119.92063,TS1,,1,Raphidophyte,Chattonnella subsalsa,RD-Chattonnella subsalsa,80
13591,2013,Nov,8,08/11/2013,,16.30944,119.92063,TS1,,1,Diatom,Coscinodiscus spp.,D-Coscinodiscus spp.,2060
13592,2013,Nov,8,08/11/2013,,16.30944,119.92063,TS1,,1,Dinoflagellate,Dinophysis caudata,DF-Dinophysis caudata,320
13593,2013,Nov,8,08/11/2013,,16.30944,119.92063,TS1,,1,Dinoflagellate,Gonyaulax,DF-Gonyaulax,80
13594,2013,Nov,8,08/11/2013,,16.30944,119.92063,TS1,,1,Diatom,Navicula  spp.,D-Navicula  spp.,2240
13595,2013,Nov,8,08/11/2013,,16.30944,119.92063,TS1,,1,Diatom,Pleurosigma spp.,D-Pleurosigma spp.,100
13596,2013,Nov,8,08/11/2013,,16.30944,119.92063,TS1,,1,Dinoflagellate,Prorocentrum micans,DF-Prorocentrum micans,13480
13597,2013,Nov,8,08/11/2013,,16.30944,119.92063,TS1,,1,Dinoflagellate,Protoperidinium pallidum,DF-Protoperidinium pallidum,1860
13598,2013,Nov,8,08/11/2013,,16.30944,119.92063,TS1,,1,Diatom,Ditylum sp.,D-Ditylum sp.,680
13599,2013,Nov,8,08/11/2013,,16.30944,119.92063,TS1,,1,Dinoflagellate,Scrippsiella spinifera,DF-Scrippsiella spinifera,120
13600,2013,Nov,8,08/11/2013,,16.30944,119.92063,TS1,,1,Diatom,Thalassionema spp.,D-Thalassionema spp.,22640
13601,2013,Nov,8,08/11/2013,,16.30944,119.92063,TS1,,1,Diatom,Thalassiosira spp.,D-Thalassiosira spp.,1340
13602,2013,Nov,8,08/11/2013,,16.30944,119.92063,TS1,,1,Silicoflagellate,Tintinopsis,SF-Tintinopsis,3280
13603,2013,Nov,8,08/11/2013,,16.38339,119.91585,TS2,,1,Diatom,Actinocyclus,D-Actinocyclus,200
13604,2013,Nov,8,08/11/2013,,16.38339,119.91585,TS2,,1,Dinoflagellate,Alexandrium spp.,DF-Alexandrium spp.,2400
13605,2013,Nov,8,08/11/2013,,16.38339,119.91585,TS2,,1,Dinoflagellate,Ceratium furca,DF-Ceratium furca,200
13606,2013,Nov,8,08/11/2013,,16.38339,119.91585,TS2,,1,Raphidophyte,Chattonnella subsalsa,RD-Chattonnella subsalsa,100
13607,2013,Nov,8,08/11/2013,,16.38339,119.91585,TS2,,1,Diatom,Coscinodiscus spp.,D-Coscinodiscus spp.,100
13608,2013,Nov,8,08/11/2013,,16.38339,119.91585,TS2,,1,Diatom,Navicula  spp.,D-Navicula  spp.,800
13609,2013,Nov,8,08/11/2013,,16.38339,119.91585,TS2,,1,Diatom,Nitzschia spp.,D-Nitzschia spp.,5300
13610,2013,Nov,8,08/11/2013,,16.38339,119.91585,TS2,,1,Dinoflagellate,Prorocentrum micans,DF-Prorocentrum micans,300
13611,2013,Nov,8,08/11/2013,,16.38339,119.91585,TS2,,1,Dinoflagellate,Protoperidinium pallidum,DF-Protoperidinium pallidum,100
13612,2013,Nov,8,08/11/2013,,16.38339,119.91585,TS2,,1,Diatom,Ditylum sp.,D-Ditylum sp.,1280
13613,2013,Nov,8,08/11/2013,,16.38339,119.91585,TS2,,1,Diatom,Thalassionema spp.,D-Thalassionema spp.,1640
13614,2013,Nov,8,08/11/2013,,16.38339,119.91585,TS2,,1,Diatom,Thalassiosira spp.,D-Thalassiosira spp.,340
13615,2013,Nov,14,14/11/2013,,16.34775,119.93452,A2,,1,Diatom,Actinocyclus,D-Actinocyclus,180
13616,2013,Nov,14,14/11/2013,,16.34775,119.93452,A2,,1,Diatom,Coscinodiscus spp.,D-Coscinodiscus spp.,460
13617,2013,Nov,14,14/11/2013,,16.34775,119.93452,A2,,1,Dinoflagellate,Dinophysis caudata,DF-Dinophysis caudata,120
13618,2013,Nov,14,14/11/2013,,16.34775,119.93452,A2,,1,Dinoflagellate,Gonyaulax,DF-Gonyaulax,280
13619,2013,Nov,14,14/11/2013,,16.34775,119.93452,A2,,1,Diatom,Navicula  spp.,D-Navicula  spp.,720
13620,2013,Nov,14,14/11/2013,,16.34775,119.93452,A2,,1,Diatom,Pleurosigma spp.,D-Pleurosigma spp.,40
13621,2013,Nov,14,14/11/2013,,16.34775,119.93452,A2,,1,Dinoflagellate,Prorocentrum micans,DF-Prorocentrum micans,480
13622,2013,Nov,14,14/11/2013,,16.34775,119.93452,A2,,1,Dinoflagellate,Protoperidinium pallidum,DF-Protoperidinium pallidum,1380
13623,2013,Nov,14,14/11/2013,,16.34775,119.93452,A2,,1,Diatom,Ditylum sp.,D-Ditylum sp.,160
13624,2013,Nov,14,14/11/2013,,16.34775,119.93452,A2,,1,Diatom,Thalassionema spp.,D-Thalassionema spp.,1620
13625,2013,Nov,14,14/11/2013,,16.34775,119.93452,A2,,1,Diatom,Thalassiosira spp.,D-Thalassiosira spp.,960
13626,2013,Nov,14,14/11/2013,,16.33431,119.95731,A3,,1,Diatom,Actinocyclus,D-Actinocyclus,360
13627,2013,Nov,14,14/11/2013,,16.33431,119.95731,A3,,1,Dinoflagellate,Alexandrium spp.,DF-Alexandrium spp.,1760
13628,2013,Nov,14,14/11/2013,,16.33431,119.95731,A3,,1,Diatom,Amphora,D-Amphora,80
13629,2013,Nov,14,14/11/2013,,16.33431,119.95731,A3,,1,Dinoflagellate,Ceratium furca,DF-Ceratium furca,40
13630,2013,Nov,14,14/11/2013,,16.33431,119.95731,A3,,1,Diatom,Coscinodiscus spp.,D-Coscinodiscus spp.,360
13631,2013,Nov,14,14/11/2013,,16.33431,119.95731,A3,,1,Dinoflagellate,Dinophysis caudata,DF-Dinophysis caudata,120
13632,2013,Nov,14,14/11/2013,,16.33431,119.95731,A3,,1,Diatom,Leptocylindrus spp.,D-Leptocylindrus spp.,140
13633,2013,Nov,14,14/11/2013,,16.33431,119.95731,A3,,1,Diatom,Navicula  spp.,D-Navicula  spp.,760
13634,2013,Nov,14,14/11/2013,,16.33431,119.95731,A3,,1,Dinoflagellate,Prorocentrum micans,DF-Prorocentrum micans,1140
13635,2013,Nov,14,14/11/2013,,16.33431,119.95731,A3,,1,Dinoflagellate,Protoperidinium pallidum,DF-Protoperidinium pallidum,1160
13636,2013,Nov,14,14/11/2013,,16.33431,119.95731,A3,,1,Diatom,Pseudonitzschia spp.,D-Pseudonitzschia spp.,260
13637,2013,Nov,14,14/11/2013,,16.33431,119.95731,A3,,1,Diatom,Ditylum sp.,D-Ditylum sp.,1300
13638,2013,Nov,14,14/11/2013,,16.33431,119.95731,A3,,1,Diatom,Thalassionema spp.,D-Thalassionema spp.,4080
13639,2013,Nov,14,14/11/2013,,16.33431,119.95731,A3,,1,Diatom,Thalassiosira spp.,D-Thalassiosira spp.,1100
13640,2013,Nov,14,14/11/2013,,16.28459,119.92285,A4,,1,Diatom,Actinocyclus,D-Actinocyclus,380
13641,2013,Nov,14,14/11/2013,,16.28459,119.92285,A4,,1,Dinoflagellate,Alexandrium spp.,DF-Alexandrium spp.,360
13642,2013,Nov,14,14/11/2013,,16.28459,119.92285,A4,,1,Diatom,Coscinodiscus spp.,D-Coscinodiscus spp.,180
13643,2013,Nov,14,14/11/2013,,16.28459,119.92285,A4,,1,Dinoflagellate,Gonyaulax,DF-Gonyaulax,1900
13644,2013,Nov,14,14/11/2013,,16.28459,119.92285,A4,,1,Dinoflagellate,Prorocentrum micans,DF-Prorocentrum micans,1760
13645,2013,Nov,14,14/11/2013,,16.28459,119.92285,A4,,1,Dinoflagellate,Protoperidinium pallidum,DF-Protoperidinium pallidum,8540
13646,2013,Nov,14,14/11/2013,,16.28459,119.92285,A4,,1,Diatom,Pseudonitzschia spp.,D-Pseudonitzschia spp.,820
13647,2013,Nov,14,14/11/2013,,16.28459,119.92285,A4,,1,Diatom,Ditylum sp.,D-Ditylum sp.,20
13648,2013,Nov,14,14/11/2013,,16.28459,119.92285,A4,,1,Dinoflagellate,Scrippsiella spinifera,DF-Scrippsiella spinifera,300
13649,2013,Nov,14,14/11/2013,,16.28459,119.92285,A4,,1,Diatom,Thalassionema spp.,D-Thalassionema spp.,2420
13650,2013,Nov,14,14/11/2013,,16.28459,119.92285,A4,,1,Diatom,Thalassiosira spp.,D-Thalassiosira spp.,2040
13651,2013,Nov,14,14/11/2013,,16.37073,119.93401,W3,,1,Diatom,Actinocyclus,D-Actinocyclus,120
13652,2013,Nov,14,14/11/2013,,16.37073,119.93401,W3,,1,Dinoflagellate,Alexandrium spp.,DF-Alexandrium spp.,420
13653,2013,Nov,14,14/11/2013,,16.37073,119.93401,W3,,1,Diatom,Asteromphalus,D-Asteromphalus,20
13654,2013,Nov,14,14/11/2013,,16.37073,119.93401,W3,,1,Diatom,Coscinodiscus spp.,D-Coscinodiscus spp.,100
13655,2013,Nov,14,14/11/2013,,16.37073,119.93401,W3,,1,Cyanobacteria,Trichodesmium sp.,CYN-Trichodesmium sp.,60
13656,2013,Nov,14,14/11/2013,,16.37073,119.93401,W3,,1,Diatom,Navicula  spp.,D-Navicula  spp.,100
13657,2013,Nov,14,14/11/2013,,16.37073,119.93401,W3,,1,Dinoflagellate,Prorocentrum micans,DF-Prorocentrum micans,80
13658,2013,Nov,14,14/11/2013,,16.37073,119.93401,W3,,1,Dinoflagellate,Protoperidinium pallidum,DF-Protoperidinium pallidum,60
13659,2013,Nov,14,14/11/2013,,16.37073,119.93401,W3,,1,Diatom,Pseudonitzschia spp.,D-Pseudonitzschia spp.,360
13660,2013,Nov,14,14/11/2013,,16.37073,119.93401,W3,,1,Diatom,Ditylum sp.,D-Ditylum sp.,340
13661,2013,Nov,14,14/11/2013,,16.37073,119.93401,W3,,1,Diatom,Thalassionema spp.,D-Thalassionema spp.,2960
13662,2013,Nov,14,14/11/2013,,16.37073,119.93401,W3,,1,Diatom,Thalassiosira spp.,D-Thalassiosira spp.,860
13663,2013,Nov,14,14/11/2013,,16.34775,119.93452,W9,,1,Diatom,Actinocyclus,D-Actinocyclus,320
13664,2013,Nov,14,14/11/2013,,16.34775,119.93452,W9,,1,Dinoflagellate,Alexandrium spp.,DF-Alexandrium spp.,1240
13665,2013,Nov,14,14/11/2013,,16.34775,119.93452,W9,,1,Diatom,Coscinodiscus spp.,D-Coscinodiscus spp.,280
13666,2013,Nov,14,14/11/2013,,16.34775,119.93452,W9,,1,Diatom,Navicula  spp.,D-Navicula  spp.,420
13667,2013,Nov,14,14/11/2013,,16.34775,119.93452,W9,,1,Dinoflagellate,Prorocentrum micans,DF-Prorocentrum micans,220
13668,2013,Nov,14,14/11/2013,,16.34775,119.93452,W9,,1,Dinoflagellate,Protoperidinium pallidum,DF-Protoperidinium pallidum,680
13669,2013,Nov,14,14/11/2013,,16.34775,119.93452,W9,,1,Diatom,Ditylum sp.,D-Ditylum sp.,60
13670,2013,Nov,14,14/11/2013,,16.34775,119.93452,W9,,1,Diatom,Thalassionema spp.,D-Thalassionema spp.,920
13671,2013,Nov,14,14/11/2013,,16.34775,119.93452,W9,,1,Diatom,Thalassiosira spp.,D-Thalassiosira spp.,840
13672,2013,Nov,14,14/11/2013,,16.37052,119.94857,W10,,1,Diatom,Actinocyclus,D-Actinocyclus,20
13673,2013,Nov,14,14/11/2013,,16.37052,119.94857,W10,,1,Dinoflagellate,Alexandrium spp.,DF-Alexandrium spp.,100
13674,2013,Nov,14,14/11/2013,,16.37052,119.94857,W10,,1,Diatom,Amphora,D-Amphora,80
13675,2013,Nov,14,14/11/2013,,16.37052,119.94857,W10,,1,Diatom,Coscinodiscus spp.,D-Coscinodiscus spp.,80
13676,2013,Nov,14,14/11/2013,,16.37052,119.94857,W10,,1,Diatom,Navicula  spp.,D-Navicula  spp.,460
13677,2013,Nov,14,14/11/2013,,16.37052,119.94857,W10,,1,Diatom,Pleurosigma spp.,D-Pleurosigma spp.,40
13678,2013,Nov,14,14/11/2013,,16.37052,119.94857,W10,,1,Dinoflagellate,Prorocentrum micans,DF-Prorocentrum micans,40
13679,2013,Nov,14,14/11/2013,,16.37052,119.94857,W10,,1,Diatom,Thalassionema spp.,D-Thalassionema spp.,380
13680,2013,Nov,14,14/11/2013,,16.37052,119.94857,W10,,1,Diatom,Thalassiosira spp.,D-Thalassiosira spp.,120
13681,2013,Nov,14,14/11/2013,,16.37052,119.94857,W10,,1,Silicoflagellate,Tintinopsis,SF-Tintinopsis,20
13682,2013,Nov,14,14/11/2013,,16.38326,119.92616,W11,,1,Diatom,Actinocyclus,D-Actinocyclus,420
13683,2013,Nov,14,14/11/2013,,16.38326,119.92616,W11,,1,Dinoflagellate,Alexandrium spp.,DF-Alexandrium spp.,1080
13684,2013,Nov,14,14/11/2013,,16.38326,119.92616,W11,,1,Diatom,Amphora,D-Amphora,180
13685,2013,Nov,14,14/11/2013,,16.38326,119.92616,W11,,1,Raphidophyte,Chattonnella subsalsa,RD-Chattonnella subsalsa,220
13686,2013,Nov,14,14/11/2013,,16.38326,119.92616,W11,,1,Diatom,Coscinodiscus spp.,D-Coscinodiscus spp.,340
13687,2013,Nov,14,14/11/2013,,16.38326,119.92616,W11,,1,Dinoflagellate,Gonyaulax,DF-Gonyaulax,400
13688,2013,Nov,14,14/11/2013,,16.38326,119.92616,W11,,1,Diatom,Navicula  spp.,D-Navicula  spp.,760
13689,2013,Nov,14,14/11/2013,,16.38326,119.92616,W11,,1,Diatom,Nitzschia spp.,D-Nitzschia spp.,820
13690,2013,Nov,14,14/11/2013,,16.38326,119.92616,W11,,1,Dinoflagellate,Prorocentrum micans,DF-Prorocentrum micans,1280
13691,2013,Nov,14,14/11/2013,,16.38326,119.92616,W11,,1,Dinoflagellate,Protoperidinium pallidum,DF-Protoperidinium pallidum,240
13692,2013,Nov,14,14/11/2013,,16.38326,119.92616,W11,,1,Diatom,Pseudonitzschia spp.,D-Pseudonitzschia spp.,620
13693,2013,Nov,14,14/11/2013,,16.38326,119.92616,W11,,1,Diatom,Thalassionema spp.,D-Thalassionema spp.,11840
13694,2013,Nov,14,14/11/2013,,16.38326,119.92616,W11,,1,Diatom,Thalassiosira spp.,D-Thalassiosira spp.,1660
13695,2013,Nov,14,14/11/2013,,16.38326,119.92616,W11,,1,Silicoflagellate,Tintinopsis,SF-Tintinopsis,860
13696,2013,Nov,14,14/11/2013,,16.39578,119.90667,RVA3,,1,Diatom,Actinocyclus,D-Actinocyclus,100
13697,2013,Nov,14,14/11/2013,,16.39578,119.90667,RVA3,,1,Dinoflagellate,Alexandrium spp.,DF-Alexandrium spp.,420
13698,2013,Nov,14,14/11/2013,,16.39578,119.90667,RVA3,,1,Diatom,Amphora,D-Amphora,60
13699,2013,Nov,14,14/11/2013,,16.39578,119.90667,RVA3,,1,Diatom,Coscinodiscus spp.,D-Coscinodiscus spp.,240
13700,2013,Nov,14,14/11/2013,,16.39578,119.90667,RVA3,,1,Diatom,Leptocylindrus spp.,D-Leptocylindrus spp.,260
13701,2013,Nov,14,14/11/2013,,16.39578,119.90667,RVA3,,1,Diatom,Navicula  spp.,D-Navicula  spp.,240
13702,2013,Nov,14,14/11/2013,,16.39578,119.90667,RVA3,,1,Dinoflagellate,Prorocentrum micans,DF-Prorocentrum micans,1160
13703,2013,Nov,14,14/11/2013,,16.39578,119.90667,RVA3,,1,Dinoflagellate,Protoperidinium pallidum,DF-Protoperidinium pallidum,460
13704,2013,Nov,14,14/11/2013,,16.39578,119.90667,RVA3,,1,Diatom,Pseudonitzschia spp.,D-Pseudonitzschia spp.,320
13705,2013,Nov,14,14/11/2013,,16.39578,119.90667,RVA3,,1,Diatom,Thalassionema spp.,D-Thalassionema spp.,2160
13706,2013,Nov,14,14/11/2013,,16.39578,119.90667,RVA3,,1,Diatom,Thalassiosira spp.,D-Thalassiosira spp.,1580
13707,2013,Nov,14,14/11/2013,,16.39578,119.90667,RVA3,,1,Silicoflagellate,Tintinopsis,SF-Tintinopsis,340
13708,2013,Nov,14,14/11/2013,,16.30944,119.92063,TS1,,1,Dinoflagellate,Alexandrium spp.,DF-Alexandrium spp.,240
13709,2013,Nov,14,14/11/2013,,16.30944,119.92063,TS1,,1,Diatom,Amphora,D-Amphora,580
13710,2013,Nov,14,14/11/2013,,16.30944,119.92063,TS1,,1,Diatom,Coscinodiscus spp.,D-Coscinodiscus spp.,1440
13711,2013,Nov,14,14/11/2013,,16.30944,119.92063,TS1,,1,Diatom,Leptocylindrus spp.,D-Leptocylindrus spp.,1080
13712,2013,Nov,14,14/11/2013,,16.30944,119.92063,TS1,,1,Diatom,Navicula  spp.,D-Navicula  spp.,1820
13713,2013,Nov,14,14/11/2013,,16.30944,119.92063,TS1,,1,Dinoflagellate,Prorocentrum micans,DF-Prorocentrum micans,800
13714,2013,Nov,14,14/11/2013,,16.30944,119.92063,TS1,,1,Dinoflagellate,Protoperidinium pallidum,DF-Protoperidinium pallidum,840
13715,2013,Nov,14,14/11/2013,,16.30944,119.92063,TS1,,1,Diatom,Pseudonitzschia spp.,D-Pseudonitzschia spp.,560
13716,2013,Nov,14,14/11/2013,,16.30944,119.92063,TS1,,1,Diatom,Thalassionema spp.,D-Thalassionema spp.,2060
13717,2013,Nov,14,14/11/2013,,16.30944,119.92063,TS1,,1,Diatom,Thalassiosira spp.,D-Thalassiosira spp.,2240
13718,2013,Nov,14,14/11/2013,,16.30944,119.92063,TS1,,1,Silicoflagellate,Tintinopsis,SF-Tintinopsis,5120
13719,2013,Nov,14,14/11/2013,,16.38339,119.91585,TS2,,1,Diatom,Coscinodiscus spp.,D-Coscinodiscus spp.,20
13720,2013,Nov,14,14/11/2013,,16.38339,119.91585,TS2,,1,Diatom,Navicula  spp.,D-Navicula  spp.,60
13721,2013,Nov,14,14/11/2013,,16.38339,119.91585,TS2,,1,Dinoflagellate,Prorocentrum micans,DF-Prorocentrum micans,60
13722,2013,Nov,14,14/11/2013,,16.38339,119.91585,TS2,,1,Dinoflagellate,Protoperidinium pallidum,DF-Protoperidinium pallidum,40
13723,2013,Nov,14,14/11/2013,,16.38339,119.91585,TS2,,1,Diatom,Thalassionema spp.,D-Thalassionema spp.,220
13724,2013,Nov,14,14/11/2013,,16.38339,119.91585,TS2,,1,Diatom,Thalassiosira spp.,D-Thalassiosira spp.,140
13725,2013,Nov,18,18/11/2013,,16.34775,119.93375,A1,,1,Dinoflagellate,Alexandrium spp.,DF-Alexandrium spp.,620
13726,2013,Nov,18,18/11/2013,,16.34775,119.93375,A1,,1,Diatom,Amphora,D-Amphora,120
13727,2013,Nov,18,18/11/2013,,16.34775,119.93375,A1,,1,Diatom,Chaetoceros spp.,D-Chaetoceros spp.,60
13728,2013,Nov,18,18/11/2013,,16.34775,119.93375,A1,,1,Dinoflagellate,Gonyaulax,DF-Gonyaulax,140
13729,2013,Nov,18,18/11/2013,,16.34775,119.93375,A1,,1,Diatom,Leptocylindrus spp.,D-Leptocylindrus spp.,100
13730,2013,Nov,18,18/11/2013,,16.34775,119.93375,A1,,1,Diatom,Navicula  spp.,D-Navicula  spp.,140
13731,2013,Nov,18,18/11/2013,,16.34775,119.93375,A1,,1,Dinoflagellate,Prorocentrum micans,DF-Prorocentrum micans,260
13732,2013,Nov,18,18/11/2013,,16.34775,119.93375,A1,,1,Dinoflagellate,Protoperidinium pallidum,DF-Protoperidinium pallidum,560
13733,2013,Nov,18,18/11/2013,,16.34775,119.93375,A1,,1,Dinoflagellate,Scrippsiella spinifera,DF-Scrippsiella spinifera,120
13734,2013,Nov,18,18/11/2013,,16.34775,119.93375,A1,,1,Diatom,Thalassiosira spp.,D-Thalassiosira spp.,240
13735,2013,Nov,18,18/11/2013,,16.33431,119.95731,A3,,1,Diatom,Actinocyclus,D-Actinocyclus,100
13736,2013,Nov,18,18/11/2013,,16.33431,119.95731,A3,,1,Dinoflagellate,Alexandrium spp.,DF-Alexandrium spp.,780
13737,2013,Nov,18,18/11/2013,,16.33431,119.95731,A3,,1,Diatom,Coscinodiscus spp.,D-Coscinodiscus spp.,160
13738,2013,Nov,18,18/11/2013,,16.33431,119.95731,A3,,1,Dinoflagellate,Gonyaulax,DF-Gonyaulax,120
13739,2013,Nov,18,18/11/2013,,16.33431,119.95731,A3,,1,Diatom,Leptocylindrus spp.,D-Leptocylindrus spp.,100
13740,2013,Nov,18,18/11/2013,,16.33431,119.95731,A3,,1,Diatom,Navicula  spp.,D-Navicula  spp.,280
13741,2013,Nov,18,18/11/2013,,16.33431,119.95731,A3,,1,Diatom,Nitzschia spp.,D-Nitzschia spp.,240
13742,2013,Nov,18,18/11/2013,,16.33431,119.95731,A3,,1,Diatom,Pleurosigma spp.,D-Pleurosigma spp.,40
13743,2013,Nov,18,18/11/2013,,16.33431,119.95731,A3,,1,Dinoflagellate,Prorocentrum micans,DF-Prorocentrum micans,260
13744,2013,Nov,18,18/11/2013,,16.33431,119.95731,A3,,1,Dinoflagellate,Protoperidinium pallidum,DF-Protoperidinium pallidum,860
13745,2013,Nov,18,18/11/2013,,16.33431,119.95731,A3,,1,Diatom,Pseudonitzschia spp.,D-Pseudonitzschia spp.,380
13746,2013,Nov,18,18/11/2013,,16.33431,119.95731,A3,,1,Diatom,Ditylum sp.,D-Ditylum sp.,920
13747,2013,Nov,18,18/11/2013,,16.33431,119.95731,A3,,1,Diatom,Thalassionema spp.,D-Thalassionema spp.,840
13748,2013,Nov,18,18/11/2013,,16.33431,119.95731,A3,,1,Diatom,Thalassiosira spp.,D-Thalassiosira spp.,2140
13749,2013,Nov,18,18/11/2013,,16.33431,119.95731,A3,,1,Silicoflagellate,Tintinopsis,SF-Tintinopsis,120
13750,2013,Nov,18,18/11/2013,,16.28459,119.92285,A4,,1,Diatom,Actinocyclus,D-Actinocyclus,2040
13751,2013,Nov,18,18/11/2013,,16.28459,119.92285,A4,,1,Dinoflagellate,Alexandrium spp.,DF-Alexandrium spp.,5020
13752,2013,Nov,18,18/11/2013,,16.28459,119.92285,A4,,1,Diatom,Coscinodiscus spp.,D-Coscinodiscus spp.,260
13753,2013,Nov,18,18/11/2013,,16.28459,119.92285,A4,,1,Dinoflagellate,Gonyaulax,DF-Gonyaulax,1780
13754,2013,Nov,18,18/11/2013,,16.28459,119.92285,A4,,1,Diatom,Leptocylindrus spp.,D-Leptocylindrus spp.,220
13755,2013,Nov,18,18/11/2013,,16.28459,119.92285,A4,,1,Diatom,Navicula  spp.,D-Navicula  spp.,1020
13756,2013,Nov,18,18/11/2013,,16.28459,119.92285,A4,,1,Diatom,Pleurosigma spp.,D-Pleurosigma spp.,320
13757,2013,Nov,18,18/11/2013,,16.28459,119.92285,A4,,1,Dinoflagellate,Prorocentrum micans,DF-Prorocentrum micans,1640
13758,2013,Nov,18,18/11/2013,,16.28459,119.92285,A4,,1,Dinoflagellate,Protoperidinium pallidum,DF-Protoperidinium pallidum,3520
13759,2013,Nov,18,18/11/2013,,16.28459,119.92285,A4,,1,Diatom,Ditylum sp.,D-Ditylum sp.,180
13760,2013,Nov,18,18/11/2013,,16.28459,119.92285,A4,,1,Diatom,Thalassionema spp.,D-Thalassionema spp.,1340
13761,2013,Nov,18,18/11/2013,,16.28459,119.92285,A4,,1,Diatom,Thalassiosira spp.,D-Thalassiosira spp.,1540
13762,2013,Nov,18,18/11/2013,,16.28459,119.92285,A4,,1,Silicoflagellate,Tintinopsis,SF-Tintinopsis,540
13763,2013,Nov,18,18/11/2013,,16.37073,119.93401,W3,,1,Diatom,Actinocyclus,D-Actinocyclus,1060
13764,2013,Nov,18,18/11/2013,,16.37073,119.93401,W3,,1,Dinoflagellate,Alexandrium spp.,DF-Alexandrium spp.,1520
13765,2013,Nov,18,18/11/2013,,16.37073,119.93401,W3,,1,Diatom,Coscinodiscus spp.,D-Coscinodiscus spp.,460
13766,2013,Nov,18,18/11/2013,,16.37073,119.93401,W3,,1,Dinoflagellate,Gonyaulax,DF-Gonyaulax,340
13767,2013,Nov,18,18/11/2013,,16.37073,119.93401,W3,,1,Diatom,Navicula  spp.,D-Navicula  spp.,140
13768,2013,Nov,18,18/11/2013,,16.37073,119.93401,W3,,1,Diatom,Nitzschia spp.,D-Nitzschia spp.,440
13769,2013,Nov,18,18/11/2013,,16.37073,119.93401,W3,,1,Diatom,Pleurosigma spp.,D-Pleurosigma spp.,260
13770,2013,Nov,18,18/11/2013,,16.37073,119.93401,W3,,1,Dinoflagellate,Prorocentrum micans,DF-Prorocentrum micans,240
13771,2013,Nov,18,18/11/2013,,16.37073,119.93401,W3,,1,Dinoflagellate,Protoperidinium pallidum,DF-Protoperidinium pallidum,620
13772,2013,Nov,18,18/11/2013,,16.37073,119.93401,W3,,1,Diatom,Pseudonitzschia spp.,D-Pseudonitzschia spp.,260
13773,2013,Nov,18,18/11/2013,,16.37073,119.93401,W3,,1,Diatom,Ditylum sp.,D-Ditylum sp.,1140
13774,2013,Nov,18,18/11/2013,,16.37073,119.93401,W3,,1,Dinoflagellate,Scrippsiella spinifera,DF-Scrippsiella spinifera,220
13775,2013,Nov,18,18/11/2013,,16.37073,119.93401,W3,,1,Diatom,Thalassionema spp.,D-Thalassionema spp.,1280
13776,2013,Nov,18,18/11/2013,,16.37073,119.93401,W3,,1,Diatom,Thalassiosira spp.,D-Thalassiosira spp.,1020
13777,2013,Nov,18,18/11/2013,,16.34775,119.93452,W9,,1,Diatom,Actinocyclus,D-Actinocyclus,160
13778,2013,Nov,18,18/11/2013,,16.34775,119.93452,W9,,1,Dinoflagellate,Alexandrium spp.,DF-Alexandrium spp.,1480
13779,2013,Nov,18,18/11/2013,,16.34775,119.93452,W9,,1,Raphidophyte,Chattonnella subsalsa,RD-Chattonnella subsalsa,180
13780,2013,Nov,18,18/11/2013,,16.34775,119.93452,W9,,1,Diatom,Ditylum sp.,D-Ditylum sp.,220
13781,2013,Nov,18,18/11/2013,,16.34775,119.93452,W9,,1,Dinoflagellate,Scrippsiella spinifera,DF-Scrippsiella spinifera,120
13782,2013,Nov,18,18/11/2013,,16.34775,119.93452,W9,,1,Diatom,Thalassionema spp.,D-Thalassionema spp.,120
13783,2013,Nov,18,18/11/2013,,16.34775,119.93452,W9,,1,Diatom,Thalassiosira spp.,D-Thalassiosira spp.,260
13784,2013,Nov,18,18/11/2013,,16.37052,119.94857,W10,,1,Diatom,Actinocyclus,D-Actinocyclus,100
13785,2013,Nov,18,18/11/2013,,16.37052,119.94857,W10,,1,Dinoflagellate,Alexandrium spp.,DF-Alexandrium spp.,340
13786,2013,Nov,18,18/11/2013,,16.37052,119.94857,W10,,1,Diatom,Amphora,D-Amphora,40
13787,2013,Nov,18,18/11/2013,,16.37052,119.94857,W10,,1,Diatom,Coscinodiscus spp.,D-Coscinodiscus spp.,60
13788,2013,Nov,18,18/11/2013,,16.37052,119.94857,W10,,1,Dinoflagellate,Gonyaulax,DF-Gonyaulax,140
13789,2013,Nov,18,18/11/2013,,16.37052,119.94857,W10,,1,Diatom,Navicula  spp.,D-Navicula  spp.,180
13790,2013,Nov,18,18/11/2013,,16.37052,119.94857,W10,,1,Dinoflagellate,Prorocentrum micans,DF-Prorocentrum micans,900
13791,2013,Nov,18,18/11/2013,,16.37052,119.94857,W10,,1,Dinoflagellate,Protoperidinium pallidum,DF-Protoperidinium pallidum,320
13792,2013,Nov,18,18/11/2013,,16.37052,119.94857,W10,,1,Diatom,Ditylum sp.,D-Ditylum sp.,20
13793,2013,Nov,18,18/11/2013,,16.37052,119.94857,W10,,1,Diatom,Thalassionema spp.,D-Thalassionema spp.,1240
13794,2013,Nov,18,18/11/2013,,16.37052,119.94857,W10,,1,Diatom,Thalassiosira spp.,D-Thalassiosira spp.,1520
13795,2013,Nov,18,18/11/2013,,16.39578,119.90667,RVA3,,1,Dinoflagellate,Alexandrium spp.,DF-Alexandrium spp.,4280
13796,2013,Nov,18,18/11/2013,,16.39578,119.90667,RVA3,,1,Diatom,Coscinodiscus spp.,D-Coscinodiscus spp.,160
13797,2013,Nov,18,18/11/2013,,16.39578,119.90667,RVA3,,1,Dinoflagellate,Gonyaulax,DF-Gonyaulax,1580
13798,2013,Nov,18,18/11/2013,,16.39578,119.90667,RVA3,,1,Dinoflagellate,Heterocapsa circularisquama,DF-Heterocapsa circularisquama,120
13799,2013,Nov,18,18/11/2013,,16.39578,119.90667,RVA3,,1,Diatom,Navicula  spp.,D-Navicula  spp.,940
13800,2013,Nov,18,18/11/2013,,16.39578,119.90667,RVA3,,1,Diatom,Nitzschia spp.,D-Nitzschia spp.,40
13801,2013,Nov,18,18/11/2013,,16.39578,119.90667,RVA3,,1,Dinoflagellate,Prorocentrum micans,DF-Prorocentrum micans,1880
13802,2013,Nov,18,18/11/2013,,16.39578,119.90667,RVA3,,1,Dinoflagellate,Protoperidinium pallidum,DF-Protoperidinium pallidum,16860
13803,2013,Nov,18,18/11/2013,,16.39578,119.90667,RVA3,,1,Diatom,Ditylum sp.,D-Ditylum sp.,140
13804,2013,Nov,18,18/11/2013,,16.39578,119.90667,RVA3,,1,Dinoflagellate,Scrippsiella spinifera,DF-Scrippsiella spinifera,360
13805,2013,Nov,18,18/11/2013,,16.39578,119.90667,RVA3,,1,Diatom,Thalassionema spp.,D-Thalassionema spp.,1460
13806,2013,Nov,18,18/11/2013,,16.39578,119.90667,RVA3,,1,Diatom,Thalassiosira spp.,D-Thalassiosira spp.,2040
13807,2013,Nov,18,18/11/2013,,16.39578,119.90667,RVA3,,1,Silicoflagellate,Tintinopsis,SF-Tintinopsis,80
13808,2013,Nov,18,18/11/2013,,16.30944,119.92063,TS1,,1,Diatom,Actinocyclus,D-Actinocyclus,280
13809,2013,Nov,18,18/11/2013,,16.30944,119.92063,TS1,,1,Dinoflagellate,Alexandrium spp.,DF-Alexandrium spp.,540
13810,2013,Nov,18,18/11/2013,,16.30944,119.92063,TS1,,1,Diatom,Coscinodiscus spp.,D-Coscinodiscus spp.,140
13811,2013,Nov,18,18/11/2013,,16.30944,119.92063,TS1,,1,Cyanobacteria,Trichodesmium sp.,CYN-Trichodesmium sp.,40
13812,2013,Nov,18,18/11/2013,,16.30944,119.92063,TS1,,1,Diatom,Navicula  spp.,D-Navicula  spp.,300
13813,2013,Nov,18,18/11/2013,,16.30944,119.92063,TS1,,1,Diatom,Nitzschia spp.,D-Nitzschia spp.,560
13814,2013,Nov,18,18/11/2013,,16.30944,119.92063,TS1,,1,Dinoflagellate,Prorocentrum micans,DF-Prorocentrum micans,340
13815,2013,Nov,18,18/11/2013,,16.30944,119.92063,TS1,,1,Dinoflagellate,Protoperidinium pallidum,DF-Protoperidinium pallidum,160
13816,2013,Nov,18,18/11/2013,,16.30944,119.92063,TS1,,1,Diatom,Ditylum sp.,D-Ditylum sp.,60
13817,2013,Nov,18,18/11/2013,,16.30944,119.92063,TS1,,1,Diatom,Thalassionema spp.,D-Thalassionema spp.,900
13818,2013,Nov,18,18/11/2013,,16.30944,119.92063,TS1,,1,Diatom,Thalassiosira spp.,D-Thalassiosira spp.,620
13819,2013,Nov,18,18/11/2013,,16.30944,119.92063,TS1,,1,Silicoflagellate,Tintinopsis,SF-Tintinopsis,80
13820,2013,Nov,29,29/11/2013,,16.34775,119.93375,A1,,1,Dinoflagellate,Alexandrium spp.,DF-Alexandrium spp.,560
13821,2013,Nov,29,29/11/2013,,16.34775,119.93375,A1,,1,Diatom,Amphora,D-Amphora,60
13822,2013,Nov,29,29/11/2013,,16.34775,119.93375,A1,,1,Dinoflagellate,Gonyaulax,DF-Gonyaulax,100
13823,2013,Nov,29,29/11/2013,,16.34775,119.93375,A1,,1,Dinoflagellate,Gymnodinium,DF-Gymnodinium,60
13824,2013,Nov,29,29/11/2013,,16.34775,119.93375,A1,,1,Diatom,Navicula  spp.,D-Navicula  spp.,420
13825,2013,Nov,29,29/11/2013,,16.34775,119.93375,A1,,1,Dinoflagellate,Prorocentrum micans,DF-Prorocentrum micans,220
13826,2013,Nov,29,29/11/2013,,16.34775,119.93375,A1,,1,Dinoflagellate,Protoperidinium pallidum,DF-Protoperidinium pallidum,220
13827,2013,Nov,29,29/11/2013,,16.34775,119.93375,A1,,1,Dinoflagellate,Scrippsiella spinifera,DF-Scrippsiella spinifera,220
13828,2013,Nov,29,29/11/2013,,16.34775,119.93375,A1,,1,Diatom,Thalassiosira spp.,D-Thalassiosira spp.,340
13829,2013,Nov,29,29/11/2013,,16.34775,119.93452,A2,,1,Dinoflagellate,Alexandrium spp.,DF-Alexandrium spp.,6420
13830,2013,Nov,29,29/11/2013,,16.34775,119.93452,A2,,1,Diatom,Amphora,D-Amphora,760
13831,2013,Nov,29,29/11/2013,,16.34775,119.93452,A2,,1,Diatom,Coscinodiscus spp.,D-Coscinodiscus spp.,560
13832,2013,Nov,29,29/11/2013,,16.34775,119.93452,A2,,1,Diatom,Navicula  spp.,D-Navicula  spp.,1720
13833,2013,Nov,29,29/11/2013,,16.34775,119.93452,A2,,1,Diatom,Pleurosigma spp.,D-Pleurosigma spp.,320
13834,2013,Nov,29,29/11/2013,,16.34775,119.93452,A2,,1,Dinoflagellate,Prorocentrum micans,DF-Prorocentrum micans,1060
13835,2013,Nov,29,29/11/2013,,16.34775,119.93452,A2,,1,Dinoflagellate,Protoperidinium pallidum,DF-Protoperidinium pallidum,2640
13836,2013,Nov,29,29/11/2013,,16.34775,119.93452,A2,,1,Diatom,Ditylum sp.,D-Ditylum sp.,220
13837,2013,Nov,29,29/11/2013,,16.34775,119.93452,A2,,1,Diatom,Skeletonema,D-Skeletonema,2180
13838,2013,Nov,29,29/11/2013,,16.34775,119.93452,A2,,1,Diatom,Thalassiosira spp.,D-Thalassiosira spp.,8920
13839,2013,Nov,29,29/11/2013,,16.33431,119.95731,A3,,1,Diatom,Actinocyclus,D-Actinocyclus,160
13840,2013,Nov,29,29/11/2013,,16.33431,119.95731,A3,,1,Dinoflagellate,Alexandrium spp.,DF-Alexandrium spp.,520
13841,2013,Nov,29,29/11/2013,,16.33431,119.95731,A3,,1,Diatom,Amphora,D-Amphora,520
13842,2013,Nov,29,29/11/2013,,16.33431,119.95731,A3,,1,Diatom,Coscinodiscus spp.,D-Coscinodiscus spp.,140
13843,2013,Nov,29,29/11/2013,,16.33431,119.95731,A3,,1,Dinoflagellate,Gonyaulax,DF-Gonyaulax,240
13844,2013,Nov,29,29/11/2013,,16.33431,119.95731,A3,,1,Diatom,Navicula  spp.,D-Navicula  spp.,1580
13845,2013,Nov,29,29/11/2013,,16.33431,119.95731,A3,,1,Diatom,Pleurosigma spp.,D-Pleurosigma spp.,240
13846,2013,Nov,29,29/11/2013,,16.33431,119.95731,A3,,1,Dinoflagellate,Prorocentrum micans,DF-Prorocentrum micans,120
13847,2013,Nov,29,29/11/2013,,16.33431,119.95731,A3,,1,Dinoflagellate,Protoperidinium pallidum,DF-Protoperidinium pallidum,1360
13848,2013,Nov,29,29/11/2013,,16.33431,119.95731,A3,,1,Dinoflagellate,Scrippsiella spinifera,DF-Scrippsiella spinifera,140
13849,2013,Nov,29,29/11/2013,,16.33431,119.95731,A3,,1,Diatom,Thalassionema spp.,D-Thalassionema spp.,240
13850,2013,Nov,29,29/11/2013,,16.33431,119.95731,A3,,1,Diatom,Thalassiosira spp.,D-Thalassiosira spp.,800
13851,2013,Nov,29,29/11/2013,,16.28459,119.92285,A4,,1,Dinoflagellate,Alexandrium spp.,DF-Alexandrium spp.,460
13852,2013,Nov,29,29/11/2013,,16.28459,119.92285,A4,,1,Raphidophyte,Chattonnella subsalsa,RD-Chattonnella subsalsa,60
13853,2013,Nov,29,29/11/2013,,16.28459,119.92285,A4,,1,Dinoflagellate,Gonyaulax,DF-Gonyaulax,40
13854,2013,Nov,29,29/11/2013,,16.28459,119.92285,A4,,1,Dinoflagellate,Gymnodinium,DF-Gymnodinium,200
13855,2013,Nov,29,29/11/2013,,16.28459,119.92285,A4,,1,Diatom,Navicula  spp.,D-Navicula  spp.,340
13856,2013,Nov,29,29/11/2013,,16.28459,119.92285,A4,,1,Diatom,Pleurosigma spp.,D-Pleurosigma spp.,360
13857,2013,Nov,29,29/11/2013,,16.28459,119.92285,A4,,1,Dinoflagellate,Prorocentrum micans,DF-Prorocentrum micans,420
13858,2013,Nov,29,29/11/2013,,16.28459,119.92285,A4,,1,Dinoflagellate,Protoperidinium pallidum,DF-Protoperidinium pallidum,700
13859,2013,Nov,29,29/11/2013,,16.28459,119.92285,A4,,1,Diatom,Ditylum sp.,D-Ditylum sp.,260
13860,2013,Nov,29,29/11/2013,,16.28459,119.92285,A4,,1,Dinoflagellate,Scrippsiella spinifera,DF-Scrippsiella spinifera,80
13861,2013,Nov,29,29/11/2013,,16.28459,119.92285,A4,,1,Diatom,Thalassionema spp.,D-Thalassionema spp.,100
13862,2013,Nov,29,29/11/2013,,16.28459,119.92285,A4,,1,Diatom,Thalassiosira spp.,D-Thalassiosira spp.,580
13863,2013,Nov,29,29/11/2013,,16.28459,119.92285,A4,,1,Cyanobacteria,Trichodesmium sp.,CYN-Trichodesmium sp.,140
13864,2013,Nov,29,29/11/2013,,16.34927,119.94606,W1,,1,Dinoflagellate,Alexandrium spp.,DF-Alexandrium spp.,140
13865,2013,Nov,29,29/11/2013,,16.34927,119.94606,W1,,1,Diatom,Coscinodiscus spp.,D-Coscinodiscus spp.,40
13866,2013,Nov,29,29/11/2013,,16.34927,119.94606,W1,,1,Dinoflagellate,Gonyaulax,DF-Gonyaulax,80
13867,2013,Nov,29,29/11/2013,,16.34927,119.94606,W1,,1,Diatom,Navicula  spp.,D-Navicula  spp.,180
13868,2013,Nov,29,29/11/2013,,16.34927,119.94606,W1,,1,Dinoflagellate,Prorocentrum micans,DF-Prorocentrum micans,20
13869,2013,Nov,29,29/11/2013,,16.34927,119.94606,W1,,1,Dinoflagellate,Protoperidinium pallidum,DF-Protoperidinium pallidum,600
13870,2013,Nov,29,29/11/2013,,16.33668,119.94476,W2A,,1,Diatom,Actinocyclus,D-Actinocyclus,40
13871,2013,Nov,29,29/11/2013,,16.33668,119.94476,W2A,,1,Dinoflagellate,Alexandrium spp.,DF-Alexandrium spp.,160
13872,2013,Nov,29,29/11/2013,,16.33668,119.94476,W2A,,1,Raphidophyte,Chattonnella subsalsa,RD-Chattonnella subsalsa,60
13873,2013,Nov,29,29/11/2013,,16.33668,119.94476,W2A,,1,Dinoflagellate,Pyrophacus,DF-Pyrophacus,20
13874,2013,Nov,29,29/11/2013,,16.33668,119.94476,W2A,,1,Dinoflagellate,Gonyaulax,DF-Gonyaulax,80
13875,2013,Nov,29,29/11/2013,,16.33668,119.94476,W2A,,1,Diatom,Navicula  spp.,D-Navicula  spp.,260
13876,2013,Nov,29,29/11/2013,,16.33668,119.94476,W2A,,1,Diatom,Pleurosigma spp.,D-Pleurosigma spp.,60
13877,2013,Nov,29,29/11/2013,,16.33668,119.94476,W2A,,1,Dinoflagellate,Protoperidinium pallidum,DF-Protoperidinium pallidum,380
13878,2013,Nov,29,29/11/2013,,16.33668,119.94476,W2A,,1,Diatom,Ditylum sp.,D-Ditylum sp.,80
13879,2013,Nov,29,29/11/2013,,16.33668,119.94476,W2A,,1,Diatom,Skeletonema,D-Skeletonema,80
13880,2013,Nov,29,29/11/2013,,16.33668,119.94476,W2A,,1,Diatom,Thalassiosira spp.,D-Thalassiosira spp.,220
13881,2013,Nov,29,29/11/2013,,16.37073,119.93401,W3,,1,Dinoflagellate,Alexandrium spp.,DF-Alexandrium spp.,560
13882,2013,Nov,29,29/11/2013,,16.37073,119.93401,W3,,1,Diatom,Amphora,D-Amphora,20
13883,2013,Nov,29,29/11/2013,,16.37073,119.93401,W3,,1,Dinoflagellate,Gonyaulax,DF-Gonyaulax,60
13884,2013,Nov,29,29/11/2013,,16.37073,119.93401,W3,,1,Diatom,Navicula  spp.,D-Navicula  spp.,80
13885,2013,Nov,29,29/11/2013,,16.37073,119.93401,W3,,1,Diatom,Pleurosigma spp.,D-Pleurosigma spp.,20
13886,2013,Nov,29,29/11/2013,,16.37073,119.93401,W3,,1,Dinoflagellate,Prorocentrum micans,DF-Prorocentrum micans,140
13887,2013,Nov,29,29/11/2013,,16.37073,119.93401,W3,,1,Dinoflagellate,Protoperidinium pallidum,DF-Protoperidinium pallidum,860
13888,2013,Nov,29,29/11/2013,,16.37073,119.93401,W3,,1,Dinoflagellate,Scrippsiella spinifera,DF-Scrippsiella spinifera,140
13889,2013,Nov,29,29/11/2013,,16.37073,119.93401,W3,,1,Diatom,Thalassiosira spp.,D-Thalassiosira spp.,280
13890,2013,Nov,29,29/11/2013,,16.32003,119.93384,W8,,1,Diatom,Actinocyclus,D-Actinocyclus,220
13891,2013,Nov,29,29/11/2013,,16.32003,119.93384,W8,,1,Dinoflagellate,Alexandrium spp.,DF-Alexandrium spp.,1580
13892,2013,Nov,29,29/11/2013,,16.32003,119.93384,W8,,1,Diatom,Leptocylindrus spp.,D-Leptocylindrus spp.,60
13893,2013,Nov,29,29/11/2013,,16.32003,119.93384,W8,,1,Diatom,Navicula  spp.,D-Navicula  spp.,160
13894,2013,Nov,29,29/11/2013,,16.32003,119.93384,W8,,1,Dinoflagellate,Prorocentrum micans,DF-Prorocentrum micans,140
13895,2013,Nov,29,29/11/2013,,16.32003,119.93384,W8,,1,Dinoflagellate,Protoperidinium pallidum,DF-Protoperidinium pallidum,1740
13896,2013,Nov,29,29/11/2013,,16.32003,119.93384,W8,,1,Diatom,Pseudonitzschia spp.,D-Pseudonitzschia spp.,9040
13897,2013,Nov,29,29/11/2013,,16.32003,119.93384,W8,,1,Diatom,Ditylum sp.,D-Ditylum sp.,1540
13898,2013,Nov,29,29/11/2013,,16.32003,119.93384,W8,,1,Dinoflagellate,Scrippsiella spinifera,DF-Scrippsiella spinifera,60
13899,2013,Nov,29,29/11/2013,,16.32003,119.93384,W8,,1,Diatom,Skeletonema,D-Skeletonema,660
13900,2013,Nov,29,29/11/2013,,16.32003,119.93384,W8,,1,Diatom,Thalassionema spp.,D-Thalassionema spp.,320
13901,2013,Nov,29,29/11/2013,,16.32003,119.93384,W8,,1,Diatom,Thalassiosira spp.,D-Thalassiosira spp.,3520
13902,2013,Nov,29,29/11/2013,,16.34775,119.93452,W9,,1,Dinoflagellate,Alexandrium spp.,DF-Alexandrium spp.,160
13903,2013,Nov,29,29/11/2013,,16.34775,119.93452,W9,,1,Dinoflagellate,Protoperidinium pallidum,DF-Protoperidinium pallidum,40
13904,2013,Nov,29,29/11/2013,,16.34775,119.93452,W9,,1,Diatom,Thalassiosira spp.,D-Thalassiosira spp.,80
13905,2013,Nov,29,29/11/2013,,16.37052,119.94857,W10,,1,Dinoflagellate,Alexandrium spp.,DF-Alexandrium spp.,60
13906,2013,Nov,29,29/11/2013,,16.37052,119.94857,W10,,1,Diatom,Coscinodiscus spp.,D-Coscinodiscus spp.,60
13907,2013,Nov,29,29/11/2013,,16.37052,119.94857,W10,,1,Diatom,Thalassionema spp.,D-Thalassionema spp.,120
13908,2013,Nov,29,29/11/2013,,16.37052,119.94857,W10,,1,Diatom,Thalassiosira spp.,D-Thalassiosira spp.,120
13909,2013,Nov,29,29/11/2013,,16.38326,119.92616,W11,,1,Diatom,Actinocyclus,D-Actinocyclus,80
13910,2013,Nov,29,29/11/2013,,16.38326,119.92616,W11,,1,Dinoflagellate,Alexandrium spp.,DF-Alexandrium spp.,960
13911,2013,Nov,29,29/11/2013,,16.38326,119.92616,W11,,1,Dinoflagellate,Dinophysis caudata,DF-Dinophysis caudata,20
13912,2013,Nov,29,29/11/2013,,16.38326,119.92616,W11,,1,Diatom,Leptocylindrus spp.,D-Leptocylindrus spp.,620
13913,2013,Nov,29,29/11/2013,,16.38326,119.92616,W11,,1,Dinoflagellate,Prorocentrum micans,DF-Prorocentrum micans,420
13914,2013,Nov,29,29/11/2013,,16.38326,119.92616,W11,,1,Dinoflagellate,Protoperidinium pallidum,DF-Protoperidinium pallidum,3560
13915,2013,Nov,29,29/11/2013,,16.38326,119.92616,W11,,1,Diatom,Ditylum sp.,D-Ditylum sp.,80
13916,2013,Nov,29,29/11/2013,,16.38326,119.92616,W11,,1,Diatom,Thalassiosira spp.,D-Thalassiosira spp.,720
13917,2013,Dec,5,05/12/2013,,16.34775,119.93452,A2,,1,Dinoflagellate,Alexandrium spp.,DF-Alexandrium spp.,660
13918,2013,Dec,5,05/12/2013,,16.34775,119.93452,A2,,1,Diatom,Amphora,D-Amphora,20
13919,2013,Dec,5,05/12/2013,,16.34775,119.93452,A2,,1,Dinoflagellate,Ceratium furca,DF-Ceratium furca,60
13920,2013,Dec,5,05/12/2013,,16.34775,119.93452,A2,,1,Raphidophyte,Chattonnella subsalsa,RD-Chattonnella subsalsa,80
13921,2013,Dec,5,05/12/2013,,16.34775,119.93452,A2,,1,Dinoflagellate,Dinophysis,DF-Dinophysis,140
13922,2013,Dec,5,05/12/2013,,16.34775,119.93452,A2,,1,Diatom,Navicula  spp.,D-Navicula  spp.,60
13923,2013,Dec,5,05/12/2013,,16.34775,119.93452,A2,,1,Diatom,Pleurosigma spp.,D-Pleurosigma spp.,20
13924,2013,Dec,5,05/12/2013,,16.34775,119.93452,A2,,1,Dinoflagellate,Prorocentrum  minimum,DF-Prorocentrum  minimum,340
13925,2013,Dec,5,05/12/2013,,16.34775,119.93452,A2,,1,Dinoflagellate,Protoperidinium pallidum,DF-Protoperidinium pallidum,1040
13926,2013,Dec,5,05/12/2013,,16.34775,119.93452,A2,,1,Dinoflagellate,Scrippsiella spinifera,DF-Scrippsiella spinifera,220
13927,2013,Dec,5,05/12/2013,,16.34775,119.93452,A2,,1,Diatom,Thalassiosira spp.,D-Thalassiosira spp.,60
13928,2013,Dec,5,05/12/2013,,16.28459,119.92285,A4,,1,Dinoflagellate,Alexandrium spp.,DF-Alexandrium spp.,300
13929,2013,Dec,5,05/12/2013,,16.28459,119.92285,A4,,1,Diatom,Navicula  spp.,D-Navicula  spp.,380
13930,2013,Dec,5,05/12/2013,,16.28459,119.92285,A4,,1,Dinoflagellate,Oxytoxum spp.,DF-Oxytoxum spp.,20
13931,2013,Dec,5,05/12/2013,,16.28459,119.92285,A4,,1,Dinoflagellate,Prorocentrum  minimum,DF-Prorocentrum  minimum,360
13932,2013,Dec,5,05/12/2013,,16.28459,119.92285,A4,,1,Dinoflagellate,Protoperidinium pallidum,DF-Protoperidinium pallidum,1480
13933,2013,Dec,5,05/12/2013,,16.28459,119.92285,A4,,1,Silicoflagellate,Tintinopsis,SF-Tintinopsis,3860
13934,2013,Dec,5,05/12/2013,,16.27365,119.92599,A5,,1,Dinoflagellate,Alexandrium spp.,DF-Alexandrium spp.,660
13935,2013,Dec,5,05/12/2013,,16.27365,119.92599,A5,,1,Cyanobacteria,Trichodesmium sp.,CYN-Trichodesmium sp.,20
13936,2013,Dec,5,05/12/2013,,16.27365,119.92599,A5,,1,Dinoflagellate,Gonyaulax,DF-Gonyaulax,120
13937,2013,Dec,5,05/12/2013,,16.27365,119.92599,A5,,1,Diatom,Navicula  spp.,D-Navicula  spp.,260
13938,2013,Dec,5,05/12/2013,,16.27365,119.92599,A5,,1,Dinoflagellate,Prorocentrum  minimum,DF-Prorocentrum  minimum,240
13939,2013,Dec,5,05/12/2013,,16.27365,119.92599,A5,,1,Dinoflagellate,Protoperidinium pallidum,DF-Protoperidinium pallidum,280
13940,2013,Dec,5,05/12/2013,,16.27365,119.92599,A5,,1,Silicoflagellate,Tintinopsis,SF-Tintinopsis,180
13941,2013,Dec,5,05/12/2013,,16.39578,119.90667,RVA3,,1,Dinoflagellate,Alexandrium spp.,DF-Alexandrium spp.,1260
13942,2013,Dec,5,05/12/2013,,16.39578,119.90667,RVA3,,1,Diatom,Coscinodiscus spp.,D-Coscinodiscus spp.,40
13943,2013,Dec,5,05/12/2013,,16.39578,119.90667,RVA3,,1,Dinoflagellate,Dinophysis,DF-Dinophysis,20
13944,2013,Dec,5,05/12/2013,,16.39578,119.90667,RVA3,,1,Dinoflagellate,Gonyaulax,DF-Gonyaulax,20
13945,2013,Dec,5,05/12/2013,,16.39578,119.90667,RVA3,,1,Diatom,Leptocylindrus spp.,D-Leptocylindrus spp.,560
13946,2013,Dec,5,05/12/2013,,16.39578,119.90667,RVA3,,1,Diatom,Navicula  spp.,D-Navicula  spp.,500
13947,2013,Dec,5,05/12/2013,,16.39578,119.90667,RVA3,,1,Diatom,Pleurosigma spp.,D-Pleurosigma spp.,120
13948,2013,Dec,5,05/12/2013,,16.39578,119.90667,RVA3,,1,Dinoflagellate,Prorocentrum  minimum,DF-Prorocentrum  minimum,160
13949,2013,Dec,5,05/12/2013,,16.39578,119.90667,RVA3,,1,Dinoflagellate,Protoperidinium pallidum,DF-Protoperidinium pallidum,1160
13950,2013,Dec,5,05/12/2013,,16.39578,119.90667,RVA3,,1,Diatom,Ditylum sp.,D-Ditylum sp.,120
13951,2013,Dec,5,05/12/2013,,16.39578,119.90667,RVA3,,1,Dinoflagellate,Scrippsiella spinifera,DF-Scrippsiella spinifera,60
13952,2013,Dec,5,05/12/2013,,16.39578,119.90667,RVA3,,1,Diatom,Skeletonema,D-Skeletonema,160
13953,2013,Dec,5,05/12/2013,,16.39578,119.90667,RVA3,,1,Diatom,Thalassionema spp.,D-Thalassionema spp.,340
13954,2013,Dec,5,05/12/2013,,16.39578,119.90667,RVA3,,1,Diatom,Thalassiosira spp.,D-Thalassiosira spp.,320
13955,2013,Dec,5,05/12/2013,,16.38339,119.91585,TS2,,1,Dinoflagellate,Alexandrium spp.,DF-Alexandrium spp.,180
13956,2013,Dec,5,05/12/2013,,16.38339,119.91585,TS2,,1,Diatom,Coscinodiscus spp.,D-Coscinodiscus spp.,60
13957,2013,Dec,5,05/12/2013,,16.38339,119.91585,TS2,,1,Dinoflagellate,Gonyaulax,DF-Gonyaulax,20
13958,2013,Dec,5,05/12/2013,,16.38339,119.91585,TS2,,1,Diatom,Leptocylindrus spp.,D-Leptocylindrus spp.,80
13959,2013,Dec,5,05/12/2013,,16.38339,119.91585,TS2,,1,Diatom,Navicula  spp.,D-Navicula  spp.,120
13960,2013,Dec,5,05/12/2013,,16.38339,119.91585,TS2,,1,Diatom,Pleurosigma spp.,D-Pleurosigma spp.,20
13961,2013,Dec,5,05/12/2013,,16.38339,119.91585,TS2,,1,Dinoflagellate,Prorocentrum  minimum,DF-Prorocentrum  minimum,160
13962,2013,Dec,5,05/12/2013,,16.38339,119.91585,TS2,,1,Dinoflagellate,Protoperidinium pallidum,DF-Protoperidinium pallidum,180
13963,2013,Dec,5,05/12/2013,,16.38339,119.91585,TS2,,1,Diatom,Ditylum sp.,D-Ditylum sp.,40
13964,2013,Dec,5,05/12/2013,,16.38339,119.91585,TS2,,1,Dinoflagellate,Scrippsiella spinifera,DF-Scrippsiella spinifera,40
13965,2013,Dec,5,05/12/2013,,16.38339,119.91585,TS2,,1,Diatom,Thalassionema spp.,D-Thalassionema spp.,340
13966,2013,Dec,5,05/12/2013,,16.38339,119.91585,TS2,,1,Diatom,Thalassiosira spp.,D-Thalassiosira spp.,80
13967,2013,Dec,5,05/12/2013,,16.38339,119.91585,TS2,,1,Silicoflagellate,Tintinopsis,SF-Tintinopsis,100
13968,2013,Dec,5,05/12/2013,,16.38326,119.92616,W11,,1,Dinoflagellate,Alexandrium spp.,DF-Alexandrium spp.,2180
13969,2013,Dec,5,05/12/2013,,16.38326,119.92616,W11,,1,Diatom,Amphora,D-Amphora,20
13970,2013,Dec,5,05/12/2013,,16.38326,119.92616,W11,,1,Diatom,Chaetoceros spp.,D-Chaetoceros spp.,60
13971,2013,Dec,5,05/12/2013,,16.38326,119.92616,W11,,1,Raphidophyte,Chattonnella subsalsa,RD-Chattonnella subsalsa,40
13972,2013,Dec,5,05/12/2013,,16.38326,119.92616,W11,,1,Diatom,Coscinodiscus spp.,D-Coscinodiscus spp.,120
13973,2013,Dec,5,05/12/2013,,16.38326,119.92616,W11,,1,Dinoflagellate,Gonyaulax,DF-Gonyaulax,80
13974,2013,Dec,5,05/12/2013,,16.38326,119.92616,W11,,1,Diatom,Leptocylindrus spp.,D-Leptocylindrus spp.,3820
13975,2013,Dec,5,05/12/2013,,16.38326,119.92616,W11,,1,Diatom,Navicula  spp.,D-Navicula  spp.,500
13976,2013,Dec,5,05/12/2013,,16.38326,119.92616,W11,,1,Diatom,Nitzschia spp.,D-Nitzschia spp.,80
13977,2013,Dec,5,05/12/2013,,16.38326,119.92616,W11,,1,Diatom,Pleurosigma spp.,D-Pleurosigma spp.,40
13978,2013,Dec,5,05/12/2013,,16.38326,119.92616,W11,,1,Diatom,Proboscia,D-Proboscia,20
13979,2013,Dec,5,05/12/2013,,16.38326,119.92616,W11,,1,Dinoflagellate,Prorocentrum  minimum,DF-Prorocentrum  minimum,80
13980,2013,Dec,5,05/12/2013,,16.38326,119.92616,W11,,1,Dinoflagellate,Protoperidinium pallidum,DF-Protoperidinium pallidum,440
13981,2013,Dec,5,05/12/2013,,16.38326,119.92616,W11,,1,Diatom,Ditylum sp.,D-Ditylum sp.,880
13982,2013,Dec,5,05/12/2013,,16.38326,119.92616,W11,,1,Dinoflagellate,Scrippsiella spinifera,DF-Scrippsiella spinifera,120
13983,2013,Dec,5,05/12/2013,,16.38326,119.92616,W11,,1,Diatom,Skeletonema,D-Skeletonema,440
13984,2013,Dec,5,05/12/2013,,16.38326,119.92616,W11,,1,Diatom,Thalassionema spp.,D-Thalassionema spp.,140
13985,2013,Dec,5,05/12/2013,,16.38326,119.92616,W11,,1,Diatom,Thalassiosira spp.,D-Thalassiosira spp.,520
13986,2013,Dec,5,05/12/2013,,16.38326,119.92616,W11,,1,Silicoflagellate,Tintinopsis,SF-Tintinopsis,40
13987,2013,Dec,19,19/12/2013,,16.34775,119.93375,A1,,1,Dinoflagellate,Alexandrium spp.,DF-Alexandrium spp.,260
13988,2013,Dec,19,19/12/2013,,16.34775,119.93375,A1,,1,Diatom,Amphora,D-Amphora,20
13989,2013,Dec,19,19/12/2013,,16.34775,119.93375,A1,,1,Diatom,Coscinodiscus spp.,D-Coscinodiscus spp.,280
13990,2013,Dec,19,19/12/2013,,16.34775,119.93375,A1,,1,Diatom,Navicula  spp.,D-Navicula  spp.,60
13991,2013,Dec,19,19/12/2013,,16.34775,119.93375,A1,,1,Diatom,Pleurosigma spp.,D-Pleurosigma spp.,180
13992,2013,Dec,19,19/12/2013,,16.34775,119.93375,A1,,1,Dinoflagellate,Prorocentrum  minimum,DF-Prorocentrum  minimum,60
13993,2013,Dec,19,19/12/2013,,16.34775,119.93375,A1,,1,Dinoflagellate,Protoperidinium pallidum,DF-Protoperidinium pallidum,60
13994,2013,Dec,19,19/12/2013,,16.34775,119.93375,A1,,1,Diatom,Thalassionema spp.,D-Thalassionema spp.,140
13995,2013,Dec,19,19/12/2013,,16.34775,119.93452,A2,,1,Diatom,Amphora,D-Amphora,40
13996,2013,Dec,19,19/12/2013,,16.34775,119.93452,A2,,1,Diatom,Coscinodiscus spp.,D-Coscinodiscus spp.,220
13997,2013,Dec,19,19/12/2013,,16.34775,119.93452,A2,,1,Diatom,Pleurosigma spp.,D-Pleurosigma spp.,40
13998,2013,Dec,19,19/12/2013,,16.34775,119.93452,A2,,1,Dinoflagellate,Prorocentrum micans,DF-Prorocentrum micans,20
13999,2013,Dec,19,19/12/2013,,16.34775,119.93452,A2,,1,Diatom,Thalassiosira spp.,D-Thalassiosira spp.,20
14000,2013,Dec,19,19/12/2013,,16.33431,119.95731,A3,,1,Diatom,Coscinodiscus spp.,D-Coscinodiscus spp.,220
14001,2013,Dec,19,19/12/2013,,16.33431,119.95731,A3,,1,Diatom,Navicula  spp.,D-Navicula  spp.,120
14002,2013,Dec,19,19/12/2013,,16.33431,119.95731,A3,,1,Dinoflagellate,Prorocentrum  minimum,DF-Prorocentrum  minimum,80
14003,2013,Dec,19,19/12/2013,,16.33431,119.95731,A3,,1,Diatom,Thalassionema spp.,D-Thalassionema spp.,180
14004,2013,Dec,19,19/12/2013,,16.28459,119.92285,A4,,1,Dinoflagellate,Alexandrium spp.,DF-Alexandrium spp.,140
14005,2013,Dec,19,19/12/2013,,16.28459,119.92285,A4,,1,Diatom,Coscinodiscus spp.,D-Coscinodiscus spp.,60
14006,2013,Dec,19,19/12/2013,,16.28459,119.92285,A4,,1,Diatom,Leptocylindrus spp.,D-Leptocylindrus spp.,40
14007,2013,Dec,19,19/12/2013,,16.28459,119.92285,A4,,1,Diatom,Navicula  spp.,D-Navicula  spp.,360
14008,2013,Dec,19,19/12/2013,,16.28459,119.92285,A4,,1,Diatom,Pleurosigma spp.,D-Pleurosigma spp.,240
14009,2013,Dec,19,19/12/2013,,16.27365,119.92599,A5,,1,Diatom,Actinocyclus,D-Actinocyclus,60
14010,2013,Dec,19,19/12/2013,,16.27365,119.92599,A5,,1,Diatom,Coscinodiscus spp.,D-Coscinodiscus spp.,280
14011,2013,Dec,19,19/12/2013,,16.27365,119.92599,A5,,1,Diatom,Navicula  spp.,D-Navicula  spp.,100
14012,2013,Dec,19,19/12/2013,,16.27365,119.92599,A5,,1,Dinoflagellate,Prorocentrum  minimum,DF-Prorocentrum  minimum,80
14013,2013,Dec,19,19/12/2013,,16.27365,119.92599,A5,,1,Silicoflagellate,Tintinopsis,SF-Tintinopsis,180
14014,2013,Dec,19,19/12/2013,,16.27365,119.92599,A5,,1,Cyanobacteria,Trichodesmium sp.,CYN-Trichodesmium sp.,120
14015,2013,Dec,19,19/12/2013,,16.3743,119.93198,PP,,1,Dinoflagellate,Alexandrium spp.,DF-Alexandrium spp.,20
14016,2013,Dec,19,19/12/2013,,16.3743,119.93198,PP,,1,Diatom,Amphora,D-Amphora,20
14017,2013,Dec,19,19/12/2013,,16.3743,119.93198,PP,,1,Diatom,Coscinodiscus spp.,D-Coscinodiscus spp.,640
14018,2013,Dec,19,19/12/2013,,16.3743,119.93198,PP,,1,Diatom,Navicula  spp.,D-Navicula  spp.,40
14019,2013,Dec,19,19/12/2013,,16.3743,119.93198,PP,,1,Diatom,Pleurosigma spp.,D-Pleurosigma spp.,60
14020,2013,Dec,19,19/12/2013,,16.3743,119.93198,PP,,1,Diatom,Thalassionema spp.,D-Thalassionema spp.,20
14021,2013,Dec,19,19/12/2013,,16.3743,119.93198,PP,,1,Diatom,Thalassiosira spp.,D-Thalassiosira spp.,20
14022,2013,Dec,19,19/12/2013,,16.3743,119.93198,PP,,1,Cyanobacteria,Trichodesmium sp.,CYN-Trichodesmium sp.,20
14023,2013,Dec,19,19/12/2013,,16.39578,119.90667,RVA3,,1,Dinoflagellate,Alexandrium spp.,DF-Alexandrium spp.,20
14024,2013,Dec,19,19/12/2013,,16.39578,119.90667,RVA3,,1,Diatom,Amphora,D-Amphora,20
14025,2013,Dec,19,19/12/2013,,16.39578,119.90667,RVA3,,1,Diatom,Coscinodiscus spp.,D-Coscinodiscus spp.,240
14026,2013,Dec,19,19/12/2013,,16.39578,119.90667,RVA3,,1,Cyanobacteria,Trichodesmium sp.,CYN-Trichodesmium sp.,80
14027,2013,Dec,19,19/12/2013,,16.30944,119.92063,TS1,,1,Diatom,Actinocyclus,D-Actinocyclus,20
14028,2013,Dec,19,19/12/2013,,16.30944,119.92063,TS1,,1,Diatom,Amphora,D-Amphora,20
14029,2013,Dec,19,19/12/2013,,16.30944,119.92063,TS1,,1,Diatom,Cocconeis sp.,D-Cocconeis sp.,40
14030,2013,Dec,19,19/12/2013,,16.30944,119.92063,TS1,,1,Diatom,Coscinodiscus spp.,D-Coscinodiscus spp.,40
14031,2013,Dec,19,19/12/2013,,16.30944,119.92063,TS1,,1,Diatom,Navicula  spp.,D-Navicula  spp.,20
14032,2013,Dec,19,19/12/2013,,16.30944,119.92063,TS1,,1,Diatom,Nitzschia spp.,D-Nitzschia spp.,40
14033,2013,Dec,19,19/12/2013,,16.30944,119.92063,TS1,,1,Diatom,Pleurosigma spp.,D-Pleurosigma spp.,220
14034,2013,Dec,19,19/12/2013,,16.38339,119.91585,TS2,,1,Diatom,Cocconeis sp.,D-Cocconeis sp.,20
14035,2013,Dec,19,19/12/2013,,16.38339,119.91585,TS2,,1,Diatom,Coscinodiscus spp.,D-Coscinodiscus spp.,320
14036,2013,Dec,19,19/12/2013,,16.34927,119.94606,W1,,1,Diatom,Amphora,D-Amphora,220
14037,2013,Dec,19,19/12/2013,,16.34927,119.94606,W1,,1,Diatom,Cocconeis sp.,D-Cocconeis sp.,40
14038,2013,Dec,19,19/12/2013,,16.34927,119.94606,W1,,1,Diatom,Coscinodiscus spp.,D-Coscinodiscus spp.,220
14039,2013,Dec,19,19/12/2013,,16.34927,119.94606,W1,,1,Diatom,Diploneis sp,D-Diploneis sp,40
14040,2013,Dec,19,19/12/2013,,16.34927,119.94606,W1,,1,Diatom,Leptocylindrus spp.,D-Leptocylindrus spp.,20
14041,2013,Dec,19,19/12/2013,,16.34927,119.94606,W1,,1,Diatom,Navicula  spp.,D-Navicula  spp.,380
14042,2013,Dec,19,19/12/2013,,16.34927,119.94606,W1,,1,Diatom,Pleurosigma spp.,D-Pleurosigma spp.,520
14043,2013,Dec,19,19/12/2013,,16.34927,119.94606,W1,,1,Dinoflagellate,Protoperidinium pallidum,DF-Protoperidinium pallidum,20
14044,2013,Dec,19,19/12/2013,,16.34927,119.94606,W1,,1,Diatom,Thalassionema spp.,D-Thalassionema spp.,140
14045,2013,Dec,19,19/12/2013,,16.34927,119.94606,W1,,1,Diatom,Thalassiosira spp.,D-Thalassiosira spp.,20
14046,2013,Dec,19,19/12/2013,,16.34927,119.94606,W1,,1,Cyanobacteria,Trichodesmium sp.,CYN-Trichodesmium sp.,40
14047,2013,Dec,19,19/12/2013,,16.33668,119.94476,W2A,,1,Dinoflagellate,Alexandrium spp.,DF-Alexandrium spp.,140
14048,2013,Dec,19,19/12/2013,,16.33668,119.94476,W2A,,1,Diatom,Amphora,D-Amphora,460
14049,2013,Dec,19,19/12/2013,,16.33668,119.94476,W2A,,1,Diatom,Coscinodiscus spp.,D-Coscinodiscus spp.,120
14050,2013,Dec,19,19/12/2013,,16.33668,119.94476,W2A,,1,Diatom,Navicula  spp.,D-Navicula  spp.,180
14051,2013,Dec,19,19/12/2013,,16.33668,119.94476,W2A,,1,Diatom,Nitzschia spp.,D-Nitzschia spp.,60
14052,2013,Dec,19,19/12/2013,,16.33668,119.94476,W2A,,1,Dinoflagellate,Prorocentrum micans,DF-Prorocentrum micans,260
14053,2013,Dec,19,19/12/2013,,16.33668,119.94476,W2A,,1,Cyanobacteria,Trichodesmium sp.,CYN-Trichodesmium sp.,280
14054,2013,Dec,19,19/12/2013,,16.37073,119.93401,W3,,1,Diatom,Cocconeis sp.,D-Cocconeis sp.,100
14055,2013,Dec,19,19/12/2013,,16.37073,119.93401,W3,,1,Diatom,Coscinodiscus spp.,D-Coscinodiscus spp.,180
14056,2013,Dec,19,19/12/2013,,16.37073,119.93401,W3,,1,Diatom,Navicula  spp.,D-Navicula  spp.,60
14057,2013,Dec,19,19/12/2013,,16.37073,119.93401,W3,,1,Diatom,Nitzschia spp.,D-Nitzschia spp.,140
14058,2013,Dec,19,19/12/2013,,16.37073,119.93401,W3,,1,Diatom,Pleurosigma spp.,D-Pleurosigma spp.,80
14059,2013,Dec,19,19/12/2013,,16.37073,119.93401,W3,,1,Dinoflagellate,Prorocentrum micans,DF-Prorocentrum micans,80
14060,2013,Dec,19,19/12/2013,,16.37073,119.93401,W3,,1,Diatom,Thalassiosira spp.,D-Thalassiosira spp.,60
14061,2013,Dec,19,19/12/2013,,16.32003,119.93384,W8,,1,Diatom,Actinocyclus,D-Actinocyclus,60
14062,2013,Dec,19,19/12/2013,,16.32003,119.93384,W8,,1,Dinoflagellate,Alexandrium spp.,DF-Alexandrium spp.,120
14063,2013,Dec,19,19/12/2013,,16.32003,119.93384,W8,,1,Diatom,Amphora,D-Amphora,180
14064,2013,Dec,19,19/12/2013,,16.32003,119.93384,W8,,1,Diatom,Cocconeis sp.,D-Cocconeis sp.,180
14065,2013,Dec,19,19/12/2013,,16.32003,119.93384,W8,,1,Diatom,Coscinodiscus spp.,D-Coscinodiscus spp.,300
14066,2013,Dec,19,19/12/2013,,16.32003,119.93384,W8,,1,Diatom,Navicula  spp.,D-Navicula  spp.,140
14067,2013,Dec,19,19/12/2013,,16.32003,119.93384,W8,,1,Diatom,Nitzschia spp.,D-Nitzschia spp.,80
14068,2013,Dec,19,19/12/2013,,16.32003,119.93384,W8,,1,Diatom,Pleurosigma spp.,D-Pleurosigma spp.,260
14069,2013,Dec,19,19/12/2013,,16.32003,119.93384,W8,,1,Diatom,Thalassionema spp.,D-Thalassionema spp.,180
14070,2013,Dec,19,19/12/2013,,16.32003,119.93384,W8,,1,Diatom,Thalassiosira spp.,D-Thalassiosira spp.,180
14071,2013,Dec,19,19/12/2013,,16.32003,119.93384,W8,,1,Silicoflagellate,Tintinopsis,SF-Tintinopsis,60
14072,2013,Dec,19,19/12/2013,,16.32003,119.93384,W8,,1,Cyanobacteria,Trichodesmium sp.,CYN-Trichodesmium sp.,40
14073,2013,Dec,19,19/12/2013,,16.34775,119.93452,W9,,1,Diatom,Coscinodiscus spp.,D-Coscinodiscus spp.,320
14074,2013,Dec,19,19/12/2013,,16.34775,119.93452,W9,,1,Diatom,Pleurosigma spp.,D-Pleurosigma spp.,240
14075,2013,Dec,19,19/12/2013,,16.34775,119.93452,W9,,1,Diatom,Thalassionema spp.,D-Thalassionema spp.,80
14076,2013,Dec,19,19/12/2013,,16.34775,119.93452,W9,,1,Cyanobacteria,Trichodesmium sp.,CYN-Trichodesmium sp.,80
14077,2013,Dec,19,19/12/2013,,16.37052,119.94857,W10,,1,Diatom,Amphora,D-Amphora,40
14078,2013,Dec,19,19/12/2013,,16.37052,119.94857,W10,,1,Diatom,Coscinodiscus spp.,D-Coscinodiscus spp.,100
14079,2013,Dec,19,19/12/2013,,16.37052,119.94857,W10,,1,Diatom,Navicula  spp.,D-Navicula  spp.,20
14080,2013,Dec,19,19/12/2013,,16.37052,119.94857,W10,,1,Diatom,Pleurosigma spp.,D-Pleurosigma spp.,40
14081,2013,Dec,19,19/12/2013,,16.38326,119.92616,W11,,1,Dinoflagellate,Alexandrium spp.,DF-Alexandrium spp.,60
14082,2013,Dec,19,19/12/2013,,16.38326,119.92616,W11,,1,Diatom,Amphora,D-Amphora,20
14083,2013,Dec,19,19/12/2013,,16.38326,119.92616,W11,,1,Diatom,Cocconeis sp.,D-Cocconeis sp.,20
14084,2013,Dec,19,19/12/2013,,16.38326,119.92616,W11,,1,Diatom,Coscinodiscus spp.,D-Coscinodiscus spp.,540
14085,2013,Dec,19,19/12/2013,,16.38326,119.92616,W11,,1,Dinoflagellate,Gonyaulax spinifera,DF-Gonyaulax spinifera,20
14086,2013,Dec,19,19/12/2013,,16.38326,119.92616,W11,,1,Diatom,Navicula  spp.,D-Navicula  spp.,40
14087,2013,Dec,19,19/12/2013,,16.38326,119.92616,W11,,1,Diatom,Nitzschia spp.,D-Nitzschia spp.,100
14088,2013,Dec,19,19/12/2013,,16.38326,119.92616,W11,,1,Dinoflagellate,Prorocentrum  minimum,DF-Prorocentrum  minimum,20
14089,2013,Dec,19,19/12/2013,,16.38326,119.92616,W11,,1,Dinoflagellate,Prorocentrum micans,DF-Prorocentrum micans,40
14090,2013,Dec,19,19/12/2013,,16.38326,119.92616,W11,,1,Diatom,Thalassiosira spp.,D-Thalassiosira spp.,20
14091,2013,Dec,19,19/12/2013,,16.38326,119.92616,W11,,1,Silicoflagellate,Tintinopsis,SF-Tintinopsis,40
14092,2013,Dec,19,19/12/2013,,16.38326,119.92616,W11,,1,Cyanobacteria,Trichodesmium sp.,CYN-Trichodesmium sp.,100
14093,2013,Dec,30,30/12/2013,,16.34775,119.93375,A1,,1,Dinoflagellate,Alexandrium spp.,DF-Alexandrium spp.,180
14094,2013,Dec,30,30/12/2013,,16.34775,119.93375,A1,,1,Dinoflagellate,Ceratium furca,DF-Ceratium furca,20
14095,2013,Dec,30,30/12/2013,,16.34775,119.93375,A1,,1,Diatom,Coscinodiscus spp.,D-Coscinodiscus spp.,40
14096,2013,Dec,30,30/12/2013,,16.34775,119.93375,A1,,1,Diatom,Ditylum sp.,D-Ditylum sp.,20
14097,2013,Dec,30,30/12/2013,,16.34775,119.93375,A1,,1,Dinoflagellate,Gonyaulax spinifera,DF-Gonyaulax spinifera,40
14098,2013,Dec,30,30/12/2013,,16.34775,119.93375,A1,,1,Diatom,Navicula  spp.,D-Navicula  spp.,20
14099,2013,Dec,30,30/12/2013,,16.34775,119.93375,A1,,1,Diatom,Nitzschia spp.,D-Nitzschia spp.,20
14100,2013,Dec,30,30/12/2013,,16.34775,119.93375,A1,,1,Diatom,Pleurosigma spp.,D-Pleurosigma spp.,20
14101,2013,Dec,30,30/12/2013,,16.34775,119.93375,A1,,1,Dinoflagellate,Prorocentrum micans,DF-Prorocentrum micans,140
14102,2013,Dec,30,30/12/2013,,16.34775,119.93375,A1,,1,Dinoflagellate,Protoperidinium pallidum,DF-Protoperidinium pallidum,380
14103,2013,Dec,30,30/12/2013,,16.34775,119.93375,A1,,1,Dinoflagellate,Scrippsiella spinifera,DF-Scrippsiella spinifera,100
14104,2013,Dec,30,30/12/2013,,16.34775,119.93375,A1,,1,Silicoflagellate,Tintinopsis,SF-Tintinopsis,260
14105,2013,Dec,30,30/12/2013,,16.34775,119.93452,A2,,1,Dinoflagellate,Alexandrium spp.,DF-Alexandrium spp.,100
14106,2013,Dec,30,30/12/2013,,16.34775,119.93452,A2,,1,Diatom,Amphora,D-Amphora,80
14107,2013,Dec,30,30/12/2013,,16.34775,119.93452,A2,,1,Diatom,Coscinodiscus spp.,D-Coscinodiscus spp.,20
14108,2013,Dec,30,30/12/2013,,16.34775,119.93452,A2,,1,Diatom,Pleurosigma spp.,D-Pleurosigma spp.,40
14109,2013,Dec,30,30/12/2013,,16.34775,119.93452,A2,,1,Dinoflagellate,Prorocentrum micans,DF-Prorocentrum micans,20
14110,2013,Dec,30,30/12/2013,,16.34775,119.93452,A2,,1,Dinoflagellate,Protoperidinium pallidum,DF-Protoperidinium pallidum,20
14111,2013,Dec,30,30/12/2013,,16.34775,119.93452,A2,,1,Dinoflagellate,Scrippsiella spinifera,DF-Scrippsiella spinifera,40
14112,2013,Dec,30,30/12/2013,,16.34775,119.93452,A2,,1,Diatom,Thalassionema spp.,D-Thalassionema spp.,120
14113,2013,Dec,30,30/12/2013,,16.34775,119.93452,A2,,1,Silicoflagellate,Tintinopsis,SF-Tintinopsis,420
14114,2013,Dec,30,30/12/2013,,16.33431,119.95731,A3,,1,Dinoflagellate,Alexandrium spp.,DF-Alexandrium spp.,20
14115,2013,Dec,30,30/12/2013,,16.33431,119.95731,A3,,1,Diatom,Asteromphalus,D-Asteromphalus,20
14116,2013,Dec,30,30/12/2013,,16.33431,119.95731,A3,,1,Diatom,Cocconeis sp.,D-Cocconeis sp.,20
14117,2013,Dec,30,30/12/2013,,16.33431,119.95731,A3,,1,Diatom,Coscinodiscus spp.,D-Coscinodiscus spp.,120
14118,2013,Dec,30,30/12/2013,,16.33431,119.95731,A3,,1,Diatom,Navicula  spp.,D-Navicula  spp.,20
14119,2013,Dec,30,30/12/2013,,16.33431,119.95731,A3,,1,Diatom,Pleurosigma spp.,D-Pleurosigma spp.,40
14120,2013,Dec,30,30/12/2013,,16.33431,119.95731,A3,,1,Diatom,Thalassionema spp.,D-Thalassionema spp.,60
14121,2013,Dec,30,30/12/2013,,16.33431,119.95731,A3,,1,Silicoflagellate,Tintinopsis,SF-Tintinopsis,20
14122,2013,Dec,30,30/12/2013,,16.28459,119.92285,A4,,1,Diatom,Amphora,D-Amphora,40
14123,2013,Dec,30,30/12/2013,,16.28459,119.92285,A4,,1,Diatom,Coscinodiscus spp.,D-Coscinodiscus spp.,100
14124,2013,Dec,30,30/12/2013,,16.28459,119.92285,A4,,1,Diatom,Navicula  spp.,D-Navicula  spp.,20
14125,2013,Dec,30,30/12/2013,,16.28459,119.92285,A4,,1,Dinoflagellate,Prorocentrum micans,DF-Prorocentrum micans,20
14126,2013,Dec,30,30/12/2013,,16.28459,119.92285,A4,,1,Dinoflagellate,Protoperidinium pallidum,DF-Protoperidinium pallidum,40
14127,2013,Dec,30,30/12/2013,,16.28459,119.92285,A4,,1,Dinoflagellate,Scrippsiella spinifera,DF-Scrippsiella spinifera,40
14128,2013,Dec,30,30/12/2013,,16.28459,119.92285,A4,,1,Diatom,Thalassionema spp.,D-Thalassionema spp.,80
14129,2013,Dec,30,30/12/2013,,16.28459,119.92285,A4,,1,Diatom,Thalassiosira spp.,D-Thalassiosira spp.,20
14130,2013,Dec,30,30/12/2013,,16.28459,119.92285,A4,,1,Silicoflagellate,Tintinopsis,SF-Tintinopsis,40
14131,2013,Dec,30,30/12/2013,,16.28459,119.92285,A4,,1,Cyanobacteria,Trichodesmium sp.,CYN-Trichodesmium sp.,40
14132,2013,Dec,30,30/12/2013,,16.27365,119.92599,A5,,1,Diatom,Amphora,D-Amphora,20
14133,2013,Dec,30,30/12/2013,,16.27365,119.92599,A5,,1,Diatom,Coscinodiscus spp.,D-Coscinodiscus spp.,80
14134,2013,Dec,30,30/12/2013,,16.27365,119.92599,A5,,1,Diatom,Diploneis sp,D-Diploneis sp,120
14135,2013,Dec,30,30/12/2013,,16.27365,119.92599,A5,,1,Diatom,Navicula  spp.,D-Navicula  spp.,40
14136,2013,Dec,30,30/12/2013,,16.27365,119.92599,A5,,1,Diatom,Pleurosigma spp.,D-Pleurosigma spp.,60
14137,2013,Dec,30,30/12/2013,,16.27365,119.92599,A5,,1,Dinoflagellate,Prorocentrum micans,DF-Prorocentrum micans,40
14138,2013,Dec,30,30/12/2013,,16.27365,119.92599,A5,,1,Dinoflagellate,Protoperidinium pallidum,DF-Protoperidinium pallidum,40
14139,2013,Dec,30,30/12/2013,,16.27365,119.92599,A5,,1,Dinoflagellate,Scrippsiella spinifera,DF-Scrippsiella spinifera,60
14140,2013,Dec,30,30/12/2013,,16.27365,119.92599,A5,,1,Diatom,Thalassionema spp.,D-Thalassionema spp.,100
14141,2013,Dec,30,30/12/2013,,16.27365,119.92599,A5,,1,Diatom,Thalassiosira spp.,D-Thalassiosira spp.,40
14142,2013,Dec,30,30/12/2013,,16.27365,119.92599,A5,,1,Silicoflagellate,Tintinopsis,SF-Tintinopsis,40
14143,2013,Dec,30,30/12/2013,,16.34927,119.94606,W1,,1,Dinoflagellate,Alexandrium spp.,DF-Alexandrium spp.,40
14144,2013,Dec,30,30/12/2013,,16.34927,119.94606,W1,,1,Diatom,Amphora,D-Amphora,80
14145,2013,Dec,30,30/12/2013,,16.34927,119.94606,W1,,1,Diatom,Cocconeis sp.,D-Cocconeis sp.,60
14146,2013,Dec,30,30/12/2013,,16.34927,119.94606,W1,,1,Diatom,Coscinodiscus spp.,D-Coscinodiscus spp.,60
14147,2013,Dec,30,30/12/2013,,16.34927,119.94606,W1,,1,Diatom,Navicula  spp.,D-Navicula  spp.,20
14148,2013,Dec,30,30/12/2013,,16.34927,119.94606,W1,,1,Diatom,Pleurosigma spp.,D-Pleurosigma spp.,20
14149,2013,Dec,30,30/12/2013,,16.34927,119.94606,W1,,1,Dinoflagellate,Prorocentrum micans,DF-Prorocentrum micans,20
14150,2013,Dec,30,30/12/2013,,16.34927,119.94606,W1,,1,Dinoflagellate,Scrippsiella spinifera,DF-Scrippsiella spinifera,40
14151,2013,Dec,30,30/12/2013,,16.34927,119.94606,W1,,1,Diatom,Thalassionema spp.,D-Thalassionema spp.,60
14152,2013,Dec,30,30/12/2013,,16.34927,119.94606,W1,,1,Diatom,Thalassiosira spp.,D-Thalassiosira spp.,20
14153,2013,Dec,30,30/12/2013,,16.34927,119.94606,W1,,1,Silicoflagellate,Tintinopsis,SF-Tintinopsis,20
14154,2013,Dec,30,30/12/2013,,16.34927,119.94606,W1,,1,Cyanobacteria,Trichodesmium sp.,CYN-Trichodesmium sp.,40
14155,2013,Dec,30,30/12/2013,,16.33668,119.94476,W2A,,1,Diatom,Actinocyclus,D-Actinocyclus,20
14156,2013,Dec,30,30/12/2013,,16.33668,119.94476,W2A,,1,Dinoflagellate,Alexandrium spp.,DF-Alexandrium spp.,260
14157,2013,Dec,30,30/12/2013,,16.33668,119.94476,W2A,,1,Diatom,Amphora,D-Amphora,280
14158,2013,Dec,30,30/12/2013,,16.33668,119.94476,W2A,,1,Diatom,Coscinodiscus spp.,D-Coscinodiscus spp.,160
14159,2013,Dec,30,30/12/2013,,16.33668,119.94476,W2A,,1,Diatom,Ditylum sp.,D-Ditylum sp.,40
14160,2013,Dec,30,30/12/2013,,16.33668,119.94476,W2A,,1,Dinoflagellate,Gonyaulax ,DF-Gonyaulax,20
14161,2013,Dec,30,30/12/2013,,16.33668,119.94476,W2A,,1,Diatom,Navicula  spp.,D-Navicula  spp.,240
14162,2013,Dec,30,30/12/2013,,16.33668,119.94476,W2A,,1,Diatom,Nitzschia spp.,D-Nitzschia spp.,60
14163,2013,Dec,30,30/12/2013,,16.33668,119.94476,W2A,,1,Diatom,Odontella spp.,D-Odontella spp.,20
14164,2013,Dec,30,30/12/2013,,16.33668,119.94476,W2A,,1,Diatom,Pleurosigma spp.,D-Pleurosigma spp.,280
14165,2013,Dec,30,30/12/2013,,16.33668,119.94476,W2A,,1,Dinoflagellate,Prorocentrum micans,DF-Prorocentrum micans,60
14166,2013,Dec,30,30/12/2013,,16.33668,119.94476,W2A,,1,Dinoflagellate,Protoperidinium pallidum,DF-Protoperidinium pallidum,40
14167,2013,Dec,30,30/12/2013,,16.33668,119.94476,W2A,,1,Dinoflagellate,Scrippsiella spinifera,DF-Scrippsiella spinifera,60
14168,2013,Dec,30,30/12/2013,,16.33668,119.94476,W2A,,1,Diatom,Thalassionema spp.,D-Thalassionema spp.,40
14169,2013,Dec,30,30/12/2013,,16.33668,119.94476,W2A,,1,Silicoflagellate,Tintinopsis,SF-Tintinopsis,1060
14170,2013,Dec,30,30/12/2013,,16.33668,119.94476,W2A,,1,Cyanobacteria,Trichodesmium sp.,CYN-Trichodesmium sp.,80
14171,2013,Dec,30,30/12/2013,,16.37073,119.93401,W3,,1,Diatom,Amphora,D-Amphora,40
14172,2013,Dec,30,30/12/2013,,16.37073,119.93401,W3,,1,Diatom,Coscinodiscus spp.,D-Coscinodiscus spp.,200
14173,2013,Dec,30,30/12/2013,,16.37073,119.93401,W3,,1,Diatom,Navicula  spp.,D-Navicula  spp.,20
14174,2013,Dec,30,30/12/2013,,16.37073,119.93401,W3,,1,Diatom,Pleurosigma spp.,D-Pleurosigma spp.,80
14175,2013,Dec,30,30/12/2013,,16.37073,119.93401,W3,,1,Dinoflagellate,Prorocentrum  minimum,DF-Prorocentrum  minimum,20
14176,2013,Dec,30,30/12/2013,,16.37073,119.93401,W3,,1,Diatom,Thalassiosira spp.,D-Thalassiosira spp.,20
14177,2013,Dec,30,30/12/2013,,16.37073,119.93401,W3,,1,Silicoflagellate,Tintinopsis,SF-Tintinopsis,100
14178,2013,Dec,30,30/12/2013,,16.32003,119.93384,W8,,1,Dinoflagellate,Alexandrium spp.,DF-Alexandrium spp.,620
14179,2013,Dec,30,30/12/2013,,16.32003,119.93384,W8,,1,Diatom,Amphora,D-Amphora,120
14180,2013,Dec,30,30/12/2013,,16.32003,119.93384,W8,,1,Diatom,Coscinodiscus spp.,D-Coscinodiscus spp.,120
14181,2013,Dec,30,30/12/2013,,16.32003,119.93384,W8,,1,Diatom,Ditylum sp.,D-Ditylum sp.,60
14182,2013,Dec,30,30/12/2013,,16.32003,119.93384,W8,,1,Dinoflagellate,Gonyaulax ,DF-Gonyaulax,40
14183,2013,Dec,30,30/12/2013,,16.32003,119.93384,W8,,1,Diatom,Navicula  spp.,D-Navicula  spp.,100
14184,2013,Dec,30,30/12/2013,,16.32003,119.93384,W8,,1,Dinoflagellate,Peridinium quinquecorne,DF-Peridinium quinquecorne,40
14185,2013,Dec,30,30/12/2013,,16.32003,119.93384,W8,,1,Diatom,Pleurosigma spp.,D-Pleurosigma spp.,260
14186,2013,Dec,30,30/12/2013,,16.32003,119.93384,W8,,1,Dinoflagellate,Prorocentrum micans,DF-Prorocentrum micans,60
14187,2013,Dec,30,30/12/2013,,16.32003,119.93384,W8,,1,Dinoflagellate,Protoperidinium pallidum,DF-Protoperidinium pallidum,200
14188,2013,Dec,30,30/12/2013,,16.32003,119.93384,W8,,1,Diatom,Thalassionema spp.,D-Thalassionema spp.,160
14189,2013,Dec,30,30/12/2013,,16.32003,119.93384,W8,,1,Diatom,Thalassiosira spp.,D-Thalassiosira spp.,40
14190,2013,Dec,30,30/12/2013,,16.32003,119.93384,W8,,1,Silicoflagellate,Tintinopsis,SF-Tintinopsis,1040
14191,2013,Dec,30,30/12/2013,,16.34775,119.93452,W9,,1,Dinoflagellate,Alexandrium spp.,DF-Alexandrium spp.,200
14192,2013,Dec,30,30/12/2013,,16.34775,119.93452,W9,,1,Diatom,Amphora,D-Amphora,320
14193,2013,Dec,30,30/12/2013,,16.34775,119.93452,W9,,1,Diatom,Coscinodiscus spp.,D-Coscinodiscus spp.,220
14194,2013,Dec,30,30/12/2013,,16.34775,119.93452,W9,,1,Diatom,Diploneis sp,D-Diploneis sp,20
14195,2013,Dec,30,30/12/2013,,16.34775,119.93452,W9,,1,Dinoflagellate,Gonyaulax ,DF-Gonyaulax,20
14196,2013,Dec,30,30/12/2013,,16.34775,119.93452,W9,,1,Diatom,Navicula  spp.,D-Navicula  spp.,220
14197,2013,Dec,30,30/12/2013,,16.34775,119.93452,W9,,1,Diatom,Nitzschia spp.,D-Nitzschia spp.,20
14198,2013,Dec,30,30/12/2013,,16.34775,119.93452,W9,,1,Diatom,Pleurosigma spp.,D-Pleurosigma spp.,180
14199,2013,Dec,30,30/12/2013,,16.34775,119.93452,W9,,1,Dinoflagellate,Prorocentrum  minimum,DF-Prorocentrum  minimum,20
14200,2013,Dec,30,30/12/2013,,16.34775,119.93452,W9,,1,Dinoflagellate,Protoperidinium pallidum,DF-Protoperidinium pallidum,20
14201,2013,Dec,30,30/12/2013,,16.34775,119.93452,W9,,1,Diatom,Thalassionema spp.,D-Thalassionema spp.,140
14202,2013,Dec,30,30/12/2013,,16.34775,119.93452,W9,,1,Diatom,Thalassiosira spp.,D-Thalassiosira spp.,20
14203,2013,Dec,30,30/12/2013,,16.34775,119.93452,W9,,1,Silicoflagellate,Tintinopsis,SF-Tintinopsis,200
14204,2013,Dec,30,30/12/2013,,16.34775,119.93452,W9,,1,Cyanobacteria,Trichodesmium sp.,CYN-Trichodesmium sp.,60
14205,2013,Dec,30,30/12/2013,,16.37052,119.94857,W10,,1,Dinoflagellate,Alexandrium spp.,DF-Alexandrium spp.,320
14206,2013,Dec,30,30/12/2013,,16.37052,119.94857,W10,,1,Diatom,Amphora,D-Amphora,200
14207,2013,Dec,30,30/12/2013,,16.37052,119.94857,W10,,1,Diatom,Coscinodiscus spp.,D-Coscinodiscus spp.,60
14208,2013,Dec,30,30/12/2013,,16.37052,119.94857,W10,,1,Diatom,Leptocylindrus spp.,D-Leptocylindrus spp.,20
14209,2013,Dec,30,30/12/2013,,16.37052,119.94857,W10,,1,Diatom,Navicula  spp.,D-Navicula  spp.,40
14210,2013,Dec,30,30/12/2013,,16.37052,119.94857,W10,,1,Diatom,Nitzschia spp.,D-Nitzschia spp.,20
14211,2013,Dec,30,30/12/2013,,16.37052,119.94857,W10,,1,Dinoflagellate,Peridinium quinquecorne,DF-Peridinium quinquecorne,20
14212,2013,Dec,30,30/12/2013,,16.37052,119.94857,W10,,1,Diatom,Pleurosigma spp.,D-Pleurosigma spp.,340
14213,2013,Dec,30,30/12/2013,,16.37052,119.94857,W10,,1,Dinoflagellate,Prorocentrum micans,DF-Prorocentrum micans,80
14214,2013,Dec,30,30/12/2013,,16.37052,119.94857,W10,,1,Diatom,Thalassionema spp.,D-Thalassionema spp.,80
14215,2013,Dec,30,30/12/2013,,16.37052,119.94857,W10,,1,Diatom,Thalassiosira spp.,D-Thalassiosira spp.,60
14216,2013,Dec,30,30/12/2013,,16.38326,119.92616,W11,,1,Diatom,Actinocyclus,D-Actinocyclus,20
14217,2013,Dec,30,30/12/2013,,16.38326,119.92616,W11,,1,Dinoflagellate,Alexandrium spp.,DF-Alexandrium spp.,220
14218,2013,Dec,30,30/12/2013,,16.38326,119.92616,W11,,1,Diatom,Amphora,D-Amphora,60
14219,2013,Dec,30,30/12/2013,,16.38326,119.92616,W11,,1,Diatom,Cocconeis sp.,D-Cocconeis sp.,40
14220,2013,Dec,30,30/12/2013,,16.38326,119.92616,W11,,1,Diatom,Coscinodiscus spp.,D-Coscinodiscus spp.,60
14221,2013,Dec,30,30/12/2013,,16.38326,119.92616,W11,,1,Diatom,Ditylum sp.,D-Ditylum sp.,60
14222,2013,Dec,30,30/12/2013,,16.38326,119.92616,W11,,1,Dinoflagellate,Gonyaulax ,DF-Gonyaulax,20
14223,2013,Dec,30,30/12/2013,,16.38326,119.92616,W11,,1,Diatom,Navicula  spp.,D-Navicula  spp.,100
14224,2013,Dec,30,30/12/2013,,16.38326,119.92616,W11,,1,Dinoflagellate,Peridinium quinquecorne,DF-Peridinium quinquecorne,40
14225,2013,Dec,30,30/12/2013,,16.38326,119.92616,W11,,1,Dinoflagellate,Prorocentrum micans,DF-Prorocentrum micans,160
14226,2013,Dec,30,30/12/2013,,16.38326,119.92616,W11,,1,Dinoflagellate,Protoperidinium oblongum,DF-Protoperidinium oblongum,100
14227,2013,Dec,30,30/12/2013,,16.38326,119.92616,W11,,1,Dinoflagellate,Protoperidinium oceanicum,DF-Protoperidinium ocenaicum,20
14228,2013,Dec,30,30/12/2013,,16.38326,119.92616,W11,,1,Dinoflagellate,Protoperdinium  pellucidum,DF-Protoperdinium  pellucidum,100
14229,2013,Dec,30,30/12/2013,,16.38326,119.92616,W11,,1,Dinoflagellate,Protoperidinium pellucidum,DF-Protoperidinium pellucidum,60
14230,2013,Dec,30,30/12/2013,,16.38326,119.92616,W11,,1,Diatom,Thalassionema spp.,D-Thalassionema spp.,60
14231,2013,Dec,30,30/12/2013,,16.38326,119.92616,W11,,1,Diatom,Thalassiosira spp.,D-Thalassiosira spp.,60
14232,2013,Dec,30,30/12/2013,,16.38326,119.92616,W11,,1,Silicoflagellate,Tintinopsis,SF-Tintinopsis,120
14233,2013,Dec,30,30/12/2013,,16.30944,119.92063,TS1,,1,Diatom,Actinocyclus,D-Actinocyclus,20
14234,2013,Dec,30,30/12/2013,,16.30944,119.92063,TS1,,1,Dinoflagellate,Alexandrium spp.,DF-Alexandrium spp.,100
14235,2013,Dec,30,30/12/2013,,16.30944,119.92063,TS1,,1,Diatom,Amphora,D-Amphora,20
14236,2013,Dec,30,30/12/2013,,16.30944,119.92063,TS1,,1,Diatom,Cocconeis sp.,D-Cocconeis sp.,20
14237,2013,Dec,30,30/12/2013,,16.30944,119.92063,TS1,,1,Diatom,Coscinodiscus spp.,D-Coscinodiscus spp.,40
14238,2013,Dec,30,30/12/2013,,16.30944,119.92063,TS1,,1,Diatom,Diploneis sp,D-Diploneis sp,40
14239,2013,Dec,30,30/12/2013,,16.30944,119.92063,TS1,,1,Diatom,Ditylum sp.,D-Ditylum sp.,60
14240,2013,Dec,30,30/12/2013,,16.30944,119.92063,TS1,,1,Dinoflagellate,Peridinium quinquecorne,DF-Peridinium quinquecorne,120
14241,2013,Dec,30,30/12/2013,,16.30944,119.92063,TS1,,1,Dinoflagellate,Prorocentrum micans,DF-Prorocentrum micans,40
14242,2013,Dec,30,30/12/2013,,16.30944,119.92063,TS1,,1,Dinoflagellate,Protoperidinium pallidum,DF-Protoperidinium pallidum,300
14243,2013,Dec,30,30/12/2013,,16.30944,119.92063,TS1,,1,Diatom,Thalassionema spp.,D-Thalassionema spp.,80
14244,2013,Dec,30,30/12/2013,,16.30944,119.92063,TS1,,1,Diatom,Thalassiosira spp.,D-Thalassiosira spp.,20
14245,2013,Dec,30,30/12/2013,,16.30944,119.92063,TS1,,1,Silicoflagellate,Tintinopsis,SF-Tintinopsis,140
14246,2013,Dec,30,30/12/2013,,16.38339,119.91585,TS2,,1,Dinoflagellate,Alexandrium spp.,DF-Alexandrium spp.,120
14247,2013,Dec,30,30/12/2013,,16.38339,119.91585,TS2,,1,Diatom,Amphora,D-Amphora,20
14248,2013,Dec,30,30/12/2013,,16.38339,119.91585,TS2,,1,Dinoflagellate,Ceratium furca,DF-Ceratium furca,20
14249,2013,Dec,30,30/12/2013,,16.38339,119.91585,TS2,,1,Diatom,Coscinodiscus spp.,D-Coscinodiscus spp.,40
14250,2013,Dec,30,30/12/2013,,16.38339,119.91585,TS2,,1,Diatom,Ditylum sp.,D-Ditylum sp.,40
14251,2013,Dec,30,30/12/2013,,16.38339,119.91585,TS2,,1,Dinoflagellate,Gonyaulax ,DF-Gonyaulax,20
14252,2013,Dec,30,30/12/2013,,16.38339,119.91585,TS2,,1,Diatom,Pleurosigma spp.,D-Pleurosigma spp.,100
14253,2013,Dec,30,30/12/2013,,16.38339,119.91585,TS2,,1,Dinoflagellate,Prorocentrum micans,DF-Prorocentrum micans,40
14254,2013,Dec,30,30/12/2013,,16.38339,119.91585,TS2,,1,Dinoflagellate,Protoperidinium conicum,DF-Protoperidinium conicum,60
14255,2013,Dec,30,30/12/2013,,16.38339,119.91585,TS2,,1,Dinoflagellate,Protoperidinium  depressum,DF-Protoperidinium  depressum,60
14256,2013,Dec,30,30/12/2013,,16.38339,119.91585,TS2,,1,Dinoflagellate,Protoperidinium divergens,DF-Protoperidinium divergens,40
14257,2013,Dec,30,30/12/2013,,16.38339,119.91585,TS2,,1,Dinoflagellate,Protoperidinium oblongum,DF-Protoperidinium oblongum,120
14258,2013,Dec,30,30/12/2013,,16.38339,119.91585,TS2,,1,Dinoflagellate,Protoperidinium pallidum,DF-Protoperidinium pallidum,180
14259,2013,Dec,30,30/12/2013,,16.38339,119.91585,TS2,,1,Diatom,Thalassionema spp.,D-Thalassionema spp.,80
14260,2013,Dec,30,30/12/2013,,16.39578,119.90667,RVA3,,1,Diatom,Actinocyclus,D-Actinocyclus,20
14261,2013,Dec,30,30/12/2013,,16.39578,119.90667,RVA3,,1,Diatom,Cocconeis sp.,D-Cocconeis sp.,60
14262,2013,Dec,30,30/12/2013,,16.39578,119.90667,RVA3,,1,Diatom,Coscinodiscus spp.,D-Coscinodiscus spp.,40
14263,2013,Dec,30,30/12/2013,,16.39578,119.90667,RVA3,,1,Diatom,Licmophora,D-Licmophora,20
14264,2013,Dec,30,30/12/2013,,16.39578,119.90667,RVA3,,1,Diatom,Navicula  spp.,D-Navicula  spp.,20
14265,2013,Dec,30,30/12/2013,,16.39578,119.90667,RVA3,,1,Diatom,Pleurosigma spp.,D-Pleurosigma spp.,20
14266,2013,Dec,30,30/12/2013,,16.39578,119.90667,RVA3,,1,Dinoflagellate,Prorocentrum micans,DF-Prorocentrum micans,20
14267,2013,Dec,30,30/12/2013,,16.39578,119.90667,RVA3,,1,Diatom,Thalassionema spp.,D-Thalassionema spp.,20
14268,2013,Dec,30,30/12/2013,,16.39578,119.90667,RVA3,,1,Cyanobacteria,Trichodesmium sp.,CYN-Trichodesmium sp.,20
14269,2013,Dec,30,30/12/2013,,16.3743,119.93198,PP,,1,Dinoflagellate,Alexandrium spp.,DF-Alexandrium spp.,160
14270,2013,Dec,30,30/12/2013,,16.3743,119.93198,PP,,1,Diatom,Cocconeis sp.,D-Cocconeis sp.,240
14271,2013,Dec,30,30/12/2013,,16.3743,119.93198,PP,,1,Diatom,Coscinodiscus spp.,D-Coscinodiscus spp.,100
14272,2013,Dec,30,30/12/2013,,16.3743,119.93198,PP,,1,Diatom,Ditylum sp.,D-Ditylum sp.,40
14273,2013,Dec,30,30/12/2013,,16.3743,119.93198,PP,,1,Diatom,Navicula  spp.,D-Navicula  spp.,60
14274,2013,Dec,30,30/12/2013,,16.3743,119.93198,PP,,1,Dinoflagellate,Peridinium quinquecorne,DF-Peridinium quinquecorne,80
14275,2013,Dec,30,30/12/2013,,16.3743,119.93198,PP,,1,Diatom,Pleurosigma spp.,D-Pleurosigma spp.,160
14276,2013,Dec,30,30/12/2013,,16.3743,119.93198,PP,,1,Dinoflagellate,Prorocentrum micans,DF-Prorocentrum micans,180
14277,2013,Dec,30,30/12/2013,,16.3743,119.93198,PP,,1,Dinoflagellate,Protoperidinium oblongum,DF-Protoperidinium oblongum,80
14278,2013,Dec,30,30/12/2013,,16.3743,119.93198,PP,,1,Dinoflagellate,Protoperidinium pallidum,DF-Protoperidinium pallidum,260
14279,2013,Dec,30,30/12/2013,,16.3743,119.93198,PP,,1,Dinoflagellate,Scrippsiella spinifera,DF-Scrippsiella spinifera,40
14280,2013,Dec,30,30/12/2013,,16.3743,119.93198,PP,,1,Diatom,Thalassionema spp.,D-Thalassionema spp.,20
14281,2013,Dec,30,30/12/2013,,16.3743,119.93198,PP,,1,Diatom,Thalassiosira spp.,D-Thalassiosira spp.,60
14282,2014,Jan,28,28/01/2014,,16.34775,119.93375,A1,,1,Dinoflagellate,Alexandrium spp.,DF-Alexandrium spp.,420
14283,2014,Jan,28,28/01/2014,,16.34775,119.93375,A1,,1,Diatom,Amphora,D-Amphora,20
14284,2014,Jan,28,28/01/2014,,16.34775,119.93375,A1,,1,Diatom,Coscinodiscus spp.,D-Coscinodiscus spp.,40
14285,2014,Jan,28,28/01/2014,,16.34775,119.93375,A1,,1,Diatom,Ditylum sp.,D-Ditylum sp.,140
14286,2014,Jan,28,28/01/2014,,16.34775,119.93375,A1,,1,Diatom,Navicula  spp.,D-Navicula  spp.,20
14287,2014,Jan,28,28/01/2014,,16.34775,119.93375,A1,,1,Diatom,Pleurosigma spp.,D-Pleurosigma spp.,20
14288,2014,Jan,28,28/01/2014,,16.34775,119.93375,A1,,1,Dinoflagellate,Prorocentrum micans,DF-Prorocentrum micans,140
14289,2014,Jan,28,28/01/2014,,16.34775,119.93375,A1,,1,Dinoflagellate,Protoperidinium divergens,DF-Protoperidinium divergens,20
14290,2014,Jan,28,28/01/2014,,16.34775,119.93375,A1,,1,Dinoflagellate,Protoperidinium oblongum,DF-Protoperidinium oblongum,20
14291,2014,Jan,28,28/01/2014,,16.34775,119.93375,A1,,1,Dinoflagellate,Protoperidinium spp.,DF-Protoperidinium spp.,80
14292,2014,Jan,28,28/01/2014,,16.34775,119.93375,A1,,1,Dinoflagellate,Protoperidinium depressum,DF-Protoperidinium depressum,240
14293,2014,Jan,28,28/01/2014,,16.34775,119.93375,A1,,1,Diatom,Thalassiosira spp.,D-Thalassiosira spp.,100
14294,2014,Jan,28,28/01/2014,,16.34775,119.93375,A1,,1,Silicoflagellate,Tintinopsis,SF-Tintinopsis,140
14295,2014,Jan,28,28/01/2014,,16.34775,119.93452,A2,,1,Dinoflagellate,Alexandrium spp.,DF-Alexandrium spp.,20
14296,2014,Jan,28,28/01/2014,,16.34775,119.93452,A2,,1,Diatom,Coscinodiscus spp.,D-Coscinodiscus spp.,20
14297,2014,Jan,28,28/01/2014,,16.34775,119.93452,A2,,1,Diatom,Navicula  spp.,D-Navicula  spp.,80
14298,2014,Jan,28,28/01/2014,,16.34775,119.93452,A2,,1,Diatom,Pseudonitzschia spp.,D-Pseudonitzschia spp.,60
14299,2014,Jan,28,28/01/2014,,16.34775,119.93452,A2,,1,Diatom,Rhizosolenia spp.,D-Rhizosolenia spp.,100
14300,2014,Jan,28,28/01/2014,,16.34775,119.93452,A2,,1,Diatom,Thalassionema spp.,D-Thalassionema spp.,20
14301,2014,Jan,28,28/01/2014,,16.33431,119.95731,A3,,1,Dinoflagellate,Alexandrium spp.,DF-Alexandrium spp.,440
14302,2014,Jan,28,28/01/2014,,16.33431,119.95731,A3,,1,Diatom,Amphora,D-Amphora,80
14303,2014,Jan,28,28/01/2014,,16.33431,119.95731,A3,,1,Dinoflagellate,Ceratium furca,DF-Ceratium furca,20
14304,2014,Jan,28,28/01/2014,,16.33431,119.95731,A3,,1,Diatom,Cocconeis sp.,D-Cocconeis sp.,40
14305,2014,Jan,28,28/01/2014,,16.33431,119.95731,A3,,1,Diatom,Ditylum sp.,D-Ditylum sp.,20
14306,2014,Jan,28,28/01/2014,,16.33431,119.95731,A3,,1,Dinoflagellate,Gonyaulax ,DF-Gonyaulax,100
14307,2014,Jan,28,28/01/2014,,16.33431,119.95731,A3,,1,Diatom,Navicula  spp.,D-Navicula  spp.,20
14308,2014,Jan,28,28/01/2014,,16.33431,119.95731,A3,,1,Dinoflagellate,Prorocentrum micans,DF-Prorocentrum micans,40
14309,2014,Jan,28,28/01/2014,,16.33431,119.95731,A3,,1,Dinoflagellate,Protoperidinium inflatum,DF-Protoperidinium inflatum,40
14310,2014,Jan,28,28/01/2014,,16.33431,119.95731,A3,,1,Dinoflagellate,Gonyaulax ,DF-Gonyaulax,60
14311,2014,Jan,28,28/01/2014,,16.33431,119.95731,A3,,1,Dinoflagellate,Protoperidinium spp.,DF-Protoperidinium spp.,160
14312,2014,Jan,28,28/01/2014,,16.33431,119.95731,A3,,1,Diatom,Rhizosolenia spp.,D-Rhizosolenia spp.,460
14313,2014,Jan,28,28/01/2014,,16.33431,119.95731,A3,,1,Dinoflagellate,Scrippsiella trochoidea,DF-Scrippsiella trochoidea,60
14314,2014,Jan,28,28/01/2014,,16.33431,119.95731,A3,,1,Diatom,Thalassionema spp.,D-Thalassionema spp.,60
14315,2014,Jan,28,28/01/2014,,16.33431,119.95731,A3,,1,Diatom,Thalassiosira spp.,D-Thalassiosira spp.,20
14316,2014,Jan,28,28/01/2014,,16.33431,119.95731,A3,,1,Silicoflagellate,Tintinopsis,SF-Tintinopsis,80
14317,2014,Jan,28,28/01/2014,,16.28459,119.92285,A4,,1,Dinoflagellate,Alexandrium spp.,DF-Alexandrium spp.,260
14318,2014,Jan,28,28/01/2014,,16.28459,119.92285,A4,,1,Diatom,Amphora,D-Amphora,40
14319,2014,Jan,28,28/01/2014,,16.28459,119.92285,A4,,1,Diatom,Cocconeis sp.,D-Cocconeis sp.,40
14320,2014,Jan,28,28/01/2014,,16.28459,119.92285,A4,,1,Dinoflagellate,Gonyaulax ,DF-Gonyaulax,20
14321,2014,Jan,28,28/01/2014,,16.28459,119.92285,A4,,1,Diatom,Navicula  spp.,D-Navicula  spp.,40
14322,2014,Jan,28,28/01/2014,,16.28459,119.92285,A4,,1,Diatom,Pleurosigma spp.,D-Pleurosigma spp.,40
14323,2014,Jan,28,28/01/2014,,16.28459,119.92285,A4,,1,Dinoflagellate,Prorocentrum micans,DF-Prorocentrum micans,220
14324,2014,Jan,28,28/01/2014,,16.28459,119.92285,A4,,1,Diatom,Rhizosolenia spp.,D-Rhizosolenia spp.,220
14325,2014,Jan,28,28/01/2014,,16.28459,119.92285,A4,,1,Dinoflagellate,Scrippsiella trochoidea,DF-Scrippsiella trochoidea,40
14326,2014,Jan,28,28/01/2014,,16.28459,119.92285,A4,,1,Diatom,Thalassionema spp.,D-Thalassionema spp.,500
14327,2014,Jan,28,28/01/2014,,16.28459,119.92285,A4,,1,Diatom,Thalassiosira spp.,D-Thalassiosira spp.,60
14328,2014,Jan,28,28/01/2014,,16.28459,119.92285,A4,,1,Silicoflagellate,Tintinopsis,SF-Tintinopsis,280
14329,2014,Jan,28,28/01/2014,,16.27365,119.92599,A5,,1,Dinoflagellate,Alexandrium spp.,DF-Alexandrium spp.,60
14330,2014,Jan,28,28/01/2014,,16.27365,119.92599,A5,,1,Diatom,Cocconeis sp.,D-Cocconeis sp.,80
14331,2014,Jan,28,28/01/2014,,16.27365,119.92599,A5,,1,Diatom,Ditylum sp.,D-Ditylum sp.,20
14332,2014,Jan,28,28/01/2014,,16.27365,119.92599,A5,,1,Diatom,Navicula  spp.,D-Navicula  spp.,60
14333,2014,Jan,28,28/01/2014,,16.27365,119.92599,A5,,1,Diatom,Pleurosigma spp.,D-Pleurosigma spp.,20
14334,2014,Jan,28,28/01/2014,,16.27365,119.92599,A5,,1,Dinoflagellate,Prorocentrum micans,DF-Prorocentrum micans,20
14335,2014,Jan,28,28/01/2014,,16.27365,119.92599,A5,,1,Diatom,Rhizosolenia spp.,D-Rhizosolenia spp.,180
14336,2014,Jan,28,28/01/2014,,16.27365,119.92599,A5,,1,Diatom,Thalassionema spp.,D-Thalassionema spp.,300
14337,2014,Jan,28,28/01/2014,,16.34927,119.94606,W1,,1,Dinoflagellate,Alexandrium spp.,DF-Alexandrium spp.,80
14338,2014,Jan,28,28/01/2014,,16.34927,119.94606,W1,,1,Diatom,Amphora,D-Amphora,20
14339,2014,Jan,28,28/01/2014,,16.34927,119.94606,W1,,1,Diatom,Navicula  spp.,D-Navicula  spp.,20
14340,2014,Jan,28,28/01/2014,,16.34927,119.94606,W1,,1,Dinoflagellate,Peridinium quinquecorne,DF-Peridinium quinquecorne,20
14341,2014,Jan,28,28/01/2014,,16.34927,119.94606,W1,,1,Diatom,Pleurosigma spp.,D-Pleurosigma spp.,60
14342,2014,Jan,28,28/01/2014,,16.34927,119.94606,W1,,1,Dinoflagellate,Protoperidinium spp.,DF-Protoperidinium spp.,20
14343,2014,Jan,28,28/01/2014,,16.34927,119.94606,W1,,1,Diatom,Rhizosolenia spp.,D-Rhizosolenia spp.,120
14344,2014,Jan,28,28/01/2014,,16.34927,119.94606,W1,,1,Diatom,Thalassionema spp.,D-Thalassionema spp.,40
14345,2014,Jan,28,28/01/2014,,16.34927,119.94606,W1,,1,Diatom,Thalassiosira spp.,D-Thalassiosira spp.,60
14346,2014,Jan,28,28/01/2014,,16.34927,119.94606,W1,,1,Silicoflagellate,Tintinopsis,SF-Tintinopsis,20
14347,2014,Jan,28,28/01/2014,,16.33668,119.94476,W2A,,1,Dinoflagellate,Alexandrium spp.,DF-Alexandrium spp.,260
14348,2014,Jan,28,28/01/2014,,16.33668,119.94476,W2A,,1,Diatom,Amphora,D-Amphora,20
14349,2014,Jan,28,28/01/2014,,16.33668,119.94476,W2A,,1,Diatom,Navicula  spp.,D-Navicula  spp.,80
14350,2014,Jan,28,28/01/2014,,16.33668,119.94476,W2A,,1,Dinoflagellate,Peridinium quinquecorne,DF-Peridinium quinquecorne,20
14351,2014,Jan,28,28/01/2014,,16.33668,119.94476,W2A,,1,Diatom,Pleurosigma spp.,D-Pleurosigma spp.,100
14352,2014,Jan,28,28/01/2014,,16.33668,119.94476,W2A,,1,Dinoflagellate,Prorocentrum micans,DF-Prorocentrum micans,20
14353,2014,Jan,28,28/01/2014,,16.33668,119.94476,W2A,,1,Diatom,Rhizosolenia spp.,D-Rhizosolenia spp.,140
14354,2014,Jan,28,28/01/2014,,16.33668,119.94476,W2A,,1,Diatom,Thalassionema spp.,D-Thalassionema spp.,100
14355,2014,Jan,28,28/01/2014,,16.33668,119.94476,W2A,,1,Silicoflagellate,Tintinopsis,SF-Tintinopsis,40
14356,2014,Jan,28,28/01/2014,,16.37073,119.93401,W3,,1,Diatom,Actinocyclus,D-Actinocyclus,20
14357,2014,Jan,28,28/01/2014,,16.37073,119.93401,W3,,1,Dinoflagellate,Alexandrium spp.,DF-Alexandrium spp.,1180
14358,2014,Jan,28,28/01/2014,,16.37073,119.93401,W3,,1,Diatom,Amphora,D-Amphora,40
14359,2014,Jan,28,28/01/2014,,16.37073,119.93401,W3,,1,Diatom,Cocconeis sp.,D-Cocconeis sp.,20
14360,2014,Jan,28,28/01/2014,,16.37073,119.93401,W3,,1,Diatom,Diploneis sp,D-Diploneis sp,20
14361,2014,Jan,28,28/01/2014,,16.37073,119.93401,W3,,1,Dinoflagellate,Gymnodinium,DF-Gymnodinium,60
14362,2014,Jan,28,28/01/2014,,16.37073,119.93401,W3,,1,Dinoflagellate,Peridinium quinquecorne,DF-Peridinium quinquecorne,40
14363,2014,Jan,28,28/01/2014,,16.37073,119.93401,W3,,1,Diatom,Pleurosigma spp.,D-Pleurosigma spp.,20
14364,2014,Jan,28,28/01/2014,,16.37073,119.93401,W3,,1,Dinoflagellate,Prorocentrum micans,DF-Prorocentrum micans,400
14365,2014,Jan,28,28/01/2014,,16.37073,119.93401,W3,,1,Dinoflagellate,Protoperidinium depressum,DF-Protoperidinium depressum,60
14366,2014,Jan,28,28/01/2014,,16.37073,119.93401,W3,,1,Dinoflagellate,Protoperidinium spp.,DF-Protoperidinium spp.,240
14367,2014,Jan,28,28/01/2014,,16.37073,119.93401,W3,,1,Diatom,Rhizosolenia spp.,D-Rhizosolenia spp.,340
14368,2014,Jan,28,28/01/2014,,16.37073,119.93401,W3,,1,Diatom,Thalassionema spp.,D-Thalassionema spp.,240
14369,2014,Jan,28,28/01/2014,,16.37073,119.93401,W3,,1,Diatom,Thalassiosira spp.,D-Thalassiosira spp.,200
14370,2014,Jan,28,28/01/2014,,16.37073,119.93401,W3,,1,Silicoflagellate,Tintinopsis,SF-Tintinopsis,80
14371,2014,Jan,28,28/01/2014,,16.37073,119.93401,W3,,NB,Dinoflagellate,Alexandrium spp.,DF-Alexandrium spp.,180
14372,2014,Jan,28,28/01/2014,,16.37073,119.93401,W3,,NB,Diatom,Amphora,D-Amphora,60
14373,2014,Jan,28,28/01/2014,,16.37073,119.93401,W3,,NB,Diatom,Navicula  spp.,D-Navicula  spp.,20
14374,2014,Jan,28,28/01/2014,,16.37073,119.93401,W3,,NB,Dinoflagellate,Prorocentrum micans,DF-Prorocentrum micans,40
14375,2014,Jan,28,28/01/2014,,16.37073,119.93401,W3,,NB,Dinoflagellate,Protoperidinium spp.,DF-Protoperidinium spp.,60
14376,2014,Jan,28,28/01/2014,,16.37073,119.93401,W3,,NB,Diatom,Thalassionema spp.,D-Thalassionema spp.,300
14377,2014,Jan,28,28/01/2014,,16.37073,119.93401,W3,,NB,Diatom,Thalassiosira spp.,D-Thalassiosira spp.,240
14378,2014,Jan,28,28/01/2014,,16.37073,119.93401,W3,,NB,Silicoflagellate,Tintinopsis,SF-Tintinopsis,100
14379,2014,Jan,28,28/01/2014,,16.32003,119.93384,W8,,1,Diatom,Actinocyclus,D-Actinocyclus,80
14380,2014,Jan,28,28/01/2014,,16.32003,119.93384,W8,,1,Dinoflagellate,Alexandrium spp.,DF-Alexandrium spp.,240
14381,2014,Jan,28,28/01/2014,,16.32003,119.93384,W8,,1,Diatom,Amphora,D-Amphora,40
14382,2014,Jan,28,28/01/2014,,16.32003,119.93384,W8,,1,Diatom,Coscinodiscus spp.,D-Coscinodiscus spp.,40
14383,2014,Jan,28,28/01/2014,,16.32003,119.93384,W8,,1,Diatom,Navicula  spp.,D-Navicula  spp.,60
14384,2014,Jan,28,28/01/2014,,16.32003,119.93384,W8,,1,Diatom,Pleurosigma spp.,D-Pleurosigma spp.,60
14385,2014,Jan,28,28/01/2014,,16.32003,119.93384,W8,,1,Dinoflagellate,Prorocentrum micans,DF-Prorocentrum micans,580
14386,2014,Jan,28,28/01/2014,,16.32003,119.93384,W8,,1,Dinoflagellate,Protoperidinium spp.,DF-Protoperidinium spp.,240
14387,2014,Jan,28,28/01/2014,,16.32003,119.93384,W8,,1,Diatom,Thalassionema spp.,D-Thalassionema spp.,120
14388,2014,Jan,28,28/01/2014,,16.32003,119.93384,W8,,1,Diatom,Thalassiosira spp.,D-Thalassiosira spp.,160
14389,2014,Jan,28,28/01/2014,,16.32003,119.93384,W8,,1,Silicoflagellate,Tintinopsis,SF-Tintinopsis,160
14390,2014,Jan,28,28/01/2014,,16.34775,119.93452,W9,,1,Diatom,Actinocyclus,D-Actinocyclus,60
14391,2014,Jan,28,28/01/2014,,16.34775,119.93452,W9,,1,Dinoflagellate,Alexandrium spp.,DF-Alexandrium spp.,540
14392,2014,Jan,28,28/01/2014,,16.34775,119.93452,W9,,1,Diatom,Ditylum sp.,D-Ditylum sp.,20
14393,2014,Jan,28,28/01/2014,,16.34775,119.93452,W9,,1,Diatom,Leptocylindrus spp.,D-Leptocylindrus spp.,40
14394,2014,Jan,28,28/01/2014,,16.34775,119.93452,W9,,1,Diatom,Navicula  spp.,D-Navicula  spp.,20
14395,2014,Jan,28,28/01/2014,,16.34775,119.93452,W9,,1,Diatom,Pleurosigma spp.,D-Pleurosigma spp.,40
14396,2014,Jan,28,28/01/2014,,16.34775,119.93452,W9,,1,Dinoflagellate,Prorocentrum micans,DF-Prorocentrum micans,280
14397,2014,Jan,28,28/01/2014,,16.34775,119.93452,W9,,1,Dinoflagellate,Protoperidinium oblongum,DF-Protoperidinium oblongum,20
14398,2014,Jan,28,28/01/2014,,16.34775,119.93452,W9,,1,Dinoflagellate,Protoperidinium spp.,DF-Protoperidinium spp.,240
14399,2014,Jan,28,28/01/2014,,16.34775,119.93452,W9,,1,Dinoflagellate,Scrippsiella trochoidea,DF-Scrippsiella trochoidea,60
14400,2014,Jan,28,28/01/2014,,16.34775,119.93452,W9,,1,Diatom,Thalassionema spp.,D-Thalassionema spp.,200
14401,2014,Jan,28,28/01/2014,,16.34775,119.93452,W9,,1,Diatom,Thalassiosira spp.,D-Thalassiosira spp.,260
14402,2014,Jan,28,28/01/2014,,16.34775,119.93452,W9,,1,Silicoflagellate,Tintinopsis,SF-Tintinopsis,180
14403,2014,Jan,28,28/01/2014,,16.37052,119.94857,W10,,1,Diatom,Actinocyclus,D-Actinocyclus,80
14404,2014,Jan,28,28/01/2014,,16.37052,119.94857,W10,,1,Dinoflagellate,Alexandrium spp.,DF-Alexandrium spp.,320
14405,2014,Jan,28,28/01/2014,,16.37052,119.94857,W10,,1,Diatom,Amphora,D-Amphora,280
14406,2014,Jan,28,28/01/2014,,16.37052,119.94857,W10,,1,Diatom,Cocconeis sp.,D-Cocconeis sp.,20
14407,2014,Jan,28,28/01/2014,,16.37052,119.94857,W10,,1,Diatom,Coscinodiscus spp.,D-Coscinodiscus spp.,140
14408,2014,Jan,28,28/01/2014,,16.37052,119.94857,W10,,1,Diatom,Navicula  spp.,D-Navicula  spp.,240
14409,2014,Jan,28,28/01/2014,,16.37052,119.94857,W10,,1,Diatom,Pleurosigma spp.,D-Pleurosigma spp.,100
14410,2014,Jan,28,28/01/2014,,16.37052,119.94857,W10,,1,Dinoflagellate,Prorocentrum micans,DF-Prorocentrum micans,40
14411,2014,Jan,28,28/01/2014,,16.37052,119.94857,W10,,1,Dinoflagellate,Protoperidinium oblongum,DF-Protoperidinium oblongum,60
14412,2014,Jan,28,28/01/2014,,16.37052,119.94857,W10,,1,Dinoflagellate,Protoperidinium spp.,DF-Protoperidinium spp.,20
14413,2014,Jan,28,28/01/2014,,16.37052,119.94857,W10,,1,Diatom,Thalassionema spp.,D-Thalassionema spp.,60
14414,2014,Jan,28,28/01/2014,,16.37052,119.94857,W10,,1,Diatom,Thalassiosira spp.,D-Thalassiosira spp.,440
14415,2014,Jan,28,28/01/2014,,16.37052,119.94857,W10,,1,Silicoflagellate,Tintinopsis,SF-Tintinopsis,40
14416,2014,Jan,28,28/01/2014,,16.38326,119.92616,W11,,1,Dinoflagellate,Alexandrium spp.,DF-Alexandrium spp.,340
14417,2014,Jan,28,28/01/2014,,16.38326,119.92616,W11,,1,Diatom,Amphora,D-Amphora,100
14418,2014,Jan,28,28/01/2014,,16.38326,119.92616,W11,,1,Diatom,Cocconeis sp.,D-Cocconeis sp.,20
14419,2014,Jan,28,28/01/2014,,16.38326,119.92616,W11,,1,Dinoflagellate,Prorocentrum micans,DF-Prorocentrum micans,220
14420,2014,Jan,28,28/01/2014,,16.38326,119.92616,W11,,1,Dinoflagellate,Protoperidinium spp.,DF-Protoperidinium spp.,140
14421,2014,Jan,28,28/01/2014,,16.38326,119.92616,W11,,1,Diatom,Thalassiosira spp.,D-Thalassiosira spp.,100
14422,2014,Jan,28,28/01/2014,,16.38326,119.92616,W11,,NB,Dinoflagellate,Alexandrium spp.,DF-Alexandrium spp.,140
14423,2014,Jan,28,28/01/2014,,16.38326,119.92616,W11,,NB,Diatom,Amphora,D-Amphora,40
14424,2014,Jan,28,28/01/2014,,16.38326,119.92616,W11,,NB,Diatom,Navicula  spp.,D-Navicula  spp.,20
14425,2014,Jan,28,28/01/2014,,16.38326,119.92616,W11,,NB,Diatom,Pleurosigma spp.,D-Pleurosigma spp.,20
14426,2014,Jan,28,28/01/2014,,16.38326,119.92616,W11,,NB,Dinoflagellate,Prorocentrum micans,DF-Prorocentrum micans,60
14427,2014,Jan,28,28/01/2014,,16.38326,119.92616,W11,,NB,Dinoflagellate,Protoperidinium spp.,DF-Protoperidinium spp.,40
14428,2014,Jan,28,28/01/2014,,16.38326,119.92616,W11,,NB,Diatom,Thalassionema spp.,D-Thalassionema spp.,120
14429,2014,Jan,28,28/01/2014,,16.38326,119.92616,W11,,NB,Diatom,Thalassiosira spp.,D-Thalassiosira spp.,20
14430,2014,Jan,28,28/01/2014,,16.38326,119.92616,W11,,NB,Silicoflagellate,Tintinopsis,SF-Tintinopsis,40
14431,2014,Jan,28,28/01/2014,,16.30944,119.92063,TS1,,1,Dinoflagellate,Alexandrium spp.,DF-Alexandrium spp.,340
14432,2014,Jan,28,28/01/2014,,16.30944,119.92063,TS1,,1,Diatom,Cocconeis sp.,D-Cocconeis sp.,40
14433,2014,Jan,28,28/01/2014,,16.30944,119.92063,TS1,,1,Diatom,Navicula  spp.,D-Navicula  spp.,60
14434,2014,Jan,28,28/01/2014,,16.30944,119.92063,TS1,,1,Dinoflagellate,Prorocentrum micans,DF-Prorocentrum micans,220
14435,2014,Jan,28,28/01/2014,,16.30944,119.92063,TS1,,1,Dinoflagellate,Prorocentrum mexicanum,DF-Prorocentrum mexicanum,40
14436,2014,Jan,28,28/01/2014,,16.30944,119.92063,TS1,,1,Diatom,Thalassionema spp.,D-Thalassionema spp.,240
14437,2014,Jan,28,28/01/2014,,16.30944,119.92063,TS1,,1,Diatom,Thalassiosira spp.,D-Thalassiosira spp.,120
14438,2014,Jan,28,28/01/2014,,16.30944,119.92063,TS1,,1,Silicoflagellate,Tintinopsis,SF-Tintinopsis,560
14439,2014,Jan,28,28/01/2014,,16.30944,119.92063,TS1,,NB,Dinoflagellate,Alexandrium spp.,DF-Alexandrium spp.,1680
14440,2014,Jan,28,28/01/2014,,16.30944,119.92063,TS1,,NB,Diatom,Amphora,D-Amphora,20
14441,2014,Jan,28,28/01/2014,,16.30944,119.92063,TS1,,NB,Diatom,Coscinodiscus spp.,D-Coscinodiscus spp.,40
14442,2014,Jan,28,28/01/2014,,16.30944,119.92063,TS1,,NB,Diatom,Diploneis sp,D-Diploneis sp,20
14443,2014,Jan,28,28/01/2014,,16.30944,119.92063,TS1,,NB,Dinoflagellate,Gonyaulax ,DF-Gonyaulax,60
14444,2014,Jan,28,28/01/2014,,16.30944,119.92063,TS1,,NB,Diatom,Navicula  spp.,D-Navicula  spp.,20
14445,2014,Jan,28,28/01/2014,,16.30944,119.92063,TS1,,NB,Diatom,Pleurosigma spp.,D-Pleurosigma spp.,180
14446,2014,Jan,28,28/01/2014,,16.30944,119.92063,TS1,,NB,Dinoflagellate,Prorocentrum micans,DF-Prorocentrum micans,240
14447,2014,Jan,28,28/01/2014,,16.30944,119.92063,TS1,,NB,Dinoflagellate,Protoperidinium spp.,DF-Protoperidinium spp.,160
14448,2014,Jan,28,28/01/2014,,16.30944,119.92063,TS1,,NB,Diatom,Thalassionema spp.,D-Thalassionema spp.,940
14449,2014,Jan,28,28/01/2014,,16.30944,119.92063,TS1,,NB,Diatom,Thalassiosira spp.,D-Thalassiosira spp.,80
14450,2014,Jan,28,28/01/2014,,16.30944,119.92063,TS1,,NB,Silicoflagellate,Tintinopsis,SF-Tintinopsis,280
14451,2014,Jan,28,28/01/2014,,16.38339,119.91585,TS2,,1,Dinoflagellate,Alexandrium spp.,DF-Alexandrium spp.,220
14452,2014,Jan,28,28/01/2014,,16.38339,119.91585,TS2,,1,Diatom,Amphora,D-Amphora,20
14453,2014,Jan,28,28/01/2014,,16.38339,119.91585,TS2,,1,Dinoflagellate,Ceratium furca,DF-Ceratium furca,60
14454,2014,Jan,28,28/01/2014,,16.38339,119.91585,TS2,,1,Diatom,Navicula  spp.,D-Navicula  spp.,20
14455,2014,Jan,28,28/01/2014,,16.38339,119.91585,TS2,,1,Dinoflagellate,Prorocentrum micans,DF-Prorocentrum micans,340
14456,2014,Jan,28,28/01/2014,,16.38339,119.91585,TS2,,1,Dinoflagellate,Protoperidinium oblongum,DF-Protoperidinium oblongum,20
14457,2014,Jan,28,28/01/2014,,16.38339,119.91585,TS2,,1,Dinoflagellate,Protoperidinium pallidum,DF-Protoperidinium pallidum,20
14458,2014,Jan,28,28/01/2014,,16.38339,119.91585,TS2,,1,Dinoflagellate,Protoperidinium spp.,DF-Protoperidinium spp.,80
14459,2014,Jan,28,28/01/2014,,16.38339,119.91585,TS2,,1,Diatom,Thalassionema spp.,D-Thalassionema spp.,40
14460,2014,Jan,28,28/01/2014,,16.38339,119.91585,TS2,,1,Silicoflagellate,Tintinopsis,SF-Tintinopsis,20
14461,2014,Jan,28,28/01/2014,,16.38339,119.91585,TS2,,NB,Dinoflagellate,Alexandrium spp.,DF-Alexandrium spp.,320
14462,2014,Jan,28,28/01/2014,,16.38339,119.91585,TS2,,NB,Diatom,Amphora,D-Amphora,60
14463,2014,Jan,28,28/01/2014,,16.38339,119.91585,TS2,,NB,Diatom,Cocconeis sp.,D-Cocconeis sp.,20
14464,2014,Jan,28,28/01/2014,,16.38339,119.91585,TS2,,NB,Diatom,Coscinodiscus spp.,D-Coscinodiscus spp.,40
14465,2014,Jan,28,28/01/2014,,16.38339,119.91585,TS2,,NB,Diatom,Navicula  spp.,D-Navicula  spp.,40
14466,2014,Jan,28,28/01/2014,,16.38339,119.91585,TS2,,NB,Diatom,Pleurosigma spp.,D-Pleurosigma spp.,60
14467,2014,Jan,28,28/01/2014,,16.38339,119.91585,TS2,,NB,Dinoflagellate,Prorocentrum micans,DF-Prorocentrum micans,60
14468,2014,Jan,28,28/01/2014,,16.38339,119.91585,TS2,,NB,Dinoflagellate,Protoperidinium spp.,DF-Protoperidinium spp.,40
14469,2014,Jan,28,28/01/2014,,16.38339,119.91585,TS2,,NB,Diatom,Thalassionema spp.,D-Thalassionema spp.,180
14470,2014,Jan,28,28/01/2014,,16.38339,119.91585,TS2,,NB,Diatom,Thalassiosira spp.,D-Thalassiosira spp.,160
14471,2014,Jan,28,28/01/2014,,16.38339,119.91585,TS2,,NB,Silicoflagellate,Tintinopsis,SF-Tintinopsis,40
14472,2014,Jan,28,28/01/2014,,16.35572,119.93677,LJC9,,1,Dinoflagellate,Alexandrium spp.,DF-Alexandrium spp.,260
14473,2014,Jan,28,28/01/2014,,16.35572,119.93677,LJC9,,1,Diatom,Amphora,D-Amphora,40
14474,2014,Jan,28,28/01/2014,,16.35572,119.93677,LJC9,,1,Diatom,Coscinodiscus spp.,D-Coscinodiscus spp.,20
14475,2014,Jan,28,28/01/2014,,16.35572,119.93677,LJC9,,1,Diatom,Navicula  spp.,D-Navicula  spp.,40
14476,2014,Jan,28,28/01/2014,,16.35572,119.93677,LJC9,,1,Diatom,Pleurosigma spp.,D-Pleurosigma spp.,20
14477,2014,Jan,28,28/01/2014,,16.35572,119.93677,LJC9,,1,Dinoflagellate,Prorocentrum micans,DF-Prorocentrum micans,40
14478,2014,Jan,28,28/01/2014,,16.35572,119.93677,LJC9,,1,Dinoflagellate,Protoperidinium spp.,DF-Protoperidinium spp.,20
14479,2014,Jan,28,28/01/2014,,16.35572,119.93677,LJC9,,1,Diatom,Thalassionema spp.,D-Thalassionema spp.,40
14480,2014,Jan,28,28/01/2014,,16.35572,119.93677,LJC9,,1,Diatom,Thalassiosira spp.,D-Thalassiosira spp.,120
14481,2014,Jan,28,28/01/2014,,16.35572,119.93677,LJC9,,1,Silicoflagellate,Tintinopsis,SF-Tintinopsis,100
14482,2014,Jan,28,28/01/2014,,16.39578,119.90667,RVA3,,1,Dinoflagellate,Alexandrium spp.,DF-Alexandrium spp.,360
14483,2014,Jan,28,28/01/2014,,16.39578,119.90667,RVA3,,1,Dinoflagellate,Ceratium furca,DF-Ceratium furca,20
14484,2014,Jan,28,28/01/2014,,16.39578,119.90667,RVA3,,1,Diatom,Navicula  spp.,D-Navicula  spp.,20
14485,2014,Jan,28,28/01/2014,,16.39578,119.90667,RVA3,,1,Dinoflagellate,Prorocentrum micans,DF-Prorocentrum micans,100
14486,2014,Jan,28,28/01/2014,,16.39578,119.90667,RVA3,,1,Dinoflagellate,Protoperidinium spp.,DF-Protoperidinium spp.,20
14487,2014,Jan,28,28/01/2014,,16.39578,119.90667,RVA3,,NB,Dinoflagellate,Alexandrium spp.,DF-Alexandrium spp.,460
14488,2014,Jan,28,28/01/2014,,16.39578,119.90667,RVA3,,NB,Diatom,Coscinodiscus spp.,D-Coscinodiscus spp.,20
14489,2014,Jan,28,28/01/2014,,16.39578,119.90667,RVA3,,NB,Diatom,Navicula  spp.,D-Navicula  spp.,40
14490,2014,Jan,28,28/01/2014,,16.39578,119.90667,RVA3,,NB,Diatom,Pleurosigma spp.,D-Pleurosigma spp.,40
14491,2014,Jan,28,28/01/2014,,16.39578,119.90667,RVA3,,NB,Dinoflagellate,Prorocentrum micans,DF-Prorocentrum micans,60
14492,2014,Jan,28,28/01/2014,,16.39578,119.90667,RVA3,,NB,Dinoflagellate,Protoperidinium spp.,DF-Protoperidinium spp.,60
14493,2014,Jan,28,28/01/2014,,16.39578,119.90667,RVA3,,NB,Diatom,Thalassionema spp.,D-Thalassionema spp.,160
14494,2014,Feb,26,26/02/2014,,16.34775,119.93375,A1,,1,Dinoflagellate,Alexandrium spp.,DF-Alexandrium spp.,140
14495,2014,Feb,26,26/02/2014,,16.34775,119.93375,A1,,1,Diatom,Coscinodiscus spp.,D-Coscinodiscus spp.,320
14496,2014,Feb,26,26/02/2014,,16.34775,119.93375,A1,,1,Diatom,Navicula  spp.,D-Navicula  spp.,20
14497,2014,Feb,26,26/02/2014,,16.34775,119.93375,A1,,1,Diatom,Melosira,D-Melosira,60
14498,2014,Feb,26,26/02/2014,,16.34775,119.93375,A1,,1,Dinoflagellate,Prorocentrum micans,DF-Prorocentrum micans,20
14499,2014,Feb,26,26/02/2014,,16.34775,119.93375,A1,,1,Diatom,Rhizosolenia spp.,D-Rhizosolenia spp.,20
14500,2014,Feb,26,26/02/2014,,16.34775,119.93375,A1,,1,Diatom,Skeletonema,D-Skeletonema,300
14501,2014,Feb,26,26/02/2014,,16.34775,119.93375,A1,,1,Diatom,Thalassionema spp.,D-Thalassionema spp.,40
14502,2014,Feb,26,26/02/2014,,16.34775,119.93375,A1,,1,Diatom,Thalassiosira spp.,D-Thalassiosira spp.,140
14503,2014,Feb,26,26/02/2014,,16.34775,119.93375,A1,,1,Silicoflagellate,Tintinopsis,SF-Tintinopsis,400
14504,2014,Feb,26,26/02/2014,,16.34775,119.93452,A2,,1,Diatom,Actinocyclus,D-Actinocyclus,180
14505,2014,Feb,26,26/02/2014,,16.34775,119.93452,A2,,1,Dinoflagellate,Alexandrium spp.,DF-Alexandrium spp.,4480
14506,2014,Feb,26,26/02/2014,,16.34775,119.93452,A2,,1,Diatom,Amphora,D-Amphora,20
14507,2014,Feb,26,26/02/2014,,16.34775,119.93452,A2,,1,Diatom,Coscinodiscus spp.,D-Coscinodiscus spp.,260
14508,2014,Feb,26,26/02/2014,,16.34775,119.93452,A2,,1,Diatom,Diploneis sp,D-Diploneis sp,20
14509,2014,Feb,26,26/02/2014,,16.34775,119.93452,A2,,1,Diatom,Leptocylindrus spp.,D-Leptocylindrus spp.,620
14510,2014,Feb,26,26/02/2014,,16.34775,119.93452,A2,,1,Diatom,Navicula  spp.,D-Navicula  spp.,320
14511,2014,Feb,26,26/02/2014,,16.34775,119.93452,A2,,1,Diatom,Pleurosigma spp.,D-Pleurosigma spp.,180
14512,2014,Feb,26,26/02/2014,,16.34775,119.93452,A2,,1,Dinoflagellate,Prorocentrum micans,DF-Prorocentrum micans,20
14513,2014,Feb,26,26/02/2014,,16.34775,119.93452,A2,,1,Diatom,Rhizosolenia spp.,D-Rhizosolenia spp.,20
14514,2014,Feb,26,26/02/2014,,16.34775,119.93452,A2,,1,Diatom,Skeletonema,D-Skeletonema,3420
14515,2014,Feb,26,26/02/2014,,16.34775,119.93452,A2,,1,Diatom,Thalassionema spp.,D-Thalassionema spp.,2360
14516,2014,Feb,26,26/02/2014,,16.34775,119.93452,A2,,1,Diatom,Thalassiosira spp.,D-Thalassiosira spp.,660
14517,2014,Feb,26,26/02/2014,,16.34775,119.93452,A2,,1,Silicoflagellate,Tintinopsis,SF-Tintinopsis,140
14518,2014,Feb,26,26/02/2014,,16.33431,119.95731,A3,,1,Dinoflagellate,Alexandrium spp.,DF-Alexandrium spp.,540
14519,2014,Feb,26,26/02/2014,,16.33431,119.95731,A3,,1,Diatom,Amphora,D-Amphora,60
14520,2014,Feb,26,26/02/2014,,16.33431,119.95731,A3,,1,Diatom,Chaetoceros spp.,D-Chaetoceros spp.,200
14521,2014,Feb,26,26/02/2014,,16.33431,119.95731,A3,,1,Diatom,Cocconeis sp.,D-Cocconeis sp.,300
14522,2014,Feb,26,26/02/2014,,16.33431,119.95731,A3,,1,Diatom,Coscinodiscus spp.,D-Coscinodiscus spp.,720
14523,2014,Feb,26,26/02/2014,,16.33431,119.95731,A3,,1,Diatom,Ditylum sp.,D-Ditylum sp.,20
14524,2014,Feb,26,26/02/2014,,16.33431,119.95731,A3,,1,Dinoflagellate,Gymnodinium,DF-Gymnodinium,140
14525,2014,Feb,26,26/02/2014,,16.33431,119.95731,A3,,1,Diatom,Leptocylindrus spp.,D-Leptocylindrus spp.,60
14526,2014,Feb,26,26/02/2014,,16.33431,119.95731,A3,,1,Diatom,Navicula  spp.,D-Navicula  spp.,40
14527,2014,Feb,26,26/02/2014,,16.33431,119.95731,A3,,1,Diatom,Odontella spp.,D-Odontella spp.,120
14528,2014,Feb,26,26/02/2014,,16.33431,119.95731,A3,,1,Diatom,Pleurosigma spp.,D-Pleurosigma spp.,100
14529,2014,Feb,26,26/02/2014,,16.33431,119.95731,A3,,1,Dinoflagellate,Prorocentrum micans,DF-Prorocentrum micans,20
14530,2014,Feb,26,26/02/2014,,16.33431,119.95731,A3,,1,Diatom,Rhizosolenia spp.,D-Rhizosolenia spp.,140
14531,2014,Feb,26,26/02/2014,,16.33431,119.95731,A3,,1,Diatom,Skeletonema,D-Skeletonema,1060
14532,2014,Feb,26,26/02/2014,,16.33431,119.95731,A3,,1,Diatom,Thalassionema spp.,D-Thalassionema spp.,200
14533,2014,Feb,26,26/02/2014,,16.33431,119.95731,A3,,1,Diatom,Thalassiosira spp.,D-Thalassiosira spp.,880
14534,2014,Feb,26,26/02/2014,,16.33431,119.95731,A3,,1,Cyanobacteria,Trichodesmium sp.,CYN-Trichodesmium sp.,20
14535,2014,Feb,26,26/02/2014,,16.28459,119.92285,A4,,1,Dinoflagellate,Alexandrium spp.,DF-Alexandrium spp.,1780
14536,2014,Feb,26,26/02/2014,,16.28459,119.92285,A4,,1,Diatom,Amphora,D-Amphora,20
14537,2014,Feb,26,26/02/2014,,16.28459,119.92285,A4,,1,Diatom,Cocconeis sp.,D-Cocconeis sp.,20
14538,2014,Feb,26,26/02/2014,,16.28459,119.92285,A4,,1,Diatom,Ditylum sp.,D-Ditylum sp.,20
14539,2014,Feb,26,26/02/2014,,16.28459,119.92285,A4,,1,Diatom,Leptocylindrus spp.,D-Leptocylindrus spp.,60
14540,2014,Feb,26,26/02/2014,,16.28459,119.92285,A4,,1,Diatom,Navicula  spp.,D-Navicula  spp.,20
14541,2014,Feb,26,26/02/2014,,16.28459,119.92285,A4,,1,Dinoflagellate,Prorocentrum micans,DF-Prorocentrum micans,120
14542,2014,Feb,26,26/02/2014,,16.28459,119.92285,A4,,1,Dinoflagellate,Protoperidinium spp.,DF-Protoperidinium spp.,60
14543,2014,Feb,26,26/02/2014,,16.28459,119.92285,A4,,1,Diatom,Thalassionema spp.,D-Thalassionema spp.,1520
14544,2014,Feb,26,26/02/2014,,16.28459,119.92285,A4,,1,Diatom,Thalassiosira spp.,D-Thalassiosira spp.,80
14545,2014,Feb,26,26/02/2014,,16.28459,119.92285,A4,,1,Silicoflagellate,Tintinopsis,SF-Tintinopsis,680
14546,2014,Feb,26,26/02/2014,,16.27365,119.92599,A5,,1,Dinoflagellate,Alexandrium spp.,DF-Alexandrium spp.,1120
14547,2014,Feb,26,26/02/2014,,16.27365,119.92599,A5,,1,Diatom,Cocconeis sp.,D-Cocconeis sp.,120
14548,2014,Feb,26,26/02/2014,,16.27365,119.92599,A5,,1,Diatom,Coscinodiscus spp.,D-Coscinodiscus spp.,40
14549,2014,Feb,26,26/02/2014,,16.27365,119.92599,A5,,1,Diatom,Navicula  spp.,D-Navicula  spp.,20
14550,2014,Feb,26,26/02/2014,,16.27365,119.92599,A5,,1,Dinoflagellate,Prorocentrum micans,DF-Prorocentrum micans,100
14551,2014,Feb,26,26/02/2014,,16.27365,119.92599,A5,,1,Diatom,Thalassionema spp.,D-Thalassionema spp.,1520
14552,2014,Feb,26,26/02/2014,,16.27365,119.92599,A5,,1,Diatom,Thalassiosira spp.,D-Thalassiosira spp.,400
14553,2014,Feb,26,26/02/2014,,16.27365,119.92599,A5,,1,Silicoflagellate,Tintinopsis,SF-Tintinopsis,180
14554,2014,Feb,26,26/02/2014,,16.34927,119.94606,W1,,1,Dinoflagellate,Alexandrium spp.,DF-Alexandrium spp.,180
14555,2014,Feb,26,26/02/2014,,16.34927,119.94606,W1,,1,Diatom,Amphora,D-Amphora,460
14556,2014,Feb,26,26/02/2014,,16.34927,119.94606,W1,,1,Diatom,Chaetoceros spp.,D-Chaetoceros spp.,820
14557,2014,Feb,26,26/02/2014,,16.34927,119.94606,W1,,1,Diatom,Coscinodiscus spp.,D-Coscinodiscus spp.,40
14558,2014,Feb,26,26/02/2014,,16.34927,119.94606,W1,,1,Diatom,Cylindricotheca closterium,D-Cylindricotheca closterium,2480
14559,2014,Feb,26,26/02/2014,,16.34927,119.94606,W1,,1,Diatom,Ditylum sp.,D-Ditylum sp.,60
14560,2014,Feb,26,26/02/2014,,16.34927,119.94606,W1,,1,Diatom,Ceratulina,D-Ceratulina,1120
14561,2014,Feb,26,26/02/2014,,16.34927,119.94606,W1,,1,Diatom,Eucampia spp.,D-Eucampia spp.,2760
14562,2014,Feb,26,26/02/2014,,16.34927,119.94606,W1,,1,Diatom,Leptocylindrus spp.,D-Leptocylindrus spp.,560
14563,2014,Feb,26,26/02/2014,,16.34927,119.94606,W1,,1,Diatom,Navicula  spp.,D-Navicula  spp.,1120
14564,2014,Feb,26,26/02/2014,,16.34927,119.94606,W1,,1,Diatom,Odontella spp.,D-Odontella spp.,20
14565,2014,Feb,26,26/02/2014,,16.34927,119.94606,W1,,1,Diatom,Pleurosigma spp.,D-Pleurosigma spp.,220
14566,2014,Feb,26,26/02/2014,,16.34927,119.94606,W1,,1,Dinoflagellate,Prorocentrum micans,DF-Prorocentrum micans,20
14567,2014,Feb,26,26/02/2014,,16.34927,119.94606,W1,,1,Dinoflagellate,Protoperidinium spp.,DF-Protoperidinium spp.,20
14568,2014,Feb,26,26/02/2014,,16.34927,119.94606,W1,,1,Diatom,Rhizosolenia spp.,D-Rhizosolenia spp.,6640
14569,2014,Feb,26,26/02/2014,,16.34927,119.94606,W1,,1,Diatom,Skeletonema,D-Skeletonema,68360
14570,2014,Feb,26,26/02/2014,,16.34927,119.94606,W1,,1,Diatom,Thalassionema spp.,D-Thalassionema spp.,1860
14571,2014,Feb,26,26/02/2014,,16.34927,119.94606,W1,,1,Diatom,Thalassiosira spp.,D-Thalassiosira spp.,2480
14572,2014,Feb,26,26/02/2014,,16.34927,119.94606,W1,,1,Silicoflagellate,Tintinopsis,SF-Tintinopsis,100
14573,2014,Feb,26,26/02/2014,,16.34927,119.94606,W1,,1,Diatom,Trachyneis,D-Trachyneis,20
14574,2014,Feb,26,26/02/2014,,16.33668,119.94476,W2A,,1,Dinoflagellate,Alexandrium spp.,DF-Alexandrium spp.,160
14575,2014,Feb,26,26/02/2014,,16.33668,119.94476,W2A,,1,Diatom,Coscinodiscus spp.,D-Coscinodiscus spp.,180
14576,2014,Feb,26,26/02/2014,,16.33668,119.94476,W2A,,1,Diatom,Cylindricotheca closterium,D-Cylindricotheca closterium,240
14577,2014,Feb,26,26/02/2014,,16.33668,119.94476,W2A,,1,Diatom,Guinardia,D-Guinardia,420
14578,2014,Feb,26,26/02/2014,,16.33668,119.94476,W2A,,1,Diatom,Hemiaulus,D-Hemiaulus,280
14579,2014,Feb,26,26/02/2014,,16.33668,119.94476,W2A,,1,Diatom,Navicula  spp.,D-Navicula  spp.,100
14580,2014,Feb,26,26/02/2014,,16.33668,119.94476,W2A,,1,Diatom,Pleurosigma spp.,D-Pleurosigma spp.,100
14581,2014,Feb,26,26/02/2014,,16.33668,119.94476,W2A,,1,Dinoflagellate,Prorocentrum micans,DF-Prorocentrum micans,140
14582,2014,Feb,26,26/02/2014,,16.33668,119.94476,W2A,,1,Dinoflagellate,Protoperidinium spp.,DF-Protoperidinium spp.,40
14583,2014,Feb,26,26/02/2014,,16.33668,119.94476,W2A,,1,Diatom,Rhizosolenia spp.,D-Rhizosolenia spp.,1140
14584,2014,Feb,26,26/02/2014,,16.33668,119.94476,W2A,,1,Diatom,Skeletonema,D-Skeletonema,23620
14585,2014,Feb,26,26/02/2014,,16.33668,119.94476,W2A,,1,Diatom,Thalassionema spp.,D-Thalassionema spp.,620
14586,2014,Feb,26,26/02/2014,,16.33668,119.94476,W2A,,1,Diatom,Thalassiosira spp.,D-Thalassiosira spp.,360
14587,2014,Feb,26,26/02/2014,,16.33668,119.94476,W2A,,1,Silicoflagellate,Tintinopsis,SF-Tintinopsis,60
14588,2014,Feb,26,26/02/2014,,16.37073,119.93401,W3,,1,Dinoflagellate,Ceratium fusus,DF-Ceratium fusus,20
14589,2014,Feb,26,26/02/2014,,16.37073,119.93401,W3,,1,Diatom,Coscinodiscus spp.,D-Coscinodiscus spp.,180
14590,2014,Feb,26,26/02/2014,,16.37073,119.93401,W3,,1,Diatom,Cylindricotheca closterium,D-Cylindricotheca closterium,200
14591,2014,Feb,26,26/02/2014,,16.37073,119.93401,W3,,1,Diatom,Guinardia,D-Guinardia,460
14592,2014,Feb,26,26/02/2014,,16.37073,119.93401,W3,,1,Diatom,Navicula  spp.,D-Navicula  spp.,40
14593,2014,Feb,26,26/02/2014,,16.37073,119.93401,W3,,1,Diatom,Odontella spp.,D-Odontella spp.,20
14594,2014,Feb,26,26/02/2014,,16.37073,119.93401,W3,,1,Diatom,Pleurosigma spp.,D-Pleurosigma spp.,20
14595,2014,Feb,26,26/02/2014,,16.37073,119.93401,W3,,1,Dinoflagellate,Prorocentrum micans,DF-Prorocentrum micans,60
14596,2014,Feb,26,26/02/2014,,16.37073,119.93401,W3,,1,Diatom,Rhizosolenia spp.,D-Rhizosolenia spp.,5220
14597,2014,Feb,26,26/02/2014,,16.37073,119.93401,W3,,1,Diatom,Skeletonema,D-Skeletonema,11540
14598,2014,Feb,26,26/02/2014,,16.37073,119.93401,W3,,1,Diatom,Thalassionema spp.,D-Thalassionema spp.,260
14599,2014,Feb,26,26/02/2014,,16.37073,119.93401,W3,,1,Diatom,Thalassiosira spp.,D-Thalassiosira spp.,6580
14600,2014,Feb,26,26/02/2014,,16.37073,119.93401,W3,,1,Silicoflagellate,Tintinopsis,SF-Tintinopsis,140
14601,2014,Feb,26,26/02/2014,,16.32003,119.93384,W8,,1,Dinoflagellate,Alexandrium spp.,DF-Alexandrium spp.,220
14602,2014,Feb,26,26/02/2014,,16.32003,119.93384,W8,,1,Diatom,Amphora,D-Amphora,80
14603,2014,Feb,26,26/02/2014,,16.32003,119.93384,W8,,1,Diatom,Coscinodiscus spp.,D-Coscinodiscus spp.,280
14604,2014,Feb,26,26/02/2014,,16.32003,119.93384,W8,,1,Diatom,Navicula  spp.,D-Navicula  spp.,80
14605,2014,Feb,26,26/02/2014,,16.32003,119.93384,W8,,1,Diatom,Pleurosigma spp.,D-Pleurosigma spp.,160
14606,2014,Feb,26,26/02/2014,,16.32003,119.93384,W8,,1,Dinoflagellate,Prorocentrum micans,DF-Prorocentrum micans,100
14607,2014,Feb,26,26/02/2014,,16.32003,119.93384,W8,,1,Dinoflagellate,Protoperidinium spp.,DF-Protoperidinium spp.,100
14608,2014,Feb,26,26/02/2014,,16.32003,119.93384,W8,,1,Diatom,Pseudonitzschia spp.,D-Pseudonitzschia spp.,40
14609,2014,Feb,26,26/02/2014,,16.32003,119.93384,W8,,1,Diatom,Rhizosolenia spp.,D-Rhizosolenia spp.,1200
14610,2014,Feb,26,26/02/2014,,16.32003,119.93384,W8,,1,Diatom,Thalassionema spp.,D-Thalassionema spp.,560
14611,2014,Feb,26,26/02/2014,,16.32003,119.93384,W8,,1,Diatom,Thalassiosira spp.,D-Thalassiosira spp.,160
14612,2014,Feb,26,26/02/2014,,16.32003,119.93384,W8,,1,Silicoflagellate,Tintinopsis,SF-Tintinopsis,60
14613,2014,Feb,26,26/02/2014,,16.34775,119.93452,W9,,1,Dinoflagellate,Alexandrium spp.,DF-Alexandrium spp.,660
14614,2014,Feb,26,26/02/2014,,16.34775,119.93452,W9,,1,Diatom,Coscinodiscus spp.,D-Coscinodiscus spp.,60
14615,2014,Feb,26,26/02/2014,,16.34775,119.93452,W9,,1,Diatom,Bellarocha,D-Bellarocha,40
14616,2014,Feb,26,26/02/2014,,16.34775,119.93452,W9,,1,Diatom,Pleurosigma spp.,D-Pleurosigma spp.,40
14617,2014,Feb,26,26/02/2014,,16.34775,119.93452,W9,,1,Dinoflagellate,Prorocentrum micans,DF-Prorocentrum micans,100
14618,2014,Feb,26,26/02/2014,,16.34775,119.93452,W9,,1,Dinoflagellate,Protoperidinium spp.,DF-Protoperidinium spp.,220
14619,2014,Feb,26,26/02/2014,,16.34775,119.93452,W9,,1,Diatom,Rhizosolenia spp.,D-Rhizosolenia spp.,1680
14620,2014,Feb,26,26/02/2014,,16.34775,119.93452,W9,,1,Diatom,Skeletonema,D-Skeletonema,260
14621,2014,Feb,26,26/02/2014,,16.34775,119.93452,W9,,1,Diatom,Thalassionema spp.,D-Thalassionema spp.,140
14622,2014,Feb,26,26/02/2014,,16.34775,119.93452,W9,,1,Diatom,Thalassiosira spp.,D-Thalassiosira spp.,1560
14623,2014,Feb,26,26/02/2014,,16.34775,119.93452,W9,,1,Silicoflagellate,Tintinopsis,SF-Tintinopsis,240
14624,2014,Feb,26,26/02/2014,,16.37052,119.94857,W10,,1,Dinoflagellate,Alexandrium spp.,DF-Alexandrium spp.,1640
14625,2014,Feb,26,26/02/2014,,16.37052,119.94857,W10,,1,Diatom,Amphora,D-Amphora,140
14626,2014,Feb,26,26/02/2014,,16.37052,119.94857,W10,,1,Diatom,Cocconeis sp.,D-Cocconeis sp.,100
14627,2014,Feb,26,26/02/2014,,16.37052,119.94857,W10,,1,Diatom,Coscinodiscus spp.,D-Coscinodiscus spp.,40
14628,2014,Feb,26,26/02/2014,,16.37052,119.94857,W10,,1,Diatom,Navicula  spp.,D-Navicula  spp.,80
14629,2014,Feb,26,26/02/2014,,16.37052,119.94857,W10,,1,Diatom,Nitzschia spp.,D-Nitzschia spp.,20
14630,2014,Feb,26,26/02/2014,,16.37052,119.94857,W10,,1,Diatom,Pleurosigma spp.,D-Pleurosigma spp.,180
14631,2014,Feb,26,26/02/2014,,16.37052,119.94857,W10,,1,Dinoflagellate,Protoperidinium spp.,DF-Protoperidinium spp.,180
14632,2014,Feb,26,26/02/2014,,16.37052,119.94857,W10,,1,Diatom,Rhizosolenia spp.,D-Rhizosolenia spp.,2120
14633,2014,Feb,26,26/02/2014,,16.37052,119.94857,W10,,1,Diatom,Skeletonema,D-Skeletonema,4680
14634,2014,Feb,26,26/02/2014,,16.37052,119.94857,W10,,1,Diatom,Thalassionema spp.,D-Thalassionema spp.,260
14635,2014,Feb,26,26/02/2014,,16.37052,119.94857,W10,,1,Diatom,Thalassiosira spp.,D-Thalassiosira spp.,420
14636,2014,Feb,26,26/02/2014,,16.37052,119.94857,W10,,1,Silicoflagellate,Tintinopsis,SF-Tintinopsis,20
14637,2014,Feb,26,26/02/2014,,16.38326,119.92616,W11,,1,Dinoflagellate,Alexandrium spp.,DF-Alexandrium spp.,1040
14638,2014,Feb,26,26/02/2014,,16.38326,119.92616,W11,,1,Diatom,Cylindricotheca closterium,D-Cylindricotheca closterium,20
14639,2014,Feb,26,26/02/2014,,16.38326,119.92616,W11,,1,Diatom,Ditylum sp.,D-Ditylum sp.,2080
14640,2014,Feb,26,26/02/2014,,16.38326,119.92616,W11,,1,Diatom,Guinardia,D-Guinardia,5760
14641,2014,Feb,26,26/02/2014,,16.38326,119.92616,W11,,1,Diatom,Navicula  spp.,D-Navicula  spp.,60
14642,2014,Feb,26,26/02/2014,,16.38326,119.92616,W11,,1,Diatom,Nitzschia spp.,D-Nitzschia spp.,20
14643,2014,Feb,26,26/02/2014,,16.38326,119.92616,W11,,1,Dinoflagellate,Prorocentrum micans,DF-Prorocentrum micans,460
14644,2014,Feb,26,26/02/2014,,16.38326,119.92616,W11,,1,Dinoflagellate,Protoperidinium spp.,DF-Protoperidinium spp.,780
14645,2014,Feb,26,26/02/2014,,16.38326,119.92616,W11,,1,Diatom,Skeletonema,D-Skeletonema,12360
14646,2014,Feb,26,26/02/2014,,16.38326,119.92616,W11,,1,Diatom,Thalassionema spp.,D-Thalassionema spp.,340
14647,2014,Feb,26,26/02/2014,,16.38326,119.92616,W11,,1,Diatom,Thalassiosira spp.,D-Thalassiosira spp.,320
14648,2014,Feb,26,26/02/2014,,16.38326,119.92616,W11,,1,Silicoflagellate,Tintinopsis,SF-Tintinopsis,180
14649,2014,Feb,26,26/02/2014,,16.30944,119.92063,TS1,,1,Dinoflagellate,Alexandrium spp.,DF-Alexandrium spp.,1240
14650,2014,Feb,26,26/02/2014,,16.30944,119.92063,TS1,,1,Diatom,Amphora,D-Amphora,40
14651,2014,Feb,26,26/02/2014,,16.30944,119.92063,TS1,,1,Diatom,Cocconeis sp.,D-Cocconeis sp.,20
14652,2014,Feb,26,26/02/2014,,16.30944,119.92063,TS1,,1,Diatom,Coscinodiscus spp.,D-Coscinodiscus spp.,60
14653,2014,Feb,26,26/02/2014,,16.30944,119.92063,TS1,,1,Diatom,Diploneis sp,D-Diploneis sp,40
14654,2014,Feb,26,26/02/2014,,16.30944,119.92063,TS1,,1,Diatom,Eucampia spp.,D-Eucampia spp.,300
14655,2014,Feb,26,26/02/2014,,16.30944,119.92063,TS1,,1,Diatom,Leptocylindrus spp.,D-Leptocylindrus spp.,80
14656,2014,Feb,26,26/02/2014,,16.30944,119.92063,TS1,,1,Diatom,Navicula  spp.,D-Navicula  spp.,20
14657,2014,Feb,26,26/02/2014,,16.30944,119.92063,TS1,,1,Diatom,Nitzschia spp.,D-Nitzschia spp.,20
14658,2014,Feb,26,26/02/2014,,16.30944,119.92063,TS1,,1,Diatom,Pleurosigma spp.,D-Pleurosigma spp.,20
14659,2014,Feb,26,26/02/2014,,16.30944,119.92063,TS1,,1,Dinoflagellate,Prorocentrum micans,DF-Prorocentrum micans,40
14660,2014,Feb,26,26/02/2014,,16.30944,119.92063,TS1,,1,Dinoflagellate,Protoperidinium spp.,DF-Protoperidinium spp.,40
14661,2014,Feb,26,26/02/2014,,16.30944,119.92063,TS1,,1,Diatom,Rhizosolenia spp.,D-Rhizosolenia spp.,2060
14662,2014,Feb,26,26/02/2014,,16.30944,119.92063,TS1,,1,Diatom,Thalassionema spp.,D-Thalassionema spp.,540
14663,2014,Feb,26,26/02/2014,,16.30944,119.92063,TS1,,1,Diatom,Thalassiosira spp.,D-Thalassiosira spp.,380
14664,2014,Feb,26,26/02/2014,,16.30944,119.92063,TS1,,1,Silicoflagellate,Tintinopsis,SF-Tintinopsis,80
14665,2014,Feb,26,26/02/2014,,16.38339,119.91585,TS2,,1,Dinoflagellate,Alexandrium spp.,DF-Alexandrium spp.,580
14666,2014,Feb,26,26/02/2014,,16.38339,119.91585,TS2,,1,Diatom,Amphora,D-Amphora,40
14667,2014,Feb,26,26/02/2014,,16.38339,119.91585,TS2,,1,Diatom,Coscinodiscus spp.,D-Coscinodiscus spp.,20
14668,2014,Feb,26,26/02/2014,,16.38339,119.91585,TS2,,1,Diatom,Ditylum sp.,D-Ditylum sp.,80
14669,2014,Feb,26,26/02/2014,,16.38339,119.91585,TS2,,1,Diatom,Leptocylindrus spp.,D-Leptocylindrus spp.,480
14670,2014,Feb,26,26/02/2014,,16.38339,119.91585,TS2,,1,Diatom,Navicula  spp.,D-Navicula  spp.,60
14671,2014,Feb,26,26/02/2014,,16.38339,119.91585,TS2,,1,Dinoflagellate,Prorocentrum micans,DF-Prorocentrum micans,240
14672,2014,Feb,26,26/02/2014,,16.38339,119.91585,TS2,,1,Dinoflagellate,Protoperidinium spp.,DF-Protoperidinium spp.,320
14673,2014,Feb,26,26/02/2014,,16.38339,119.91585,TS2,,1,Diatom,Skeletonema,D-Skeletonema,80
14674,2014,Feb,26,26/02/2014,,16.38339,119.91585,TS2,,1,Diatom,Thalassiosira spp.,D-Thalassiosira spp.,80
14675,2014,Feb,26,26/02/2014,,16.38339,119.91585,TS2,,1,Silicoflagellate,Tintinopsis,SF-Tintinopsis,60
14676,2014,Feb,26,26/02/2014,,16.39578,119.90667,RVA3,,1,Dinoflagellate,Alexandrium spp.,DF-Alexandrium spp.,1340
14677,2014,Feb,26,26/02/2014,,16.39578,119.90667,RVA3,,1,Dinoflagellate,Ceratium lineatum,DF-Ceratium lineatum,20
14678,2014,Feb,26,26/02/2014,,16.39578,119.90667,RVA3,,1,Diatom,Chaetoceros spp.,D-Chaetoceros spp.,60
14679,2014,Feb,26,26/02/2014,,16.39578,119.90667,RVA3,,1,Diatom,Coscinodiscus spp.,D-Coscinodiscus spp.,40
14680,2014,Feb,26,26/02/2014,,16.39578,119.90667,RVA3,,1,Diatom,Ditylum sp.,D-Ditylum sp.,60
14681,2014,Feb,26,26/02/2014,,16.39578,119.90667,RVA3,,1,Diatom,Leptocylindrus spp.,D-Leptocylindrus spp.,220
14682,2014,Feb,26,26/02/2014,,16.39578,119.90667,RVA3,,1,Diatom,Navicula  spp.,D-Navicula  spp.,60
14683,2014,Feb,26,26/02/2014,,16.39578,119.90667,RVA3,,1,Diatom,Nitzschia spp.,D-Nitzschia spp.,40
14684,2014,Feb,26,26/02/2014,,16.39578,119.90667,RVA3,,1,Dinoflagellate,Oxytoxum spp.,DF-Oxytoxum spp.,20
14685,2014,Feb,26,26/02/2014,,16.39578,119.90667,RVA3,,1,Dinoflagellate,Prorocentrum micans,DF-Prorocentrum micans,20
14686,2014,Feb,26,26/02/2014,,16.39578,119.90667,RVA3,,1,Dinoflagellate,Protoperidinium spp.,DF-Protoperidinium spp.,320
14687,2014,Feb,26,26/02/2014,,16.39578,119.90667,RVA3,,1,Diatom,Thalassionema spp.,D-Thalassionema spp.,240
14688,2014,Feb,26,26/02/2014,,16.39578,119.90667,RVA3,,1,Diatom,Thalassiosira spp.,D-Thalassiosira spp.,200
14689,2014,Feb,26,26/02/2014,,16.39578,119.90667,RVA3,,1,Silicoflagellate,Tintinopsis,SF-Tintinopsis,100
14690,2014,Feb,26,26/02/2014,,16.35572,119.93677,LJC9,,1,Dinoflagellate,Alexandrium spp.,DF-Alexandrium spp.,620
14691,2014,Feb,26,26/02/2014,,16.35572,119.93677,LJC9,,1,Diatom,Amphora,D-Amphora,120
14692,2014,Feb,26,26/02/2014,,16.35572,119.93677,LJC9,,1,Diatom,Chaetoceros spp.,D-Chaetoceros spp.,160
14693,2014,Feb,26,26/02/2014,,16.35572,119.93677,LJC9,,1,Diatom,Coscinodiscus spp.,D-Coscinodiscus spp.,240
14694,2014,Feb,26,26/02/2014,,16.35572,119.93677,LJC9,,1,Diatom,Cylindricotheca closterium,D-Cylindricotheca closterium,380
14695,2014,Feb,26,26/02/2014,,16.35572,119.93677,LJC9,,1,Diatom,Ditylum sp.,D-Ditylum sp.,4420
14696,2014,Feb,26,26/02/2014,,16.35572,119.93677,LJC9,,1,Diatom,Eucampia spp.,D-Eucampia spp.,14620
14697,2014,Feb,26,26/02/2014,,16.35572,119.93677,LJC9,,1,Diatom,Eucampia spp.,D-Eucampia spp.,360
14698,2014,Feb,26,26/02/2014,,16.35572,119.93677,LJC9,,1,Diatom,Guinardia,D-Guinardia,460
14699,2014,Feb,26,26/02/2014,,16.35572,119.93677,LJC9,,1,Diatom,Hemiaulus,D-Hemiaulus,860
14700,2014,Feb,26,26/02/2014,,16.35572,119.93677,LJC9,,1,Diatom,Leptocylindrus spp.,D-Leptocylindrus spp.,6580
14701,2014,Feb,26,26/02/2014,,16.35572,119.93677,LJC9,,1,Diatom,Navicula  spp.,D-Navicula  spp.,120
14702,2014,Feb,26,26/02/2014,,16.35572,119.93677,LJC9,,1,Diatom,Nitzschia spp.,D-Nitzschia spp.,140
14703,2014,Feb,26,26/02/2014,,16.35572,119.93677,LJC9,,1,Diatom,Odontella spp.,D-Odontella spp.,20
14704,2014,Feb,26,26/02/2014,,16.35572,119.93677,LJC9,,1,Diatom,Pleurosigma spp.,D-Pleurosigma spp.,100
14705,2014,Feb,26,26/02/2014,,16.35572,119.93677,LJC9,,1,Diatom,Skeletonema,D-Skeletonema,19120
14706,2014,Feb,26,26/02/2014,,16.35572,119.93677,LJC9,,1,Diatom,Thalassionema spp.,D-Thalassionema spp.,720
14707,2014,Feb,26,26/02/2014,,16.35572,119.93677,LJC9,,1,Diatom,Thalassiosira spp.,D-Thalassiosira spp.,1180
14708,2014,Feb,26,26/02/2014,,16.35572,119.93677,LJC9,,1,Silicoflagellate,Tintinopsis,SF-Tintinopsis,80
14709,2014,Mar,27,27/03/2014,,16.34775,119.93375,A1,,1,Dinoflagellate,Alexandrium spp.,DF-Alexandrium spp.,780
14710,2014,Mar,27,27/03/2014,,16.34775,119.93375,A1,,1,Diatom,Coscinodiscus spp.,D-Coscinodiscus spp.,40
14711,2014,Mar,27,27/03/2014,,16.34775,119.93375,A1,,1,Diatom,Guinardia,D-Guinardia,880
14712,2014,Mar,27,27/03/2014,,16.34775,119.93375,A1,,1,Diatom,Leptocylindrus spp.,D-Leptocylindrus spp.,2280
14713,2014,Mar,27,27/03/2014,,16.34775,119.93375,A1,,1,Diatom,Navicula  spp.,D-Navicula  spp.,100
14714,2014,Mar,27,27/03/2014,,16.34775,119.93375,A1,,1,Diatom,Odontella spp.,D-Odontella spp.,500
14715,2014,Mar,27,27/03/2014,,16.34775,119.93375,A1,,1,Diatom,Thalassiosira spp.,D-Thalassiosira spp.,180
14716,2014,Mar,27,27/03/2014,,16.34775,119.93375,A1,,1,Silicoflagellate,Tintinopsis,SF-Tintinopsis,140
14717,2014,Mar,27,27/03/2014,,16.34775,119.93452,A2,,1,Dinoflagellate,Alexandrium spp.,DF-Alexandrium spp.,1080
14718,2014,Mar,27,27/03/2014,,16.34775,119.93452,A2,,1,Diatom,Amphora,D-Amphora,220
14719,2014,Mar,27,27/03/2014,,16.34775,119.93452,A2,,1,Diatom,Chaetoceros spp.,D-Chaetoceros spp.,140
14720,2014,Mar,27,27/03/2014,,16.34775,119.93452,A2,,1,Diatom,Coscinodiscus spp.,D-Coscinodiscus spp.,420
14721,2014,Mar,27,27/03/2014,,16.34775,119.93452,A2,,1,Diatom,Cylindricotheca closterium,D-Cylindricotheca closterium,220
14722,2014,Mar,27,27/03/2014,,16.34775,119.93452,A2,,1,Diatom,Ditylum sp.,D-Ditylum sp.,360
14723,2014,Mar,27,27/03/2014,,16.34775,119.93452,A2,,1,Diatom,Eucampia spp.,D-Eucampia spp.,940
14724,2014,Mar,27,27/03/2014,,16.34775,119.93452,A2,,1,Diatom,Guinardia,D-Guinardia,1000
14725,2014,Mar,27,27/03/2014,,16.34775,119.93452,A2,,1,Diatom,Hemiaulus,D-Hemiaulus,2080
14726,2014,Mar,27,27/03/2014,,16.34775,119.93452,A2,,1,Diatom,Leptocylindrus spp.,D-Leptocylindrus spp.,10640
14727,2014,Mar,27,27/03/2014,,16.34775,119.93452,A2,,1,Diatom,Navicula  spp.,D-Navicula  spp.,200
14728,2014,Mar,27,27/03/2014,,16.34775,119.93452,A2,,1,Diatom,Odontella spp.,D-Odontella spp.,680
14729,2014,Mar,27,27/03/2014,,16.34775,119.93452,A2,,1,Diatom,Pleurosigma spp.,D-Pleurosigma spp.,60
14730,2014,Mar,27,27/03/2014,,16.34775,119.93452,A2,,1,Dinoflagellate,Prorocentrum micans,DF-Prorocentrum micans,460
14731,2014,Mar,27,27/03/2014,,16.34775,119.93452,A2,,1,Dinoflagellate,Protoperidinium spp.,DF-Protoperidinium spp.,460
14732,2014,Mar,27,27/03/2014,,16.34775,119.93452,A2,,1,Diatom,Rhizosolenia spp.,D-Rhizosolenia spp.,280
14733,2014,Mar,27,27/03/2014,,16.34775,119.93452,A2,,1,Diatom,Skeletonema,D-Skeletonema,700
14734,2014,Mar,27,27/03/2014,,16.34775,119.93452,A2,,1,Diatom,Thalassionema spp.,D-Thalassionema spp.,1420
14735,2014,Mar,27,27/03/2014,,16.34775,119.93452,A2,,1,Diatom,Thalassiosira spp.,D-Thalassiosira spp.,2040
14736,2014,Mar,27,27/03/2014,,16.34775,119.93452,A2,,1,Silicoflagellate,Tintinopsis,SF-Tintinopsis,260
14737,2014,Mar,27,27/03/2014,,16.33431,119.95731,A3,,1,Diatom,Actinocyclus,D-Actinocyclus,40
14738,2014,Mar,27,27/03/2014,,16.33431,119.95731,A3,,1,Dinoflagellate,Alexandrium spp.,DF-Alexandrium spp.,240
14739,2014,Mar,27,27/03/2014,,16.33431,119.95731,A3,,1,Diatom,Chaetoceros spp.,D-Chaetoceros spp.,660
14740,2014,Mar,27,27/03/2014,,16.33431,119.95731,A3,,1,Diatom,Coscinodiscus spp.,D-Coscinodiscus spp.,180
14741,2014,Mar,27,27/03/2014,,16.33431,119.95731,A3,,1,Diatom,Ditylum sp.,D-Ditylum sp.,100
14742,2014,Mar,27,27/03/2014,,16.33431,119.95731,A3,,1,Diatom,Eucampia spp.,D-Eucampia spp.,260
14743,2014,Mar,27,27/03/2014,,16.33431,119.95731,A3,,1,Diatom,Guinardia,D-Guinardia,1040
14744,2014,Mar,27,27/03/2014,,16.33431,119.95731,A3,,1,Diatom,Hemiaulus,D-Hemiaulus,1280
14745,2014,Mar,27,27/03/2014,,16.33431,119.95731,A3,,1,Diatom,Leptocylindrus spp.,D-Leptocylindrus spp.,3980
14746,2014,Mar,27,27/03/2014,,16.33431,119.95731,A3,,1,Diatom,Navicula  spp.,D-Navicula  spp.,40
14747,2014,Mar,27,27/03/2014,,16.33431,119.95731,A3,,1,Diatom,Nitzschia spp.,D-Nitzschia spp.,180
14748,2014,Mar,27,27/03/2014,,16.33431,119.95731,A3,,1,Diatom,Odontella spp.,D-Odontella spp.,1060
14749,2014,Mar,27,27/03/2014,,16.33431,119.95731,A3,,1,Dinoflagellate,Prorocentrum micans,DF-Prorocentrum micans,80
14750,2014,Mar,27,27/03/2014,,16.33431,119.95731,A3,,1,Diatom,Pseudonitzschia spp.,D-Pseudonitzschia spp.,80
14751,2014,Mar,27,27/03/2014,,16.33431,119.95731,A3,,1,Diatom,Rhizosolenia spp.,D-Rhizosolenia spp.,940
14752,2014,Mar,27,27/03/2014,,16.33431,119.95731,A3,,1,Diatom,Skeletonema,D-Skeletonema,1420
14753,2014,Mar,27,27/03/2014,,16.33431,119.95731,A3,,1,Diatom,Thalassionema spp.,D-Thalassionema spp.,1120
14754,2014,Mar,27,27/03/2014,,16.33431,119.95731,A3,,1,Diatom,Thalassiosira spp.,D-Thalassiosira spp.,1220
14755,2014,Mar,27,27/03/2014,,16.33431,119.95731,A3,,1,Silicoflagellate,Tintinopsis,SF-Tintinopsis,420
14756,2014,Mar,27,27/03/2014,,16.28459,119.92285,A4,,1,Dinoflagellate,Alexandrium spp.,DF-Alexandrium spp.,4100
14757,2014,Mar,27,27/03/2014,,16.28459,119.92285,A4,,1,Diatom,Amphora,D-Amphora,80
14758,2014,Mar,27,27/03/2014,,16.28459,119.92285,A4,,1,Diatom,Coscinodiscus spp.,D-Coscinodiscus spp.,60
14759,2014,Mar,27,27/03/2014,,16.28459,119.92285,A4,,1,Diatom,Cylindricotheca closterium,D-Cylindricotheca closterium,1420
14760,2014,Mar,27,27/03/2014,,16.28459,119.92285,A4,,1,Dinoflagellate,Gonyaulax ,DF-Gonyaulax,200
14761,2014,Mar,27,27/03/2014,,16.28459,119.92285,A4,,1,Diatom,Guinardia,D-Guinardia,960
14762,2014,Mar,27,27/03/2014,,16.28459,119.92285,A4,,1,Diatom,Hemiaulus,D-Hemiaulus,240
14763,2014,Mar,27,27/03/2014,,16.28459,119.92285,A4,,1,Dinoflagellate,Heterocapsa circularisquama,DF-Heterocapsa circularisquama,700
14764,2014,Mar,27,27/03/2014,,16.28459,119.92285,A4,,1,Diatom,Navicula  spp.,D-Navicula  spp.,180
14765,2014,Mar,27,27/03/2014,,16.28459,119.92285,A4,,1,Diatom,Nitzschia spp.,D-Nitzschia spp.,320
14766,2014,Mar,27,27/03/2014,,16.28459,119.92285,A4,,1,Diatom,Odontella spp.,D-Odontella spp.,20
14767,2014,Mar,27,27/03/2014,,16.28459,119.92285,A4,,1,Dinoflagellate,Peridinium quinquecorne,DF-Peridinium quinquecorne,60
14768,2014,Mar,27,27/03/2014,,16.28459,119.92285,A4,,1,Dinoflagellate,Phalacroma  spp.,DF-Phalacroma  spp.,60
14769,2014,Mar,27,27/03/2014,,16.28459,119.92285,A4,,1,Diatom,Pleurosigma spp.,D-Pleurosigma spp.,60
14770,2014,Mar,27,27/03/2014,,16.28459,119.92285,A4,,1,Dinoflagellate,Prorocentrum micans,DF-Prorocentrum micans,40
14771,2014,Mar,27,27/03/2014,,16.28459,119.92285,A4,,1,Dinoflagellate,Protoperidinium depressum,DF-Protoperidinium depressum,580
14772,2014,Mar,27,27/03/2014,,16.28459,119.92285,A4,,1,Dinoflagellate,Protoperidinium divergens,DF-Protoperidinium divergens,1020
14773,2014,Mar,27,27/03/2014,,16.28459,119.92285,A4,,1,Dinoflagellate,Protoperidinium oblongum,DF-Protoperidinium oblongum,240
14774,2014,Mar,27,27/03/2014,,16.28459,119.92285,A4,,1,Dinoflagellate,Protoperidinium pallidum,DF-Protoperidinium pallidum,1080
14775,2014,Mar,27,27/03/2014,,16.28459,119.92285,A4,,1,Dinoflagellate,Protoperidinium spp.,DF-Protoperidinium spp.,1560
14776,2014,Mar,27,27/03/2014,,16.28459,119.92285,A4,,1,Diatom,Rhizosolenia spp.,D-Rhizosolenia spp.,1760
14777,2014,Mar,27,27/03/2014,,16.28459,119.92285,A4,,1,Dinoflagellate,Scrippsiella trochoidea,DF-Scrippsiella trochoidea,220
14778,2014,Mar,27,27/03/2014,,16.28459,119.92285,A4,,1,Diatom,Skeletonema,D-Skeletonema,1040
14779,2014,Mar,27,27/03/2014,,16.28459,119.92285,A4,,1,Diatom,Thalassionema spp.,D-Thalassionema spp.,2400
14780,2014,Mar,27,27/03/2014,,16.28459,119.92285,A4,,1,Diatom,Thalassiosira spp.,D-Thalassiosira spp.,100
14781,2014,Mar,27,27/03/2014,,16.28459,119.92285,A4,,1,Silicoflagellate,Tintinopsis,SF-Tintinopsis,580
14782,2014,Mar,27,27/03/2014,,16.27365,119.92599,A5,,1,Diatom,Actinocyclus,D-Actinocyclus,20
14783,2014,Mar,27,27/03/2014,,16.27365,119.92599,A5,,1,Dinoflagellate,Alexandrium spp.,DF-Alexandrium spp.,2320
14784,2014,Mar,27,27/03/2014,,16.27365,119.92599,A5,,1,Diatom,Coscinodiscus spp.,D-Coscinodiscus spp.,80
14785,2014,Mar,27,27/03/2014,,16.27365,119.92599,A5,,1,Diatom,Cylindricotheca closterium,D-Cylindricotheca closterium,1480
14786,2014,Mar,27,27/03/2014,,16.27365,119.92599,A5,,1,Diatom,Guinardia,D-Guinardia,880
14787,2014,Mar,27,27/03/2014,,16.27365,119.92599,A5,,1,Diatom,Hemiaulus,D-Hemiaulus,640
14788,2014,Mar,27,27/03/2014,,16.27365,119.92599,A5,,1,Diatom,Navicula  spp.,D-Navicula  spp.,60
14789,2014,Mar,27,27/03/2014,,16.27365,119.92599,A5,,1,Dinoflagellate,Peridinium quinquecorne,DF-Peridinium quinquecorne,60
14790,2014,Mar,27,27/03/2014,,16.27365,119.92599,A5,,1,Diatom,Pleurosigma spp.,D-Pleurosigma spp.,100
14791,2014,Mar,27,27/03/2014,,16.27365,119.92599,A5,,1,Dinoflagellate,Prorocentrum micans,DF-Prorocentrum micans,140
14792,2014,Mar,27,27/03/2014,,16.27365,119.92599,A5,,1,Dinoflagellate,Protoperidinium depressum,DF-Protoperidinium depressum,840
14793,2014,Mar,27,27/03/2014,,16.27365,119.92599,A5,,1,Dinoflagellate,Protoperidinium divergens,DF-Protoperidinium divergens,1260
14794,2014,Mar,27,27/03/2014,,16.27365,119.92599,A5,,1,Dinoflagellate,Protoperidinium oblongum,DF-Protoperidinium oblongum,640
14795,2014,Mar,27,27/03/2014,,16.27365,119.92599,A5,,1,Dinoflagellate,Protoperidinium spp.,DF-Protoperidinium spp.,1080
14796,2014,Mar,27,27/03/2014,,16.27365,119.92599,A5,,1,Diatom,Rhizosolenia spp.,D-Rhizosolenia spp.,560
14797,2014,Mar,27,27/03/2014,,16.27365,119.92599,A5,,1,Dinoflagellate,Scrippsiella trochoidea,DF-Scrippsiella trochoidea,240
14798,2014,Mar,27,27/03/2014,,16.27365,119.92599,A5,,1,Diatom,Skeletonema,D-Skeletonema,4260
14799,2014,Mar,27,27/03/2014,,16.27365,119.92599,A5,,1,Diatom,Thalassionema spp.,D-Thalassionema spp.,1640
14800,2014,Mar,27,27/03/2014,,16.27365,119.92599,A5,,1,Diatom,Thalassiosira spp.,D-Thalassiosira spp.,240
14801,2014,Mar,27,27/03/2014,,16.27365,119.92599,A5,,1,Silicoflagellate,Tintinopsis,SF-Tintinopsis,840
14802,2014,Mar,27,27/03/2014,,16.34927,119.94606,W1,,1,Dinoflagellate,Alexandrium spp.,DF-Alexandrium spp.,2320
14803,2014,Mar,27,27/03/2014,,16.34927,119.94606,W1,,1,Diatom,Chaetoceros spp.,D-Chaetoceros spp.,140
14804,2014,Mar,27,27/03/2014,,16.34927,119.94606,W1,,1,Diatom,Coscinodiscus spp.,D-Coscinodiscus spp.,1220
14805,2014,Mar,27,27/03/2014,,16.34927,119.94606,W1,,1,Diatom,Cylindricotheca closterium,D-Cylindricotheca closterium,1040
14806,2014,Mar,27,27/03/2014,,16.34927,119.94606,W1,,1,Diatom,Guinardia,D-Guinardia,1360
14807,2014,Mar,27,27/03/2014,,16.34927,119.94606,W1,,1,Diatom,Hemiaulus,D-Hemiaulus,720
14808,2014,Mar,27,27/03/2014,,16.34927,119.94606,W1,,1,Diatom,Leptocylindrus spp.,D-Leptocylindrus spp.,3160
14809,2014,Mar,27,27/03/2014,,16.34927,119.94606,W1,,1,Diatom,Navicula  spp.,D-Navicula  spp.,340
14810,2014,Mar,27,27/03/2014,,16.34927,119.94606,W1,,1,Diatom,Odontella spp.,D-Odontella spp.,1160
14811,2014,Mar,27,27/03/2014,,16.34927,119.94606,W1,,1,Dinoflagellate,Peridinium quinquecorne,DF-Peridinium quinquecorne,60
14812,2014,Mar,27,27/03/2014,,16.34927,119.94606,W1,,1,Dinoflagellate,Prorocentrum micans,DF-Prorocentrum micans,320
14813,2014,Mar,27,27/03/2014,,16.34927,119.94606,W1,,1,Dinoflagellate,Protoperidinium depressum,DF-Protoperidinium depressum,300
14814,2014,Mar,27,27/03/2014,,16.34927,119.94606,W1,,1,Dinoflagellate,Protoperidinium divergens,DF-Protoperidinium divergens,140
14815,2014,Mar,27,27/03/2014,,16.34927,119.94606,W1,,1,Dinoflagellate,Protoperidinium spp.,DF-Protoperidinium spp.,480
14816,2014,Mar,27,27/03/2014,,16.34927,119.94606,W1,,1,Diatom,Rhizosolenia spp.,D-Rhizosolenia spp.,2700
14817,2014,Mar,27,27/03/2014,,16.34927,119.94606,W1,,1,Diatom,Skeletonema,D-Skeletonema,4060
14818,2014,Mar,27,27/03/2014,,16.34927,119.94606,W1,,1,Diatom,Thalassionema spp.,D-Thalassionema spp.,1440
14819,2014,Mar,27,27/03/2014,,16.34927,119.94606,W1,,1,Diatom,Thalassiosira spp.,D-Thalassiosira spp.,1440
14820,2014,Mar,27,27/03/2014,,16.34927,119.94606,W1,,1,Silicoflagellate,Tintinopsis,SF-Tintinopsis,240
14821,2014,Mar,27,27/03/2014,,16.34927,119.94606,W1,,1,Cyanobacteria,Trichodesmium sp.,CYN-Trichodesmium sp.,20
14822,2014,Mar,27,27/03/2014,,16.33668,119.94476,W2A,,1,Dinoflagellate,Alexandrium spp.,DF-Alexandrium spp.,1660
14823,2014,Mar,27,27/03/2014,,16.33668,119.94476,W2A,,1,Diatom,Amphora,D-Amphora,60
14824,2014,Mar,27,27/03/2014,,16.33668,119.94476,W2A,,1,Diatom,Chaetoceros spp.,D-Chaetoceros spp.,520
14825,2014,Mar,27,27/03/2014,,16.33668,119.94476,W2A,,1,Diatom,Cocconeis sp.,D-Cocconeis sp.,40
14826,2014,Mar,27,27/03/2014,,16.33668,119.94476,W2A,,1,Diatom,Coscinodiscus spp.,D-Coscinodiscus spp.,220
14827,2014,Mar,27,27/03/2014,,16.33668,119.94476,W2A,,1,Diatom,Cylindricotheca closterium,D-Cylindricotheca closterium,1080
14828,2014,Mar,27,27/03/2014,,16.33668,119.94476,W2A,,1,Diatom,Guinardia,D-Guinardia,9020
14829,2014,Mar,27,27/03/2014,,16.33668,119.94476,W2A,,1,Diatom,Hemiaulus,D-Hemiaulus,3280
14830,2014,Mar,27,27/03/2014,,16.33668,119.94476,W2A,,1,Diatom,Leptocylindrus spp.,D-Leptocylindrus spp.,5080
14831,2014,Mar,27,27/03/2014,,16.33668,119.94476,W2A,,1,Diatom,Navicula  spp.,D-Navicula  spp.,180
14832,2014,Mar,27,27/03/2014,,16.33668,119.94476,W2A,,1,Diatom,Nitzschia spp.,D-Nitzschia spp.,20
14833,2014,Mar,27,27/03/2014,,16.33668,119.94476,W2A,,1,Diatom,Odontella spp.,D-Odontella spp.,360
14834,2014,Mar,27,27/03/2014,,16.33668,119.94476,W2A,,1,Diatom,Pleurosigma spp.,D-Pleurosigma spp.,20
14835,2014,Mar,27,27/03/2014,,16.33668,119.94476,W2A,,1,Dinoflagellate,Prorocentrum micans,DF-Prorocentrum micans,60
14836,2014,Mar,27,27/03/2014,,16.33668,119.94476,W2A,,1,Diatom,Rhizosolenia spp.,D-Rhizosolenia spp.,4160
14837,2014,Mar,27,27/03/2014,,16.33668,119.94476,W2A,,1,Diatom,Skeletonema,D-Skeletonema,10940
14838,2014,Mar,27,27/03/2014,,16.33668,119.94476,W2A,,1,Diatom,Thalassionema spp.,D-Thalassionema spp.,2060
14839,2014,Mar,27,27/03/2014,,16.33668,119.94476,W2A,,1,Diatom,Thalassiosira spp.,D-Thalassiosira spp.,1260
14840,2014,Mar,27,27/03/2014,,16.37073,119.93401,W3,,1,Dinoflagellate,Alexandrium spp.,DF-Alexandrium spp.,100
14841,2014,Mar,27,27/03/2014,,16.37073,119.93401,W3,,1,Diatom,Chaetoceros spp.,D-Chaetoceros spp.,120
14842,2014,Mar,27,27/03/2014,,16.37073,119.93401,W3,,1,Diatom,Guinardia,D-Guinardia,360
14843,2014,Mar,27,27/03/2014,,16.37073,119.93401,W3,,1,Diatom,Hemiaulus,D-Hemiaulus,260
14844,2014,Mar,27,27/03/2014,,16.37073,119.93401,W3,,1,Diatom,Leptocylindrus spp.,D-Leptocylindrus spp.,500
14845,2014,Mar,27,27/03/2014,,16.37073,119.93401,W3,,1,Diatom,Navicula  spp.,D-Navicula  spp.,20
14846,2014,Mar,27,27/03/2014,,16.37073,119.93401,W3,,1,Diatom,Odontella spp.,D-Odontella spp.,140
14847,2014,Mar,27,27/03/2014,,16.37073,119.93401,W3,,1,Diatom,Rhizosolenia spp.,D-Rhizosolenia spp.,140
14848,2014,Mar,27,27/03/2014,,16.37073,119.93401,W3,,1,Diatom,Skeletonema,D-Skeletonema,300
14849,2014,Mar,27,27/03/2014,,16.37073,119.93401,W3,,1,Diatom,Thalassionema spp.,D-Thalassionema spp.,100
14850,2014,Mar,27,27/03/2014,,16.37073,119.93401,W3,,1,Diatom,Thalassiosira spp.,D-Thalassiosira spp.,320
14851,2014,Mar,27,27/03/2014,,16.37073,119.93401,W3,,1,Silicoflagellate,Tintinopsis,SF-Tintinopsis,20
14852,2014,Mar,27,27/03/2014,,16.32003,119.93384,W8,,1,Dinoflagellate,Alexandrium spp.,DF-Alexandrium spp.,320
14853,2014,Mar,27,27/03/2014,,16.32003,119.93384,W8,,1,Diatom,Coscinodiscus spp.,D-Coscinodiscus spp.,80
14854,2014,Mar,27,27/03/2014,,16.32003,119.93384,W8,,1,Diatom,Guinardia,D-Guinardia,940
14855,2014,Mar,27,27/03/2014,,16.32003,119.93384,W8,,1,Diatom,Hemiaulus,D-Hemiaulus,780
14856,2014,Mar,27,27/03/2014,,16.32003,119.93384,W8,,1,Diatom,Leptocylindrus spp.,D-Leptocylindrus spp.,1820
14857,2014,Mar,27,27/03/2014,,16.32003,119.93384,W8,,1,Diatom,Rhizosolenia spp.,D-Rhizosolenia spp.,2840
14858,2014,Mar,27,27/03/2014,,16.32003,119.93384,W8,,1,Diatom,Thalassionema spp.,D-Thalassionema spp.,820
14859,2014,Mar,27,27/03/2014,,16.32003,119.93384,W8,,1,Diatom,Thalassiosira spp.,D-Thalassiosira spp.,1880
14860,2014,Mar,27,27/03/2014,,16.32003,119.93384,W8,,1,Silicoflagellate,Tintinopsis,SF-Tintinopsis,340
14861,2014,Mar,27,27/03/2014,,16.34775,119.93452,W9,,1,Dinoflagellate,Alexandrium spp.,DF-Alexandrium spp.,460
14862,2014,Mar,27,27/03/2014,,16.34775,119.93452,W9,,1,Diatom,Guinardia,D-Guinardia,340
14863,2014,Mar,27,27/03/2014,,16.34775,119.93452,W9,,1,Diatom,Leptocylindrus spp.,D-Leptocylindrus spp.,220
14864,2014,Mar,27,27/03/2014,,16.34775,119.93452,W9,,1,Diatom,Odontella spp.,D-Odontella spp.,20
14865,2014,Mar,27,27/03/2014,,16.34775,119.93452,W9,,1,Dinoflagellate,Protoperidinium depressum,DF-Protoperidinium depressum,240
14866,2014,Mar,27,27/03/2014,,16.34775,119.93452,W9,,1,Dinoflagellate,Protoperidinium divergens,DF-Protoperidinium divergens,100
14867,2014,Mar,27,27/03/2014,,16.34775,119.93452,W9,,1,Dinoflagellate,Protoperidinium oblongum,DF-Protoperidinium oblongum,200
14868,2014,Mar,27,27/03/2014,,16.34775,119.93452,W9,,1,Dinoflagellate,Protoperidinium spp.,DF-Protoperidinium spp.,400
14869,2014,Mar,27,27/03/2014,,16.34775,119.93452,W9,,1,Diatom,Rhizosolenia spp.,D-Rhizosolenia spp.,340
14870,2014,Mar,27,27/03/2014,,16.34775,119.93452,W9,,1,Diatom,Thalassiosira spp.,D-Thalassiosira spp.,560
14871,2014,Mar,27,27/03/2014,,16.37052,119.94857,W10,,1,Dinoflagellate,Alexandrium spp.,DF-Alexandrium spp.,140
14872,2014,Mar,27,27/03/2014,,16.37052,119.94857,W10,,1,Diatom,Coscinodiscus spp.,D-Coscinodiscus spp.,20
14873,2014,Mar,27,27/03/2014,,16.37052,119.94857,W10,,1,Diatom,Leptocylindrus spp.,D-Leptocylindrus spp.,780
14874,2014,Mar,27,27/03/2014,,16.37052,119.94857,W10,,1,Diatom,Nitzschia spp.,D-Nitzschia spp.,80
14875,2014,Mar,27,27/03/2014,,16.37052,119.94857,W10,,1,Diatom,Odontella spp.,D-Odontella spp.,80
14876,2014,Mar,27,27/03/2014,,16.37052,119.94857,W10,,1,Diatom,Rhizosolenia spp.,D-Rhizosolenia spp.,300
14877,2014,Mar,27,27/03/2014,,16.37052,119.94857,W10,,1,Diatom,Thalassionema spp.,D-Thalassionema spp.,20
14878,2014,Mar,27,27/03/2014,,16.37052,119.94857,W10,,1,Diatom,Thalassiosira spp.,D-Thalassiosira spp.,520
14879,2014,Mar,27,27/03/2014,,16.38326,119.92616,W11,,1,Dinoflagellate,Alexandrium spp.,DF-Alexandrium spp.,4740
14880,2014,Mar,27,27/03/2014,,16.38326,119.92616,W11,,1,Diatom,Guinardia,D-Guinardia,440
14881,2014,Mar,27,27/03/2014,,16.38326,119.92616,W11,,1,Diatom,Hemiaulus,D-Hemiaulus,1140
14882,2014,Mar,27,27/03/2014,,16.38326,119.92616,W11,,1,Diatom,Leptocylindrus spp.,D-Leptocylindrus spp.,10540
14883,2014,Mar,27,27/03/2014,,16.38326,119.92616,W11,,1,Diatom,Navicula  spp.,D-Navicula  spp.,200
14884,2014,Mar,27,27/03/2014,,16.38326,119.92616,W11,,1,Diatom,Odontella spp.,D-Odontella spp.,240
14885,2014,Mar,27,27/03/2014,,16.38326,119.92616,W11,,1,Dinoflagellate,Protoperidinium depressum,DF-Protoperidinium depressum,440
14886,2014,Mar,27,27/03/2014,,16.38326,119.92616,W11,,1,Dinoflagellate,Protoperidinium divergens,DF-Protoperidinium divergens,280
14887,2014,Mar,27,27/03/2014,,16.38326,119.92616,W11,,1,Dinoflagellate,Protoperidinium spp.,DF-Protoperidinium spp.,200
14888,2014,Mar,27,27/03/2014,,16.38326,119.92616,W11,,1,Diatom,Thalassionema spp.,D-Thalassionema spp.,100
14889,2014,Mar,27,27/03/2014,,16.38326,119.92616,W11,,1,Diatom,Thalassiosira spp.,D-Thalassiosira spp.,2180
14890,2014,Mar,27,27/03/2014,,16.38326,119.92616,W11,,1,Silicoflagellate,Tintinopsis,SF-Tintinopsis,20
14891,2014,Mar,27,27/03/2014,,16.30944,119.92063,TS1,,1,Dinoflagellate,Alexandrium spp.,DF-Alexandrium spp.,4840
14892,2014,Mar,27,27/03/2014,,16.30944,119.92063,TS1,,1,Diatom,Amphora,D-Amphora,80
14893,2014,Mar,27,27/03/2014,,16.30944,119.92063,TS1,,1,Diatom,Cylindricotheca closterium,D-Cylindricotheca closterium,120
14894,2014,Mar,27,27/03/2014,,16.30944,119.92063,TS1,,1,Diatom,Guinardia,D-Guinardia,260
14895,2014,Mar,27,27/03/2014,,16.30944,119.92063,TS1,,1,Diatom,Hemiaulus,D-Hemiaulus,660
14896,2014,Mar,27,27/03/2014,,16.30944,119.92063,TS1,,1,Diatom,Leptocylindrus spp.,D-Leptocylindrus spp.,2640
14897,2014,Mar,27,27/03/2014,,16.30944,119.92063,TS1,,1,Diatom,Navicula  spp.,D-Navicula  spp.,320
14898,2014,Mar,27,27/03/2014,,16.30944,119.92063,TS1,,1,Diatom,Odontella spp.,D-Odontella spp.,40
14899,2014,Mar,27,27/03/2014,,16.30944,119.92063,TS1,,1,Dinoflagellate,Peridinium quinquecorne,DF-Peridinium quinquecorne,60
14900,2014,Mar,27,27/03/2014,,16.30944,119.92063,TS1,,1,Diatom,Pleurosigma spp.,D-Pleurosigma spp.,60
14901,2014,Mar,27,27/03/2014,,16.30944,119.92063,TS1,,1,Dinoflagellate,Prorocentrum gracile,DF-Prorocentrum gracile,40
14902,2014,Mar,27,27/03/2014,,16.30944,119.92063,TS1,,1,Dinoflagellate,Prorocentrum micans,DF-Prorocentrum micans,60
14903,2014,Mar,27,27/03/2014,,16.30944,119.92063,TS1,,1,Dinoflagellate,Protoperidinium depressum,DF-Protoperidinium depressum,740
14904,2014,Mar,27,27/03/2014,,16.30944,119.92063,TS1,,1,Dinoflagellate,Protoperidinium divergens,DF-Protoperidinium divergens,940
14905,2014,Mar,27,27/03/2014,,16.30944,119.92063,TS1,,1,Dinoflagellate,Protoperidinium spp.,DF-Protoperidinium spp.,240
14906,2014,Mar,27,27/03/2014,,16.30944,119.92063,TS1,,1,Diatom,Rhizosolenia spp.,D-Rhizosolenia spp.,2580
14907,2014,Mar,27,27/03/2014,,16.30944,119.92063,TS1,,1,Dinoflagellate,Scrippsiella trochoidea,DF-Scrippsiella trochoidea,760
14908,2014,Mar,27,27/03/2014,,16.30944,119.92063,TS1,,1,Diatom,Thalassionema spp.,D-Thalassionema spp.,760
14909,2014,Mar,27,27/03/2014,,16.30944,119.92063,TS1,,1,Diatom,Thalassiosira spp.,D-Thalassiosira spp.,480
14910,2014,Mar,27,27/03/2014,,16.30944,119.92063,TS1,,1,Silicoflagellate,Tintinopsis,SF-Tintinopsis,880
14911,2014,Mar,27,27/03/2014,,16.38339,119.91585,TS2,,1,Dinoflagellate,Alexandrium spp.,DF-Alexandrium spp.,2100
14912,2014,Mar,27,27/03/2014,,16.38339,119.91585,TS2,,1,Dinoflagellate,Ceratium furca,DF-Ceratium furca,60
14913,2014,Mar,27,27/03/2014,,16.38339,119.91585,TS2,,1,Diatom,Coscinodiscus spp.,D-Coscinodiscus spp.,40
14914,2014,Mar,27,27/03/2014,,16.38339,119.91585,TS2,,1,Diatom,Guinardia,D-Guinardia,120
14915,2014,Mar,27,27/03/2014,,16.38339,119.91585,TS2,,1,Diatom,Hemiaulus,D-Hemiaulus,260
14916,2014,Mar,27,27/03/2014,,16.38339,119.91585,TS2,,1,Diatom,Leptocylindrus spp.,D-Leptocylindrus spp.,4700
14917,2014,Mar,27,27/03/2014,,16.38339,119.91585,TS2,,1,Diatom,Odontella spp.,D-Odontella spp.,180
14918,2014,Mar,27,27/03/2014,,16.38339,119.91585,TS2,,1,Dinoflagellate,Protoperidinium depressum,DF-Protoperidinium depressum,340
14919,2014,Mar,27,27/03/2014,,16.38339,119.91585,TS2,,1,Dinoflagellate,Protoperidinium divergens,DF-Protoperidinium divergens,40
14920,2014,Mar,27,27/03/2014,,16.38339,119.91585,TS2,,1,Dinoflagellate,Protoperidinium oblongum,DF-Protoperidinium oblongum,60
14921,2014,Mar,27,27/03/2014,,16.38339,119.91585,TS2,,1,Dinoflagellate,Protoperidinium spp.,DF-Protoperidinium spp.,180
14922,2014,Mar,27,27/03/2014,,16.38339,119.91585,TS2,,1,Diatom,Thalassionema spp.,D-Thalassionema spp.,60
14923,2014,Mar,27,27/03/2014,,16.38339,119.91585,TS2,,1,Diatom,Thalassiosira spp.,D-Thalassiosira spp.,900
14924,2014,Mar,27,27/03/2014,,16.35572,119.93677,LJC9,,1,Dinoflagellate,Alexandrium spp.,DF-Alexandrium spp.,620
14925,2014,Mar,27,27/03/2014,,16.35572,119.93677,LJC9,,1,Diatom,Coscinodiscus spp.,D-Coscinodiscus spp.,60
14926,2014,Mar,27,27/03/2014,,16.35572,119.93677,LJC9,,1,Diatom,Hemiaulus,D-Hemiaulus,140
14927,2014,Mar,27,27/03/2014,,16.35572,119.93677,LJC9,,1,Diatom,Leptocylindrus spp.,D-Leptocylindrus spp.,520
14928,2014,Mar,27,27/03/2014,,16.35572,119.93677,LJC9,,1,Diatom,Navicula  spp.,D-Navicula  spp.,100
14929,2014,Mar,27,27/03/2014,,16.35572,119.93677,LJC9,,1,Diatom,Odontella spp.,D-Odontella spp.,120
14930,2014,Mar,27,27/03/2014,,16.35572,119.93677,LJC9,,1,Dinoflagellate,Protoperidinium spp.,DF-Protoperidinium spp.,20
14931,2014,Mar,27,27/03/2014,,16.35572,119.93677,LJC9,,1,Diatom,Rhizosolenia spp.,D-Rhizosolenia spp.,40
14932,2014,Mar,27,27/03/2014,,16.35572,119.93677,LJC9,,1,Dinoflagellate,Scrippsiella trochoidea,DF-Scrippsiella trochoidea,40
14933,2014,Mar,27,27/03/2014,,16.35572,119.93677,LJC9,,1,Diatom,Skeletonema,D-Skeletonema,140
14934,2014,Mar,27,27/03/2014,,16.35572,119.93677,LJC9,,1,Diatom,Thalassiosira spp.,D-Thalassiosira spp.,660
14935,2014,Mar,27,27/03/2014,,16.35572,119.93677,LJC9,,1,Silicoflagellate,Tintinopsis,SF-Tintinopsis,220
14936,2014,Mar,27,27/03/2014,,16.39578,119.90667,RVA3,,1,Dinoflagellate,Alexandrium spp.,DF-Alexandrium spp.,2280
14937,2014,Mar,27,27/03/2014,,16.39578,119.90667,RVA3,,1,Diatom,Chaetoceros spp.,D-Chaetoceros spp.,40
14938,2014,Mar,27,27/03/2014,,16.39578,119.90667,RVA3,,1,Diatom,Guinardia,D-Guinardia,120
14939,2014,Mar,27,27/03/2014,,16.39578,119.90667,RVA3,,1,Diatom,Hemiaulus,D-Hemiaulus,1100
14940,2014,Mar,27,27/03/2014,,16.39578,119.90667,RVA3,,1,Diatom,Leptocylindrus spp.,D-Leptocylindrus spp.,20920
14941,2014,Mar,27,27/03/2014,,16.39578,119.90667,RVA3,,1,Diatom,Odontella spp.,D-Odontella spp.,40
14942,2014,Mar,27,27/03/2014,,16.39578,119.90667,RVA3,,1,Dinoflagellate,Prorocentrum micans,DF-Prorocentrum micans,100
14943,2014,Mar,27,27/03/2014,,16.39578,119.90667,RVA3,,1,Dinoflagellate,Protoperidinium divergens,DF-Protoperidinium divergens,1020
14944,2014,Mar,27,27/03/2014,,16.39578,119.90667,RVA3,,1,Dinoflagellate,Scrippsiella trochoidea,DF-Scrippsiella trochoidea,80
14945,2014,Mar,27,27/03/2014,,16.39578,119.90667,RVA3,,1,Diatom,Thalassiosira spp.,D-Thalassiosira spp.,2060
14946,2014,Mar,27,27/03/2014,,16.39578,119.90667,RVA3,,1,Silicoflagellate,Tintinopsis,SF-Tintinopsis,20
14947,2014,Apr,25,25/04/2014,,16.34775,119.93375,A1,,1,Dinoflagellate,Alexandrium spp.,DF-Alexandrium spp.,2160
14948,2014,Apr,25,25/04/2014,,16.34775,119.93375,A1,,1,Diatom,Amphora,D-Amphora,60
14949,2014,Apr,25,25/04/2014,,16.34775,119.93375,A1,,1,Diatom,Cocconeis sp.,D-Cocconeis sp.,20
14950,2014,Apr,25,25/04/2014,,16.34775,119.93375,A1,,1,Diatom,Coscinodiscus spp.,D-Coscinodiscus spp.,260
14951,2014,Apr,25,25/04/2014,,16.34775,119.93375,A1,,1,Dinoflagellate,Dinophysis rotundata,DF-Dinophysis rotundata,580
14952,2014,Apr,25,25/04/2014,,16.34775,119.93375,A1,,1,Dinoflagellate,Dinophysis caudata,DF-Dinophysis caudata,80
14953,2014,Apr,25,25/04/2014,,16.34775,119.93375,A1,,1,Dinoflagellate,Gymnodinium,DF-Gymnodinium,20
14954,2014,Apr,25,25/04/2014,,16.34775,119.93375,A1,,1,Diatom,Nitzschia spp.,D-Nitzschia spp.,20
14955,2014,Apr,25,25/04/2014,,16.34775,119.93375,A1,,1,Dinoflagellate,Peridinium quinquecorne,DF-Peridinium quinquecorne,20
14956,2014,Apr,25,25/04/2014,,16.34775,119.93375,A1,,1,Diatom,Pleurosigma spp.,D-Pleurosigma spp.,60
14957,2014,Apr,25,25/04/2014,,16.34775,119.93375,A1,,1,Dinoflagellate,Prorocentrum micans,DF-Prorocentrum micans,360
14958,2014,Apr,25,25/04/2014,,16.34775,119.93375,A1,,1,Dinoflagellate,Protoperidinium claudica,DF-Protoperidinium claudica,80
14959,2014,Apr,25,25/04/2014,,16.34775,119.93375,A1,,1,Dinoflagellate,Protoperidinium crassipes,DF-Protoperidinium crassipes,220
14960,2014,Apr,25,25/04/2014,,16.34775,119.93375,A1,,1,Dinoflagellate,Protoperidinium depressum,DF-Protoperidinium depressum,520
14961,2014,Apr,25,25/04/2014,,16.34775,119.93375,A1,,1,Dinoflagellate,Protoperidinium divergens,DF-Protoperidinium divergens,420
14962,2014,Apr,25,25/04/2014,,16.34775,119.93375,A1,,1,Dinoflagellate,Protoperidinium oblongum,DF-Protoperidinium oblongum,760
14963,2014,Apr,25,25/04/2014,,16.34775,119.93375,A1,,1,Dinoflagellate,Protoperidinium pallidum,DF-Protoperidinium pallidum,420
14964,2014,Apr,25,25/04/2014,,16.34775,119.93375,A1,,1,Dinoflagellate,Scrippsiella trochoidea,DF-Scrippsiella trochoidea,520
14965,2014,Apr,25,25/04/2014,,16.34775,119.93375,A1,,1,Diatom,Thalassionema spp.,D-Thalassionema spp.,100
14966,2014,Apr,25,25/04/2014,,16.34775,119.93375,A1,,1,Diatom,Thalassiosira spp.,D-Thalassiosira spp.,260
14967,2014,Apr,25,25/04/2014,,16.34775,119.93375,A1,,1,Silicoflagellate,Tintinopsis,SF-Tintinopsis,40
14968,2014,Apr,25,25/04/2014,,16.34775,119.93375,A1,,1,Dinoflagellate,Protoperidinium spp.,DF-Protoperidinium spp.,60
14969,2014,Apr,25,25/04/2014,,16.34775,119.93452,A2,,1,Dinoflagellate,Alexandrium spp.,DF-Alexandrium spp.,380
14970,2014,Apr,25,25/04/2014,,16.34775,119.93452,A2,,1,Diatom,Leptocylindrus spp.,D-Leptocylindrus spp.,40
14971,2014,Apr,25,25/04/2014,,16.34775,119.93452,A2,,1,Diatom,Navicula  spp.,D-Navicula  spp.,40
14972,2014,Apr,25,25/04/2014,,16.34775,119.93452,A2,,1,Diatom,Rhizosolenia spp.,D-Rhizosolenia spp.,20
14973,2014,Apr,25,25/04/2014,,16.34775,119.93452,A2,,1,Diatom,Thalassionema spp.,D-Thalassionema spp.,40
14974,2014,Apr,25,25/04/2014,,16.34775,119.93452,A2,,1,Diatom,Thalassiosira spp.,D-Thalassiosira spp.,160
14975,2014,Apr,25,25/04/2014,,16.34775,119.93452,A2,,1,Silicoflagellate,Tintinopsis,SF-Tintinopsis,40
14976,2014,Apr,25,25/04/2014,,16.33431,119.95731,A3,,1,Dinoflagellate,Alexandrium spp.,DF-Alexandrium spp.,3800
14977,2014,Apr,25,25/04/2014,,16.33431,119.95731,A3,,1,Dinoflagellate,Ceratium furca,DF-Ceratium furca,20
14978,2014,Apr,25,25/04/2014,,16.33431,119.95731,A3,,1,Diatom,Coscinodiscus spp.,D-Coscinodiscus spp.,120
14979,2014,Apr,25,25/04/2014,,16.33431,119.95731,A3,,1,Dinoflagellate,Dinophysis rotundata,DF-Dinophysis rotundata,140
14980,2014,Apr,25,25/04/2014,,16.33431,119.95731,A3,,1,Dinoflagellate,Gymnodinium,DF-Gymnodinium,160
14981,2014,Apr,25,25/04/2014,,16.33431,119.95731,A3,,1,Diatom,Hemiaulus,D-Hemiaulus,20
14982,2014,Apr,25,25/04/2014,,16.33431,119.95731,A3,,1,Diatom,Leptocylindrus spp.,D-Leptocylindrus spp.,120
14983,2014,Apr,25,25/04/2014,,16.33431,119.95731,A3,,1,Diatom,Navicula  spp.,D-Navicula  spp.,40
14984,2014,Apr,25,25/04/2014,,16.33431,119.95731,A3,,1,Diatom,Odontella spp.,D-Odontella spp.,80
14985,2014,Apr,25,25/04/2014,,16.33431,119.95731,A3,,1,Dinoflagellate,Peridinium quinquecorne,DF-Peridinium quinquecorne,20
14986,2014,Apr,25,25/04/2014,,16.33431,119.95731,A3,,1,Dinoflagellate,Prorocentrum micans,DF-Prorocentrum micans,20
14987,2014,Apr,25,25/04/2014,,16.33431,119.95731,A3,,1,Dinoflagellate,Protoperidinium claudica,DF-Protoperidinium claudica,20
14988,2014,Apr,25,25/04/2014,,16.33431,119.95731,A3,,1,Dinoflagellate,Protoperidinium crassipes,DF-Protoperidinium crassipes,40
14989,2014,Apr,25,25/04/2014,,16.33431,119.95731,A3,,1,Dinoflagellate,Protoperidinium oblongum,DF-Protoperidinium oblongum,40
14990,2014,Apr,25,25/04/2014,,16.33431,119.95731,A3,,1,Dinoflagellate,Protoperidinium pallidum,DF-Protoperidinium pallidum,260
14991,2014,Apr,25,25/04/2014,,16.33431,119.95731,A3,,1,Dinoflagellate,Scrippsiella trochoidea,DF-Scrippsiella trochoidea,1460
14992,2014,Apr,25,25/04/2014,,16.33431,119.95731,A3,,1,Diatom,Thalassionema spp.,D-Thalassionema spp.,40
14993,2014,Apr,25,25/04/2014,,16.33431,119.95731,A3,,1,Diatom,Thalassiosira spp.,D-Thalassiosira spp.,100
14994,2014,Apr,25,25/04/2014,,16.33431,119.95731,A3,,1,Silicoflagellate,Tintinopsis,SF-Tintinopsis,60
14995,2014,Apr,25,25/04/2014,,16.28459,119.92285,A4,,1,Dinoflagellate,Alexandrium spp.,DF-Alexandrium spp.,3160
14996,2014,Apr,25,25/04/2014,,16.28459,119.92285,A4,,1,Diatom,Hemiaulus,D-Hemiaulus,60
14997,2014,Apr,25,25/04/2014,,16.28459,119.92285,A4,,1,Diatom,Odontella spp.,D-Odontella spp.,40
14998,2014,Apr,25,25/04/2014,,16.28459,119.92285,A4,,1,Dinoflagellate,Protoperidinium pallidum,DF-Protoperidinium pallidum,140
14999,2014,Apr,25,25/04/2014,,16.28459,119.92285,A4,,1,Diatom,Rhizosolenia spp.,D-Rhizosolenia spp.,40
15000,2014,Apr,25,25/04/2014,,16.28459,119.92285,A4,,1,Dinoflagellate,Scrippsiella trochoidea,DF-Scrippsiella trochoidea,2180
15001,2014,Apr,25,25/04/2014,,16.28459,119.92285,A4,,1,Diatom,Thalassionema spp.,D-Thalassionema spp.,520
15002,2014,Apr,25,25/04/2014,,16.28459,119.92285,A4,,1,Diatom,Thalassiosira spp.,D-Thalassiosira spp.,1140
15003,2014,Apr,25,25/04/2014,,16.28459,119.92285,A4,,1,Silicoflagellate,Tintinopsis,SF-Tintinopsis,120
15004,2014,Apr,25,25/04/2014,,16.27365,119.92599,A5,,1,Dinoflagellate,Alexandrium spp.,DF-Alexandrium spp.,100
15005,2014,Apr,25,25/04/2014,,16.27365,119.92599,A5,,1,Diatom,Cocconeis sp.,D-Cocconeis sp.,60
15006,2014,Apr,25,25/04/2014,,16.27365,119.92599,A5,,1,Dinoflagellate,Gonyaulax ,DF-Gonyaulax,80
15007,2014,Apr,25,25/04/2014,,16.27365,119.92599,A5,,1,Diatom,Navicula  spp.,D-Navicula  spp.,60
15008,2014,Apr,25,25/04/2014,,16.27365,119.92599,A5,,1,Diatom,Nitzschia spp.,D-Nitzschia spp.,260
15009,2014,Apr,25,25/04/2014,,16.27365,119.92599,A5,,1,Diatom,Odontella spp.,D-Odontella spp.,40
15010,2014,Apr,25,25/04/2014,,16.27365,119.92599,A5,,1,Diatom,Thalassionema spp.,D-Thalassionema spp.,820
15011,2014,Apr,25,25/04/2014,,16.27365,119.92599,A5,,1,Diatom,Thalassiosira spp.,D-Thalassiosira spp.,560
15012,2014,Apr,25,25/04/2014,,16.34927,119.94606,W1,,1,Dinoflagellate,Alexandrium spp.,DF-Alexandrium spp.,760
15013,2014,Apr,25,25/04/2014,,16.34927,119.94606,W1,,1,Diatom,Amphora,D-Amphora,120
15014,2014,Apr,25,25/04/2014,,16.34927,119.94606,W1,,1,Diatom,Leptocylindrus spp.,D-Leptocylindrus spp.,40
15015,2014,Apr,25,25/04/2014,,16.34927,119.94606,W1,,1,Diatom,Navicula  spp.,D-Navicula  spp.,220
15016,2014,Apr,25,25/04/2014,,16.34927,119.94606,W1,,1,Diatom,Pleurosigma spp.,D-Pleurosigma spp.,280
15017,2014,Apr,25,25/04/2014,,16.34927,119.94606,W1,,1,Dinoflagellate,Prorocentrum micans,DF-Prorocentrum micans,140
15018,2014,Apr,25,25/04/2014,,16.34927,119.94606,W1,,1,Dinoflagellate,Protoperidinium crassipes,DF-Protoperidinium crassipes,100
15019,2014,Apr,25,25/04/2014,,16.34927,119.94606,W1,,1,Diatom,Rhizosolenia spp.,D-Rhizosolenia spp.,140
15020,2014,Apr,25,25/04/2014,,16.34927,119.94606,W1,,1,Diatom,Thalassionema spp.,D-Thalassionema spp.,240
15021,2014,Apr,25,25/04/2014,,16.34927,119.94606,W1,,1,Diatom,Thalassiosira spp.,D-Thalassiosira spp.,640
15022,2014,Apr,25,25/04/2014,,16.34927,119.94606,W1,,1,Silicoflagellate,Tintinopsis,SF-Tintinopsis,40
15023,2014,Apr,25,25/04/2014,,16.33668,119.94476,W2A,,1,Dinoflagellate,Alexandrium spp.,DF-Alexandrium spp.,7480
15024,2014,Apr,25,25/04/2014,,16.33668,119.94476,W2A,,1,Dinoflagellate,Ceratium furca,DF-Ceratium furca,20
15025,2014,Apr,25,25/04/2014,,16.33668,119.94476,W2A,,1,Diatom,Ceratulina,D-Ceratulina,100
15026,2014,Apr,25,25/04/2014,,16.33668,119.94476,W2A,,1,Diatom,Coscinodiscus spp.,D-Coscinodiscus spp.,100
15027,2014,Apr,25,25/04/2014,,16.33668,119.94476,W2A,,1,Diatom,Diploneis sp,D-Diploneis sp,100
15028,2014,Apr,25,25/04/2014,,16.33668,119.94476,W2A,,1,Dinoflagellate,Gonyaulax ,DF-Gonyaulax,740
15029,2014,Apr,25,25/04/2014,,16.33668,119.94476,W2A,,1,Diatom,Guinardia,D-Guinardia,80
15030,2014,Apr,25,25/04/2014,,16.33668,119.94476,W2A,,1,Diatom,Leptocylindrus spp.,D-Leptocylindrus spp.,2660
15031,2014,Apr,25,25/04/2014,,16.33668,119.94476,W2A,,1,Dinoflagellate,Peridinium quinquecorne,DF-Peridinium quinquecorne,60
15032,2014,Apr,25,25/04/2014,,16.33668,119.94476,W2A,,1,Dinoflagellate,Phalacroma  spp.,DF-Phalacroma  spp.,60
15033,2014,Apr,25,25/04/2014,,16.33668,119.94476,W2A,,1,Dinoflagellate,Prorocentrum mexicanum,DF-Prorocentrum mexicanum,40
15034,2014,Apr,25,25/04/2014,,16.33668,119.94476,W2A,,1,Dinoflagellate,Prorocentrum micans,DF-Prorocentrum micans,680
15035,2014,Apr,25,25/04/2014,,16.33668,119.94476,W2A,,1,Dinoflagellate,Protoperidinium depressum,DF-Protoperidinium depressum,220
15036,2014,Apr,25,25/04/2014,,16.33668,119.94476,W2A,,1,Dinoflagellate,Protoperidinium divergens,DF-Protoperidinium divergens,60
15037,2014,Apr,25,25/04/2014,,16.33668,119.94476,W2A,,1,Dinoflagellate,Protoperidinium oblongum,DF-Protoperidinium oblongum,320
15038,2014,Apr,25,25/04/2014,,16.33668,119.94476,W2A,,1,Dinoflagellate,Protoperidinium pallidum,DF-Protoperidinium pallidum,140
15039,2014,Apr,25,25/04/2014,,16.33668,119.94476,W2A,,1,Dinoflagellate,Scrippsiella trochoidea,DF-Scrippsiella trochoidea,260
15040,2014,Apr,25,25/04/2014,,16.33668,119.94476,W2A,,1,Diatom,Thalassionema spp.,D-Thalassionema spp.,500
15041,2014,Apr,25,25/04/2014,,16.33668,119.94476,W2A,,1,Diatom,Thalassiosira spp.,D-Thalassiosira spp.,9660
15042,2014,Apr,25,25/04/2014,,16.33668,119.94476,W2A,,1,Silicoflagellate,Tintinopsis,SF-Tintinopsis,140
15043,2014,Apr,25,25/04/2014,,16.37073,119.93401,W3,,1,Dinoflagellate,Alexandrium spp.,DF-Alexandrium spp.,460
15044,2014,Apr,25,25/04/2014,,16.37073,119.93401,W3,,1,Diatom,Amphora,D-Amphora,40
15045,2014,Apr,25,25/04/2014,,16.37073,119.93401,W3,,1,Dinoflagellate,Ceratium furca,DF-Ceratium furca,240
15046,2014,Apr,25,25/04/2014,,16.37073,119.93401,W3,,1,Dinoflagellate,Dinophysis rotundata,DF-Dinophysis rotundata,400
15047,2014,Apr,25,25/04/2014,,16.37073,119.93401,W3,,1,Dinoflagellate,Dinophysis caudata,DF-Dinophysis caudata,40
15048,2014,Apr,25,25/04/2014,,16.37073,119.93401,W3,,1,Dinoflagellate,Gonyaulax ,DF-Gonyaulax,400
15049,2014,Apr,25,25/04/2014,,16.37073,119.93401,W3,,1,Diatom,Guinardia,D-Guinardia,40
15050,2014,Apr,25,25/04/2014,,16.37073,119.93401,W3,,1,Diatom,Nitzschia spp.,D-Nitzschia spp.,20
15051,2014,Apr,25,25/04/2014,,16.37073,119.93401,W3,,1,Dinoflagellate,Peridinium quinquecorne,DF-Peridinium quinquecorne,100
15052,2014,Apr,25,25/04/2014,,16.37073,119.93401,W3,,1,Dinoflagellate,Phalacroma  spp.,DF-Phalacroma  spp.,20
15053,2014,Apr,25,25/04/2014,,16.37073,119.93401,W3,,1,Dinoflagellate,Prorocentrum mexicanum,DF-Prorocentrum mexicanum,20
15054,2014,Apr,25,25/04/2014,,16.37073,119.93401,W3,,1,Dinoflagellate,Prorocentrum micans,DF-Prorocentrum micans,20
15055,2014,Apr,25,25/04/2014,,16.37073,119.93401,W3,,1,Dinoflagellate,Protoperidinium crassipes,DF-Protoperidinium crassipes,200
15056,2014,Apr,25,25/04/2014,,16.37073,119.93401,W3,,1,Dinoflagellate,Protoperidinium depressum,DF-Protoperidinium depressum,240
15057,2014,Apr,25,25/04/2014,,16.37073,119.93401,W3,,1,Dinoflagellate,Protoperidinium divergens,DF-Protoperidinium divergens,100
15058,2014,Apr,25,25/04/2014,,16.37073,119.93401,W3,,1,Dinoflagellate,Protoperidinium oblongum,DF-Protoperidinium oblongum,320
15059,2014,Apr,25,25/04/2014,,16.37073,119.93401,W3,,1,Dinoflagellate,Protoperidinium pallidum,DF-Protoperidinium pallidum,140
15060,2014,Apr,25,25/04/2014,,16.37073,119.93401,W3,,1,Dinoflagellate,Scrippsiella trochoidea,DF-Scrippsiella trochoidea,160
15061,2014,Apr,25,25/04/2014,,16.37073,119.93401,W3,,1,Diatom,Thalassiosira spp.,D-Thalassiosira spp.,160
15062,2014,Apr,25,25/04/2014,,16.37073,119.93401,W3,,1,Silicoflagellate,Tintinopsis,SF-Tintinopsis,160
15063,2014,Apr,25,25/04/2014,,16.32003,119.93384,W8,,1,Dinoflagellate,Alexandrium spp.,DF-Alexandrium spp.,480
15064,2014,Apr,25,25/04/2014,,16.32003,119.93384,W8,,1,Diatom,Cocconeis sp.,D-Cocconeis sp.,440
15065,2014,Apr,25,25/04/2014,,16.32003,119.93384,W8,,1,Diatom,Coscinodiscus spp.,D-Coscinodiscus spp.,60
15066,2014,Apr,25,25/04/2014,,16.32003,119.93384,W8,,1,Dinoflagellate,Dinophysis rotundata,DF-Dinophysis rotundata,80
15067,2014,Apr,25,25/04/2014,,16.32003,119.93384,W8,,1,Diatom,Ditylum sp.,D-Ditylum sp.,40
15068,2014,Apr,25,25/04/2014,,16.32003,119.93384,W8,,1,Dinoflagellate,Gonyaulax ,DF-Gonyaulax,100
15069,2014,Apr,25,25/04/2014,,16.32003,119.93384,W8,,1,Diatom,Leptocylindrus spp.,D-Leptocylindrus spp.,20
15070,2014,Apr,25,25/04/2014,,16.32003,119.93384,W8,,1,Diatom,Navicula  spp.,D-Navicula  spp.,120
15071,2014,Apr,25,25/04/2014,,16.32003,119.93384,W8,,1,Diatom,Nitzschia spp.,D-Nitzschia spp.,40
15072,2014,Apr,25,25/04/2014,,16.32003,119.93384,W8,,1,Diatom,Odontella mobiliensis,D-Odontella mobiliensis,20
15073,2014,Apr,25,25/04/2014,,16.32003,119.93384,W8,,1,Dinoflagellate,Prorocentrum micans,DF-Prorocentrum micans,40
15074,2014,Apr,25,25/04/2014,,16.32003,119.93384,W8,,1,Diatom,Thalassionema spp.,D-Thalassionema spp.,300
15075,2014,Apr,25,25/04/2014,,16.32003,119.93384,W8,,1,Diatom,Thalassiosira spp.,D-Thalassiosira spp.,1460
15076,2014,Apr,25,25/04/2014,,16.32003,119.93384,W8,,1,Silicoflagellate,Tintinopsis,SF-Tintinopsis,280
15077,2014,Apr,25,25/04/2014,,16.34775,119.93452,W9,,1,Dinoflagellate,Alexandrium spp.,DF-Alexandrium spp.,1360
15078,2014,Apr,25,25/04/2014,,16.34775,119.93452,W9,,1,Diatom,Coscinodiscus spp.,D-Coscinodiscus spp.,40
15079,2014,Apr,25,25/04/2014,,16.34775,119.93452,W9,,1,Dinoflagellate,Dinophysis rotundata,DF-Dinophysis rotundata,140
15080,2014,Apr,25,25/04/2014,,16.34775,119.93452,W9,,1,Dinoflagellate,Gonyaulax ,DF-Gonyaulax,60
15081,2014,Apr,25,25/04/2014,,16.34775,119.93452,W9,,1,Diatom,Guinardia,D-Guinardia,180
15082,2014,Apr,25,25/04/2014,,16.34775,119.93452,W9,,1,Diatom,Leptocylindrus spp.,D-Leptocylindrus spp.,280
15083,2014,Apr,25,25/04/2014,,16.34775,119.93452,W9,,1,Diatom,Navicula  spp.,D-Navicula  spp.,140
15084,2014,Apr,25,25/04/2014,,16.34775,119.93452,W9,,1,Dinoflagellate,Prorocentrum micans,DF-Prorocentrum micans,140
15085,2014,Apr,25,25/04/2014,,16.34775,119.93452,W9,,1,Dinoflagellate,Protoperidinium crassipes,DF-Protoperidinium crassipes,80
15086,2014,Apr,25,25/04/2014,,16.34775,119.93452,W9,,1,Dinoflagellate,Protoperidinium depressum,DF-Protoperidinium depressum,160
15087,2014,Apr,25,25/04/2014,,16.34775,119.93452,W9,,1,Dinoflagellate,Protoperidinium oblongum,DF-Protoperidinium oblongum,40
15088,2014,Apr,25,25/04/2014,,16.34775,119.93452,W9,,1,Dinoflagellate,Scrippsiella trochoidea,DF-Scrippsiella trochoidea,160
15089,2014,Apr,25,25/04/2014,,16.34775,119.93452,W9,,1,Diatom,Thalassiosira spp.,D-Thalassiosira spp.,480
15090,2014,Apr,25,25/04/2014,,16.34775,119.93452,W9,,1,Silicoflagellate,Tintinopsis,SF-Tintinopsis,220
15091,2014,Apr,25,25/04/2014,,16.37052,119.94857,W10,,1,Dinoflagellate,Alexandrium spp.,DF-Alexandrium spp.,320
15092,2014,Apr,25,25/04/2014,,16.37052,119.94857,W10,,1,Diatom,Amphora,D-Amphora,40
15093,2014,Apr,25,25/04/2014,,16.37052,119.94857,W10,,1,Diatom,Coscinodiscus spp.,D-Coscinodiscus spp.,60
15094,2014,Apr,25,25/04/2014,,16.37052,119.94857,W10,,1,Dinoflagellate,Gonyaulax ,DF-Gonyaulax,180
15095,2014,Apr,25,25/04/2014,,16.37052,119.94857,W10,,1,Dinoflagellate,Peridinium quinquecorne,DF-Peridinium quinquecorne,200
15096,2014,Apr,25,25/04/2014,,16.37052,119.94857,W10,,1,Dinoflagellate,Phalacroma  spp.,DF-Phalacroma  spp.,20
15097,2014,Apr,25,25/04/2014,,16.37052,119.94857,W10,,1,Diatom,Pleurosigma spp.,D-Pleurosigma spp.,120
15098,2014,Apr,25,25/04/2014,,16.37052,119.94857,W10,,1,Dinoflagellate,Prorocentrum micans,DF-Prorocentrum micans,40
15099,2014,Apr,25,25/04/2014,,16.37052,119.94857,W10,,1,Dinoflagellate,Protoperidinium crassipes,DF-Protoperidinium crassipes,80
15100,2014,Apr,25,25/04/2014,,16.37052,119.94857,W10,,1,Dinoflagellate,Protoperidinium divergens,DF-Protoperidinium divergens,160
15101,2014,Apr,25,25/04/2014,,16.37052,119.94857,W10,,1,Dinoflagellate,Protoperidinium oblongum,DF-Protoperidinium oblongum,60
15102,2014,Apr,25,25/04/2014,,16.37052,119.94857,W10,,1,Dinoflagellate,Protoperidinium pallidum,DF-Protoperidinium pallidum,120
15103,2014,Apr,25,25/04/2014,,16.37052,119.94857,W10,,1,Dinoflagellate,Scrippsiella trochoidea,DF-Scrippsiella trochoidea,120
15104,2014,Apr,25,25/04/2014,,16.37052,119.94857,W10,,1,Diatom,Thalassionema spp.,D-Thalassionema spp.,60
15105,2014,Apr,25,25/04/2014,,16.37052,119.94857,W10,,1,Diatom,Thalassiosira spp.,D-Thalassiosira spp.,380
15106,2014,Apr,25,25/04/2014,,16.37052,119.94857,W10,,1,Silicoflagellate,Tintinopsis,SF-Tintinopsis,220
15107,2014,Apr,25,25/04/2014,,16.38326,119.92616,W11,,1,Dinoflagellate,Alexandrium spp.,DF-Alexandrium spp.,500
15108,2014,Apr,25,25/04/2014,,16.38326,119.92616,W11,,1,Dinoflagellate,Ceratium furca,DF-Ceratium furca,60
15109,2014,Apr,25,25/04/2014,,16.38326,119.92616,W11,,1,Dinoflagellate,Ceratium lineatum,DF-Ceratium lineatum,20
15110,2014,Apr,25,25/04/2014,,16.38326,119.92616,W11,,1,Diatom,Coscinodiscus spp.,D-Coscinodiscus spp.,40
15111,2014,Apr,25,25/04/2014,,16.38326,119.92616,W11,,1,Dinoflagellate,Dinophysis rotundata,DF-Dinophysis rotundata,120
15112,2014,Apr,25,25/04/2014,,16.38326,119.92616,W11,,1,Dinoflagellate,Gonyaulax ,DF-Gonyaulax,220
15113,2014,Apr,25,25/04/2014,,16.38326,119.92616,W11,,1,Diatom,Leptocylindrus spp.,D-Leptocylindrus spp.,40
15114,2014,Apr,25,25/04/2014,,16.38326,119.92616,W11,,1,Diatom,Navicula  spp.,D-Navicula  spp.,40
15115,2014,Apr,25,25/04/2014,,16.38326,119.92616,W11,,1,Dinoflagellate,Phalacroma  spp.,DF-Phalacroma  spp.,60
15116,2014,Apr,25,25/04/2014,,16.38326,119.92616,W11,,1,Dinoflagellate,Prorocentrum micans,DF-Prorocentrum micans,20
15117,2014,Apr,25,25/04/2014,,16.38326,119.92616,W11,,1,Dinoflagellate,Protoperidinium crassipes,DF-Protoperidinium crassipes,240
15118,2014,Apr,25,25/04/2014,,16.38326,119.92616,W11,,1,Dinoflagellate,Protoperidinium divergens,DF-Protoperidinium divergens,100
15119,2014,Apr,25,25/04/2014,,16.38326,119.92616,W11,,1,Dinoflagellate,Protoperidinium oblongum,DF-Protoperidinium oblongum,120
15120,2014,Apr,25,25/04/2014,,16.38326,119.92616,W11,,1,Dinoflagellate,Protoperidinium pallidum,DF-Protoperidinium pallidum,80
15121,2014,Apr,25,25/04/2014,,16.38326,119.92616,W11,,1,Diatom,Rhizosolenia spp.,D-Rhizosolenia spp.,40
15122,2014,Apr,25,25/04/2014,,16.38326,119.92616,W11,,1,Dinoflagellate,Scrippsiella trochoidea,DF-Scrippsiella trochoidea,120
15123,2014,Apr,25,25/04/2014,,16.38326,119.92616,W11,,1,Diatom,Thalassionema spp.,D-Thalassionema spp.,120
15124,2014,Apr,25,25/04/2014,,16.38326,119.92616,W11,,1,Diatom,Thalassiosira spp.,D-Thalassiosira spp.,340
15125,2014,Apr,25,25/04/2014,,16.38326,119.92616,W11,,1,Silicoflagellate,Tintinopsis,SF-Tintinopsis,80
15126,2014,Apr,25,25/04/2014,,16.30944,119.92063,TS1,,1,Dinoflagellate,Alexandrium spp.,DF-Alexandrium spp.,3220
15127,2014,Apr,25,25/04/2014,,16.30944,119.92063,TS1,,1,Diatom,Amphora,D-Amphora,20
15128,2014,Apr,25,25/04/2014,,16.30944,119.92063,TS1,,1,Diatom,Coscinodiscus spp.,D-Coscinodiscus spp.,20
15129,2014,Apr,25,25/04/2014,,16.30944,119.92063,TS1,,1,Dinoflagellate,Dinophysis rotundata,DF-Dinophysis rotundata,140
15130,2014,Apr,25,25/04/2014,,16.30944,119.92063,TS1,,1,Dinoflagellate,Dinophysis caudata,DF-Dinophysis caudata,60
15131,2014,Apr,25,25/04/2014,,16.30944,119.92063,TS1,,1,Dinoflagellate,Gonyaulax ,DF-Gonyaulax,1040
15132,2014,Apr,25,25/04/2014,,16.30944,119.92063,TS1,,1,Dinoflagellate,Gymnodinium,DF-Gymnodinium,2020
15133,2014,Apr,25,25/04/2014,,16.30944,119.92063,TS1,,1,Diatom,Leptocylindrus spp.,D-Leptocylindrus spp.,560
15134,2014,Apr,25,25/04/2014,,16.30944,119.92063,TS1,,1,Diatom,Navicula  spp.,D-Navicula  spp.,40
15135,2014,Apr,25,25/04/2014,,16.30944,119.92063,TS1,,1,Diatom,Odontella sinensis,D-Odontella sinensis,140
15136,2014,Apr,25,25/04/2014,,16.30944,119.92063,TS1,,1,Dinoflagellate,Peridinium quinquecorne,DF-Peridinium quinquecorne,80
15137,2014,Apr,25,25/04/2014,,16.30944,119.92063,TS1,,1,Dinoflagellate,Prorocentrum micans,DF-Prorocentrum micans,1260
15138,2014,Apr,25,25/04/2014,,16.30944,119.92063,TS1,,1,Dinoflagellate,Protoperidinium depressum,DF-Protoperidinium depressum,180
15139,2014,Apr,25,25/04/2014,,16.30944,119.92063,TS1,,1,Dinoflagellate,Protoperidinium divergens,DF-Protoperidinium divergens,660
15140,2014,Apr,25,25/04/2014,,16.30944,119.92063,TS1,,1,Dinoflagellate,Protoperidinium oblongum,DF-Protoperidinium oblongum,60
15141,2014,Apr,25,25/04/2014,,16.30944,119.92063,TS1,,1,Dinoflagellate,Protoperidinium pallidum,DF-Protoperidinium pallidum,540
15142,2014,Apr,25,25/04/2014,,16.30944,119.92063,TS1,,1,Diatom,Rhizosolenia spp.,D-Rhizosolenia spp.,40
15143,2014,Apr,25,25/04/2014,,16.30944,119.92063,TS1,,1,Dinoflagellate,Scrippsiella trochoidea,DF-Scrippsiella trochoidea,1120
15144,2014,Apr,25,25/04/2014,,16.30944,119.92063,TS1,,1,Diatom,Thalassionema spp.,D-Thalassionema spp.,360
15145,2014,Apr,25,25/04/2014,,16.30944,119.92063,TS1,,1,Diatom,Thalassiosira spp.,D-Thalassiosira spp.,10840
15146,2014,Apr,25,25/04/2014,,16.30944,119.92063,TS1,,1,Silicoflagellate,Tintinopsis,SF-Tintinopsis,720
15147,2014,Apr,25,25/04/2014,,16.38339,119.91585,TS2,,1,Dinoflagellate,Alexandrium spp.,DF-Alexandrium spp.,160
15148,2014,Apr,25,25/04/2014,,16.38339,119.91585,TS2,,1,Dinoflagellate,Ceratium furca,DF-Ceratium furca,20
15149,2014,Apr,25,25/04/2014,,16.38339,119.91585,TS2,,1,Dinoflagellate,Gonyaulax ,DF-Gonyaulax,20
15150,2014,Apr,25,25/04/2014,,16.38339,119.91585,TS2,,1,Dinoflagellate,Prorocentrum micans,DF-Prorocentrum micans,20
15151,2014,Apr,25,25/04/2014,,16.38339,119.91585,TS2,,1,Diatom,Thalassiosira spp.,D-Thalassiosira spp.,120
15152,2014,Apr,25,25/04/2014,,16.38339,119.91585,TS2,,1,Silicoflagellate,Tintinopsis,SF-Tintinopsis,60
15153,2014,Apr,25,25/04/2014,,16.39578,119.90667,RVA3,,1,Dinoflagellate,Alexandrium spp.,DF-Alexandrium spp.,60
15154,2014,Apr,25,25/04/2014,,16.39578,119.90667,RVA3,,1,Dinoflagellate,Gonyaulax ,DF-Gonyaulax,20
15155,2014,Apr,25,25/04/2014,,16.39578,119.90667,RVA3,,1,Diatom,Thalassiosira spp.,D-Thalassiosira spp.,200
15156,2014,Apr,25,25/04/2014,,16.39578,119.90667,RVA3,,1,Silicoflagellate,Tintinopsis,SF-Tintinopsis,40
15157,2014,Apr,25,25/04/2014,,16.35572,119.93677,LJC9,,1,Dinoflagellate,Alexandrium spp.,DF-Alexandrium spp.,1340
15158,2014,Apr,25,25/04/2014,,16.35572,119.93677,LJC9,,1,Diatom,Chaetoceros spp.,D-Chaetoceros spp.,20
15159,2014,Apr,25,25/04/2014,,16.35572,119.93677,LJC9,,1,Dinoflagellate,Dinophysis rotundata,DF-Dinophysis rotundata,700
15160,2014,Apr,25,25/04/2014,,16.35572,119.93677,LJC9,,1,Dinoflagellate,Gonyaulax polygramma,DF-Gonyaulax polygramma,540
15161,2014,Apr,25,25/04/2014,,16.35572,119.93677,LJC9,,1,Dinoflagellate,Gonyaulax spinifera,DF-Gonyaulax spinifera,260
15162,2014,Apr,25,25/04/2014,,16.35572,119.93677,LJC9,,1,Diatom,Guinardia,D-Guinardia,20
15163,2014,Apr,25,25/04/2014,,16.35572,119.93677,LJC9,,1,Diatom,Hemiaulus,D-Hemiaulus,20
15164,2014,Apr,25,25/04/2014,,16.35572,119.93677,LJC9,,1,Dinoflagellate,Heterocapsa circularisquama,DF-Heterocapsa circularisquama,660
15165,2014,Apr,25,25/04/2014,,16.35572,119.93677,LJC9,,1,Diatom,Leptocylindrus spp.,D-Leptocylindrus spp.,1420
15166,2014,Apr,25,25/04/2014,,16.35572,119.93677,LJC9,,1,Diatom,Melosira,D-Melosira,60
15167,2014,Apr,25,25/04/2014,,16.35572,119.93677,LJC9,,1,Diatom,Navicula  spp.,D-Navicula  spp.,20
15168,2014,Apr,25,25/04/2014,,16.35572,119.93677,LJC9,,1,Diatom,Odontella spp.,D-Odontella spp.,60
15169,2014,Apr,25,25/04/2014,,16.35572,119.93677,LJC9,,1,Dinoflagellate,Peridinium quinquecorne,DF-Peridinium quinquecorne,160
15170,2014,Apr,25,25/04/2014,,16.35572,119.93677,LJC9,,1,Diatom,Pleurosigma spp.,D-Pleurosigma spp.,20
15171,2014,Apr,25,25/04/2014,,16.35572,119.93677,LJC9,,1,Dinoflagellate,Prorocentrum micans,DF-Prorocentrum micans,100
15172,2014,Apr,25,25/04/2014,,16.35572,119.93677,LJC9,,1,Dinoflagellate,Protoperidinium crassipes,DF-Protoperidinium crassipes,460
15173,2014,Apr,25,25/04/2014,,16.35572,119.93677,LJC9,,1,Dinoflagellate,Protoperidinium depressum,DF-Protoperidinium depressum,320
15174,2014,Apr,25,25/04/2014,,16.35572,119.93677,LJC9,,1,Dinoflagellate,Protoperidinium divergens,DF-Protoperidinium divergens,320
15175,2014,Apr,25,25/04/2014,,16.35572,119.93677,LJC9,,1,Dinoflagellate,Protoperidinium oblongum,DF-Protoperidinium oblongum,140
15176,2014,Apr,25,25/04/2014,,16.35572,119.93677,LJC9,,1,Dinoflagellate,Protoperidinium pallidum,DF-Protoperidinium pallidum,360
15177,2014,Apr,25,25/04/2014,,16.35572,119.93677,LJC9,,1,Diatom,Rhizosolenia spp.,D-Rhizosolenia spp.,100
15178,2014,Apr,25,25/04/2014,,16.35572,119.93677,LJC9,,1,Dinoflagellate,Scrippsiella trochoidea,DF-Scrippsiella trochoidea,640
15179,2014,Apr,25,25/04/2014,,16.35572,119.93677,LJC9,,1,Diatom,Thalassionema spp.,D-Thalassionema spp.,140
15180,2014,Apr,25,25/04/2014,,16.35572,119.93677,LJC9,,1,Diatom,Thalassiosira spp.,D-Thalassiosira spp.,2680
15181,2014,Apr,25,25/04/2014,,16.35572,119.93677,LJC9,,1,Silicoflagellate,Tintinopsis,SF-Tintinopsis,960
15182,2014,May,1,01/05/2014,,16.34775,119.93375,A1,,1,Dinoflagellate,Alexandrium spp.,DF-Alexandrium spp.,2840
15183,2014,May,1,01/05/2014,,16.34775,119.93375,A1,,1,Diatom,Amphora,D-Amphora,40
15184,2014,May,1,01/05/2014,,16.34775,119.93375,A1,,1,Diatom,Cylindricotheca closterium,D-Cylindricotheca closterium,180
15185,2014,May,1,01/05/2014,,16.34775,119.93375,A1,,1,Diatom,Leptocylindrus spp.,D-Leptocylindrus spp.,60
15186,2014,May,1,01/05/2014,,16.34775,119.93375,A1,,1,Dinoflagellate,Prorocentrum micans,DF-Prorocentrum micans,860
15187,2014,May,1,01/05/2014,,16.34775,119.93375,A1,,1,Dinoflagellate,Protoperidinium oblongum,DF-Protoperidinium oblongum,60
15188,2014,May,1,01/05/2014,,16.34775,119.93375,A1,,1,Diatom,Rhizosolenia spp.,D-Rhizosolenia spp.,2480
15189,2014,May,1,01/05/2014,,16.34775,119.93375,A1,,1,Diatom,Thalassiosira spp.,D-Thalassiosira spp.,2260
15190,2014,May,1,01/05/2014,,16.34775,119.93375,A1,,1,Silicoflagellate,Tintinopsis,SF-Tintinopsis,80
15191,2014,May,1,01/05/2014,,16.34775,119.93452,A2,,1,Dinoflagellate,Alexandrium spp.,DF-Alexandrium spp.,960
15192,2014,May,1,01/05/2014,,16.34775,119.93452,A2,,1,Dinoflagellate,Gonyaulax ,DF-Gonyaulax,60
15193,2014,May,1,01/05/2014,,16.34775,119.93452,A2,,1,Diatom,Leptocylindrus spp.,D-Leptocylindrus spp.,100
15194,2014,May,1,01/05/2014,,16.34775,119.93452,A2,,1,Dinoflagellate,Peridinium quinquecorne,DF-Peridinium quinquecorne,120
15195,2014,May,1,01/05/2014,,16.34775,119.93452,A2,,1,Dinoflagellate,Prorocentrum micans,DF-Prorocentrum micans,60
15196,2014,May,1,01/05/2014,,16.34775,119.93452,A2,,1,Diatom,Rhizosolenia spp.,D-Rhizosolenia spp.,2420
15197,2014,May,1,01/05/2014,,16.34775,119.93452,A2,,1,Dinoflagellate,Scrippsiella trochoidea,DF-Scrippsiella trochoidea,1060
15198,2014,May,1,01/05/2014,,16.34775,119.93452,A2,,1,Diatom,Thalassionema spp.,D-Thalassionema spp.,60
15199,2014,May,1,01/05/2014,,16.34775,119.93452,A2,,1,Diatom,Thalassiosira spp.,D-Thalassiosira spp.,1260
15200,2014,May,1,01/05/2014,,16.34775,119.93452,A2,,1,Silicoflagellate,Tintinopsis,SF-Tintinopsis,720
15201,2014,May,1,01/05/2014,,16.33431,119.95731,A3,,1,Dinoflagellate,Alexandrium spp.,DF-Alexandrium spp.,3480
15202,2014,May,1,01/05/2014,,16.33431,119.95731,A3,,1,Diatom,Amphora,D-Amphora,140
15203,2014,May,1,01/05/2014,,16.33431,119.95731,A3,,1,Diatom,Cylindricotheca closterium,D-Cylindricotheca closterium,2040
15204,2014,May,1,01/05/2014,,16.33431,119.95731,A3,,1,Diatom,Rhizosolenia spp.,D-Rhizosolenia spp.,3260
15205,2014,May,1,01/05/2014,,16.33431,119.95731,A3,,1,Diatom,Thalassionema spp.,D-Thalassionema spp.,60
15206,2014,May,1,01/05/2014,,16.33431,119.95731,A3,,1,Diatom,Thalassiosira spp.,D-Thalassiosira spp.,3040
15207,2014,May,1,01/05/2014,,16.33431,119.95731,A3,,1,Silicoflagellate,Tintinopsis,SF-Tintinopsis,1020
15208,2014,May,1,01/05/2014,,16.33431,119.95731,A3,,1,Diatom,Trachyneis,D-Trachyneis,60
15209,2014,May,1,01/05/2014,,16.28459,119.92285,A4,,1,Dinoflagellate,Alexandrium spp.,DF-Alexandrium spp.,7080
15210,2014,May,1,01/05/2014,,16.28459,119.92285,A4,,1,Diatom,Chaetoceros spp.,D-Chaetoceros spp.,740
15211,2014,May,1,01/05/2014,,16.28459,119.92285,A4,,1,Diatom,Cylindricotheca closterium,D-Cylindricotheca closterium,140
15212,2014,May,1,01/05/2014,,16.28459,119.92285,A4,,1,Diatom,Guinardia,D-Guinardia,280
15213,2014,May,1,01/05/2014,,16.28459,119.92285,A4,,1,Diatom,Hemiaulus,D-Hemiaulus,1060
15214,2014,May,1,01/05/2014,,16.28459,119.92285,A4,,1,Diatom,Leptocylindrus spp.,D-Leptocylindrus spp.,5740
15215,2014,May,1,01/05/2014,,16.28459,119.92285,A4,,1,Diatom,Navicula  spp.,D-Navicula  spp.,380
15216,2014,May,1,01/05/2014,,16.28459,119.92285,A4,,1,Diatom,Nitzschia spp.,D-Nitzschia spp.,220
15217,2014,May,1,01/05/2014,,16.28459,119.92285,A4,,1,Dinoflagellate,Prorocentrum micans,DF-Prorocentrum micans,140
15218,2014,May,1,01/05/2014,,16.28459,119.92285,A4,,1,Dinoflagellate,Protoperidinium divergens,DF-Protoperidinium divergens,60
15219,2014,May,1,01/05/2014,,16.28459,119.92285,A4,,1,Dinoflagellate,Protoperidinium pallidum,DF-Protoperidinium pallidum,80
15220,2014,May,1,01/05/2014,,16.28459,119.92285,A4,,1,Diatom,Pseudonitzschia spp.,D-Pseudonitzschia spp.,1160
15221,2014,May,1,01/05/2014,,16.28459,119.92285,A4,,1,Diatom,Rhizosolenia spp.,D-Rhizosolenia spp.,680
15222,2014,May,1,01/05/2014,,16.28459,119.92285,A4,,1,Diatom,Skeletonema,D-Skeletonema,4340
15223,2014,May,1,01/05/2014,,16.28459,119.92285,A4,,1,Diatom,Thalassiosira spp.,D-Thalassiosira spp.,6500
15224,2014,May,1,01/05/2014,,16.28459,119.92285,A4,,1,Silicoflagellate,Tintinopsis,SF-Tintinopsis,440
15225,2014,May,1,01/05/2014,,16.27365,119.92599,A5,,1,Dinoflagellate,Alexandrium spp.,DF-Alexandrium spp.,5460
15226,2014,May,1,01/05/2014,,16.27365,119.92599,A5,,1,Diatom,Cocconeis sp.,D-Cocconeis sp.,60
15227,2014,May,1,01/05/2014,,16.27365,119.92599,A5,,1,Dinoflagellate,Prorocentrum micans,DF-Prorocentrum micans,320
15228,2014,May,1,01/05/2014,,16.27365,119.92599,A5,,1,Dinoflagellate,Protoperidinium spp.,DF-Protoperidinium spp.,400
15229,2014,May,1,01/05/2014,,16.27365,119.92599,A5,,1,Diatom,Rhizosolenia spp.,D-Rhizosolenia spp.,560
15230,2014,May,1,01/05/2014,,16.27365,119.92599,A5,,1,Dinoflagellate,Scrippsiella trochoidea,DF-Scrippsiella trochoidea,180
15231,2014,May,1,01/05/2014,,16.27365,119.92599,A5,,1,Diatom,Thalassionema spp.,D-Thalassionema spp.,340
15232,2014,May,1,01/05/2014,,16.27365,119.92599,A5,,1,Diatom,Thalassiosira spp.,D-Thalassiosira spp.,26420
15233,2014,May,1,01/05/2014,,16.34927,119.94606,W1,,1,Dinoflagellate,Alexandrium spp.,DF-Alexandrium spp.,24140
15234,2014,May,1,01/05/2014,,16.34927,119.94606,W1,,1,Diatom,Amphora,D-Amphora,180
15235,2014,May,1,01/05/2014,,16.34927,119.94606,W1,,1,Diatom,Cylindricotheca closterium,D-Cylindricotheca closterium,40
15236,2014,May,1,01/05/2014,,16.34927,119.94606,W1,,1,Dinoflagellate,Gonyaulax ,DF-Gonyaulax,360
15237,2014,May,1,01/05/2014,,16.34927,119.94606,W1,,1,Diatom,Guinardia,D-Guinardia,80
15238,2014,May,1,01/05/2014,,16.34927,119.94606,W1,,1,Diatom,Leptocylindrus spp.,D-Leptocylindrus spp.,1420
15239,2014,May,1,01/05/2014,,16.34927,119.94606,W1,,1,Diatom,Navicula  spp.,D-Navicula  spp.,220
15240,2014,May,1,01/05/2014,,16.34927,119.94606,W1,,1,Dinoflagellate,Peridinium quinquecorne,DF-Peridinium quinquecorne,20
15241,2014,May,1,01/05/2014,,16.34927,119.94606,W1,,1,Dinoflagellate,Phalacroma  spp.,DF-Phalacroma  spp.,40
15242,2014,May,1,01/05/2014,,16.34927,119.94606,W1,,1,Dinoflagellate,Prorocentrum micans,DF-Prorocentrum micans,840
15243,2014,May,1,01/05/2014,,16.34927,119.94606,W1,,1,Dinoflagellate,Protoperidinium divergens,DF-Protoperidinium divergens,120
15244,2014,May,1,01/05/2014,,16.34927,119.94606,W1,,1,Dinoflagellate,Protoperidinium spp.,DF-Protoperidinium spp.,1920
15245,2014,May,1,01/05/2014,,16.34927,119.94606,W1,,1,Diatom,Rhizosolenia spp.,D-Rhizosolenia spp.,4200
15246,2014,May,1,01/05/2014,,16.34927,119.94606,W1,,1,Dinoflagellate,Scrippsiella trochoidea,DF-Scrippsiella trochoidea,320
15247,2014,May,1,01/05/2014,,16.34927,119.94606,W1,,1,Diatom,Skeletonema,D-Skeletonema,40
15248,2014,May,1,01/05/2014,,16.34927,119.94606,W1,,1,Diatom,Thalassiosira spp.,D-Thalassiosira spp.,2460
15249,2014,May,1,01/05/2014,,16.34927,119.94606,W1,,1,Silicoflagellate,Tintinopsis,SF-Tintinopsis,240
15250,2014,May,1,01/05/2014,,16.33668,119.94476,W2A,,1,Dinoflagellate,Alexandrium spp.,DF-Alexandrium spp.,1780
15251,2014,May,1,01/05/2014,,16.33668,119.94476,W2A,,1,Diatom,Amphora,D-Amphora,60
15252,2014,May,1,01/05/2014,,16.33668,119.94476,W2A,,1,Diatom,Cylindricotheca closterium,D-Cylindricotheca closterium,280
15253,2014,May,1,01/05/2014,,16.33668,119.94476,W2A,,1,Diatom,Hemiaulus,D-Hemiaulus,480
15254,2014,May,1,01/05/2014,,16.33668,119.94476,W2A,,1,Dinoflagellate,Prorocentrum micans,DF-Prorocentrum micans,380
15255,2014,May,1,01/05/2014,,16.33668,119.94476,W2A,,1,Dinoflagellate,Protoperidinium spp.,DF-Protoperidinium spp.,220
15256,2014,May,1,01/05/2014,,16.33668,119.94476,W2A,,1,Diatom,Rhizosolenia spp.,D-Rhizosolenia spp.,780
15257,2014,May,1,01/05/2014,,16.33668,119.94476,W2A,,1,Dinoflagellate,Scrippsiella trochoidea,DF-Scrippsiella trochoidea,280
15258,2014,May,1,01/05/2014,,16.33668,119.94476,W2A,,1,Diatom,Thalassiosira spp.,D-Thalassiosira spp.,1700
15259,2014,May,1,01/05/2014,,16.33668,119.94476,W2A,,1,Silicoflagellate,Tintinopsis,SF-Tintinopsis,740
15260,2014,May,1,01/05/2014,,16.37073,119.93401,W3,,1,Dinoflagellate,Alexandrium spp.,DF-Alexandrium spp.,23560
15261,2014,May,1,01/05/2014,,16.37073,119.93401,W3,,1,Diatom,Cylindricotheca closterium,D-Cylindricotheca closterium,140
15262,2014,May,1,01/05/2014,,16.37073,119.93401,W3,,1,Dinoflagellate,Dinophysis rotundata,DF-Dinophysis rotundata,20
15263,2014,May,1,01/05/2014,,16.37073,119.93401,W3,,1,Dinoflagellate,Gonyaulax ,DF-Gonyaulax,120
15264,2014,May,1,01/05/2014,,16.37073,119.93401,W3,,1,Dinoflagellate,Gymnodinium,DF-Gymnodinium,20
15265,2014,May,1,01/05/2014,,16.37073,119.93401,W3,,1,Diatom,Leptocylindrus spp.,D-Leptocylindrus spp.,60
15266,2014,May,1,01/05/2014,,16.37073,119.93401,W3,,1,Diatom,Navicula  spp.,D-Navicula  spp.,20
15267,2014,May,1,01/05/2014,,16.37073,119.93401,W3,,1,Diatom,Nitzschia spp.,D-Nitzschia spp.,60
15268,2014,May,1,01/05/2014,,16.37073,119.93401,W3,,1,Dinoflagellate,Prorocentrum micans,DF-Prorocentrum micans,820
15269,2014,May,1,01/05/2014,,16.37073,119.93401,W3,,1,Dinoflagellate,Protoperidinium depressum,DF-Protoperidinium depressum,360
15270,2014,May,1,01/05/2014,,16.37073,119.93401,W3,,1,Dinoflagellate,Protoperidinium oblongum,DF-Protoperidinium oblongum,180
15271,2014,May,1,01/05/2014,,16.37073,119.93401,W3,,1,Dinoflagellate,Protoperidinium pallidum,DF-Protoperidinium pallidum,1200
15272,2014,May,1,01/05/2014,,16.37073,119.93401,W3,,1,Diatom,Rhizosolenia spp.,D-Rhizosolenia spp.,5040
15273,2014,May,1,01/05/2014,,16.37073,119.93401,W3,,1,Dinoflagellate,Scrippsiella trochoidea,DF-Scrippsiella trochoidea,100
15274,2014,May,1,01/05/2014,,16.37073,119.93401,W3,,1,Diatom,Thalassiosira spp.,D-Thalassiosira spp.,320
15275,2014,May,1,01/05/2014,,16.37073,119.93401,W3,,1,Silicoflagellate,Tintinopsis,SF-Tintinopsis,20
15276,2014,May,1,01/05/2014,,16.32003,119.93384,W8,,1,Dinoflagellate,Alexandrium spp.,DF-Alexandrium spp.,4080
15277,2014,May,1,01/05/2014,,16.32003,119.93384,W8,,1,Diatom,Cylindricotheca closterium,D-Cylindricotheca closterium,940
15278,2014,May,1,01/05/2014,,16.32003,119.93384,W8,,1,Dinoflagellate,Gonyaulax ,DF-Gonyaulax,20
15279,2014,May,1,01/05/2014,,16.32003,119.93384,W8,,1,Dinoflagellate,Prorocentrum micans,DF-Prorocentrum micans,1340
15280,2014,May,1,01/05/2014,,16.32003,119.93384,W8,,1,Dinoflagellate,Protoperidinium spp.,DF-Protoperidinium spp.,280
15281,2014,May,1,01/05/2014,,16.32003,119.93384,W8,,1,Diatom,Rhizosolenia spp.,D-Rhizosolenia spp.,7720
15282,2014,May,1,01/05/2014,,16.32003,119.93384,W8,,1,Dinoflagellate,Scrippsiella trochoidea,DF-Scrippsiella trochoidea,360
15283,2014,May,1,01/05/2014,,16.32003,119.93384,W8,,1,Diatom,Thalassiosira spp.,D-Thalassiosira spp.,4660
15284,2014,May,1,01/05/2014,,16.32003,119.93384,W8,,1,Silicoflagellate,Tintinopsis,SF-Tintinopsis,1180
15285,2014,May,1,01/05/2014,,16.34775,119.93452,W9,,1,Dinoflagellate,Alexandrium spp.,DF-Alexandrium spp.,620
15286,2014,May,1,01/05/2014,,16.34775,119.93452,W9,,1,Dinoflagellate,Ceratium furca,DF-Ceratium furca,40
15287,2014,May,1,01/05/2014,,16.34775,119.93452,W9,,1,Diatom,Cylindricotheca closterium,D-Cylindricotheca closterium,20
15288,2014,May,1,01/05/2014,,16.34775,119.93452,W9,,1,Diatom,Hemiaulus,D-Hemiaulus,140
15289,2014,May,1,01/05/2014,,16.34775,119.93452,W9,,1,Dinoflagellate,Prorocentrum micans,DF-Prorocentrum micans,20
15290,2014,May,1,01/05/2014,,16.34775,119.93452,W9,,1,Diatom,Rhizosolenia spp.,D-Rhizosolenia spp.,100
15291,2014,May,1,01/05/2014,,16.34775,119.93452,W9,,1,Dinoflagellate,Scrippsiella trochoidea,DF-Scrippsiella trochoidea,60
15292,2014,May,1,01/05/2014,,16.34775,119.93452,W9,,1,Diatom,Thalassiosira spp.,D-Thalassiosira spp.,100
15293,2014,May,1,01/05/2014,,16.34775,119.93452,W9,,1,Silicoflagellate,Tintinopsis,SF-Tintinopsis,100
15294,2014,May,1,01/05/2014,,16.37052,119.94857,W10,,1,Dinoflagellate,Alexandrium spp.,DF-Alexandrium spp.,4260
15295,2014,May,1,01/05/2014,,16.37052,119.94857,W10,,1,Diatom,Amphora,D-Amphora,120
15296,2014,May,1,01/05/2014,,16.37052,119.94857,W10,,1,Diatom,Coscinodiscus spp.,D-Coscinodiscus spp.,120
15297,2014,May,1,01/05/2014,,16.37052,119.94857,W10,,1,Dinoflagellate,Gonyaulax ,DF-Gonyaulax,840
15298,2014,May,1,01/05/2014,,16.37052,119.94857,W10,,1,Diatom,Hemiaulus,D-Hemiaulus,120
15299,2014,May,1,01/05/2014,,16.37052,119.94857,W10,,1,Diatom,Leptocylindrus spp.,D-Leptocylindrus spp.,20
15300,2014,May,1,01/05/2014,,16.37052,119.94857,W10,,1,Diatom,Navicula  spp.,D-Navicula  spp.,220
15301,2014,May,1,01/05/2014,,16.37052,119.94857,W10,,1,Dinoflagellate,Peridinium quinquecorne,DF-Peridinium quinquecorne,60
15302,2014,May,1,01/05/2014,,16.37052,119.94857,W10,,1,Diatom,Pleurosigma spp.,D-Pleurosigma spp.,40
15303,2014,May,1,01/05/2014,,16.37052,119.94857,W10,,1,Dinoflagellate,Prorocentrum micans,DF-Prorocentrum micans,820
15304,2014,May,1,01/05/2014,,16.37052,119.94857,W10,,1,Dinoflagellate,Protoperidinium depressum,DF-Protoperidinium depressum,280
15305,2014,May,1,01/05/2014,,16.37052,119.94857,W10,,1,Dinoflagellate,Protoperidinium oblongum,DF-Protoperidinium oblongum,40
15306,2014,May,1,01/05/2014,,16.37052,119.94857,W10,,1,Dinoflagellate,Protoperidinium pallidum,DF-Protoperidinium pallidum,2040
15307,2014,May,1,01/05/2014,,16.37052,119.94857,W10,,1,Diatom,Rhizosolenia spp.,D-Rhizosolenia spp.,1080
15308,2014,May,1,01/05/2014,,16.37052,119.94857,W10,,1,Dinoflagellate,Scrippsiella trochoidea,DF-Scrippsiella trochoidea,1260
15309,2014,May,1,01/05/2014,,16.37052,119.94857,W10,,1,Diatom,Thalassiosira spp.,D-Thalassiosira spp.,880
15310,2014,May,1,01/05/2014,,16.37052,119.94857,W10,,1,Silicoflagellate,Tintinopsis,SF-Tintinopsis,220
15311,2014,May,1,01/05/2014,,16.38326,119.92616,W11,,1,Dinoflagellate,Alexandrium spp.,DF-Alexandrium spp.,14440
15312,2014,May,1,01/05/2014,,16.38326,119.92616,W11,,1,Diatom,Cylindricotheca closterium,D-Cylindricotheca closterium,1840
15313,2014,May,1,01/05/2014,,16.38326,119.92616,W11,,1,Dinoflagellate,Pyrophacus horolgium,DF-Pyrophacus horolgium,8320
15314,2014,May,1,01/05/2014,,16.38326,119.92616,W11,,1,Dinoflagellate,Gymnodinium,DF-Gymnodinium,80
15315,2014,May,1,01/05/2014,,16.38326,119.92616,W11,,1,Diatom,Leptocylindrus spp.,D-Leptocylindrus spp.,6320
15316,2014,May,1,01/05/2014,,16.38326,119.92616,W11,,1,Diatom,Navicula  spp.,D-Navicula  spp.,540
15317,2014,May,1,01/05/2014,,16.38326,119.92616,W11,,1,Diatom,Pleurosigma spp.,D-Pleurosigma spp.,60
15318,2014,May,1,01/05/2014,,16.38326,119.92616,W11,,1,Dinoflagellate,Prorocentrum concavum,DF-Prorocentrum concavum,360
15319,2014,May,1,01/05/2014,,16.38326,119.92616,W11,,1,Dinoflagellate,Prorocentrum micans,DF-Prorocentrum micans,300
15320,2014,May,1,01/05/2014,,16.38326,119.92616,W11,,1,Dinoflagellate,Protoperidinium crassipes,DF-Protoperidinium crassipes,140
15321,2014,May,1,01/05/2014,,16.38326,119.92616,W11,,1,Dinoflagellate,Protoperidinium depressum,DF-Protoperidinium depressum,60
15322,2014,May,1,01/05/2014,,16.38326,119.92616,W11,,1,Dinoflagellate,Protoperidinium oblongum,DF-Protoperidinium oblongum,120
15323,2014,May,1,01/05/2014,,16.38326,119.92616,W11,,1,Dinoflagellate,Protoperidinium pallidum,DF-Protoperidinium pallidum,280
15324,2014,May,1,01/05/2014,,16.38326,119.92616,W11,,1,Diatom,Pseudonitzschia spp.,D-Pseudonitzschia spp.,1180
15325,2014,May,1,01/05/2014,,16.38326,119.92616,W11,,1,Diatom,Rhizosolenia spp.,D-Rhizosolenia spp.,36860
15326,2014,May,1,01/05/2014,,16.38326,119.92616,W11,,1,Dinoflagellate,Scrippsiella trochoidea,DF-Scrippsiella trochoidea,1560
15327,2014,May,1,01/05/2014,,16.38326,119.92616,W11,,1,Diatom,Thalassiosira spp.,D-Thalassiosira spp.,2200
15328,2014,May,1,01/05/2014,,16.30944,119.92063,TS1,,1,Dinoflagellate,Alexandrium spp.,DF-Alexandrium spp.,20940
15329,2014,May,1,01/05/2014,,16.30944,119.92063,TS1,,1,Diatom,Amphora,D-Amphora,80
15330,2014,May,1,01/05/2014,,16.30944,119.92063,TS1,,1,Dinoflagellate,Prorocentrum micans,DF-Prorocentrum micans,140
15331,2014,May,1,01/05/2014,,16.30944,119.92063,TS1,,1,Diatom,Rhizosolenia spp.,D-Rhizosolenia spp.,1620
15332,2014,May,1,01/05/2014,,16.30944,119.92063,TS1,,1,Diatom,Thalassiosira spp.,D-Thalassiosira spp.,14280
15333,2014,May,1,01/05/2014,,16.30944,119.92063,TS1,,1,Silicoflagellate,Tintinopsis,SF-Tintinopsis,740
15334,2014,May,1,01/05/2014,,16.38339,119.91585,TS2,,1,Dinoflagellate,Alexandrium spp.,DF-Alexandrium spp.,4740
15335,2014,May,1,01/05/2014,,16.38339,119.91585,TS2,,1,Diatom,Cylindricotheca closterium,D-Cylindricotheca closterium,500
15336,2014,May,1,01/05/2014,,16.38339,119.91585,TS2,,1,Dinoflagellate,Pyrophacus,DF-Pyrophacus,1480
15337,2014,May,1,01/05/2014,,16.38339,119.91585,TS2,,1,Diatom,Leptocylindrus spp.,D-Leptocylindrus spp.,1680
15338,2014,May,1,01/05/2014,,16.38339,119.91585,TS2,,1,Diatom,Pleurosigma spp.,D-Pleurosigma spp.,60
15339,2014,May,1,01/05/2014,,16.38339,119.91585,TS2,,1,Dinoflagellate,Prorocentrum micans,DF-Prorocentrum micans,80
15340,2014,May,1,01/05/2014,,16.38339,119.91585,TS2,,1,Dinoflagellate,Protoperidinium claudica,DF-Protoperidinium claudica,320
15341,2014,May,1,01/05/2014,,16.38339,119.91585,TS2,,1,Dinoflagellate,Protoperidinium pellucidum,DF-Protoperidinium pellucidum,480
15342,2014,May,1,01/05/2014,,16.38339,119.91585,TS2,,1,Dinoflagellate,Protoperidinium spp.,DF-Protoperidinium spp.,520
15343,2014,May,1,01/05/2014,,16.38339,119.91585,TS2,,1,Diatom,Rhizosolenia spp.,D-Rhizosolenia spp.,28540
15344,2014,May,1,01/05/2014,,16.38339,119.91585,TS2,,1,Dinoflagellate,Scrippsiella trochoidea,DF-Scrippsiella trochoidea,620
15345,2014,May,1,01/05/2014,,16.38339,119.91585,TS2,,1,Diatom,Thalassiosira spp.,D-Thalassiosira spp.,4320
15346,2014,May,1,01/05/2014,,16.39578,119.90667,RVA3,,1,Dinoflagellate,Alexandrium spp.,DF-Alexandrium spp.,360
15347,2014,May,1,01/05/2014,,16.39578,119.90667,RVA3,,1,Dinoflagellate,Pyrophacus,DF-Pyrophacus,20
15348,2014,May,1,01/05/2014,,16.39578,119.90667,RVA3,,1,Dinoflagellate,Gymnodinium,DF-Gymnodinium,60
15349,2014,May,1,01/05/2014,,16.39578,119.90667,RVA3,,1,Diatom,Leptocylindrus spp.,D-Leptocylindrus spp.,60
15350,2014,May,1,01/05/2014,,16.39578,119.90667,RVA3,,1,Diatom,Odontella spp.,D-Odontella spp.,20
15351,2014,May,1,01/05/2014,,16.39578,119.90667,RVA3,,1,Dinoflagellate,Peridinium quinquecorne,DF-Peridinium quinquecorne,20
15352,2014,May,1,01/05/2014,,16.39578,119.90667,RVA3,,1,Dinoflagellate,Prorocentrum micans,DF-Prorocentrum micans,40
15353,2014,May,1,01/05/2014,,16.39578,119.90667,RVA3,,1,Dinoflagellate,Protoperidinium crassipes,DF-Protoperidinium crassipes,180
15354,2014,May,1,01/05/2014,,16.39578,119.90667,RVA3,,1,Dinoflagellate,Protoperidinium pedunculatum,DF-Protoperidinium pedunculatum,40
15355,2014,May,1,01/05/2014,,16.39578,119.90667,RVA3,,1,Dinoflagellate,Protoperidinium pellucidum,DF-Protoperidinium pellucidum,60
15356,2014,May,1,01/05/2014,,16.39578,119.90667,RVA3,,1,Diatom,Rhizosolenia spp.,D-Rhizosolenia spp.,340
15357,2014,May,1,01/05/2014,,16.39578,119.90667,RVA3,,1,Dinoflagellate,Scrippsiella trochoidea,DF-Scrippsiella trochoidea,600
15358,2014,May,1,01/05/2014,,16.39578,119.90667,RVA3,,1,Diatom,Thalassiosira spp.,D-Thalassiosira spp.,580
15359,2014,May,1,01/05/2014,,16.35572,119.93677,LJC9,,1,Dinoflagellate,Alexandrium spp.,DF-Alexandrium spp.,3340
15360,2014,May,1,01/05/2014,,16.35572,119.93677,LJC9,,1,Diatom,Cylindricotheca closterium,D-Cylindricotheca closterium,1020
15361,2014,May,1,01/05/2014,,16.35572,119.93677,LJC9,,1,Dinoflagellate,Gymnodinium,DF-Gymnodinium,340
15362,2014,May,1,01/05/2014,,16.35572,119.93677,LJC9,,1,Dinoflagellate,Prorocentrum micans,DF-Prorocentrum micans,280
15363,2014,May,1,01/05/2014,,16.35572,119.93677,LJC9,,1,Dinoflagellate,Protoperidinium conicum,DF-Protoperidinium conicum,60
15364,2014,May,1,01/05/2014,,16.35572,119.93677,LJC9,,1,Dinoflagellate,Protoperidinium oblongum,DF-Protoperidinium oblongum,80
15365,2014,May,1,01/05/2014,,16.35572,119.93677,LJC9,,1,Dinoflagellate,Protoperidinium pellucidum,DF-Protoperidinium pellucidum,840
15366,2014,May,1,01/05/2014,,16.35572,119.93677,LJC9,,1,Dinoflagellate,Protoperidinium pentagonum,DF-Protoperidinium pentagonum,220
15367,2014,May,1,01/05/2014,,16.35572,119.93677,LJC9,,1,Diatom,Pseudonitzschia spp.,D-Pseudonitzschia spp.,240
15368,2014,May,1,01/05/2014,,16.35572,119.93677,LJC9,,1,Diatom,Rhizosolenia spp.,D-Rhizosolenia spp.,2120
15369,2014,May,1,01/05/2014,,16.35572,119.93677,LJC9,,1,Dinoflagellate,Scrippsiella trochoidea,DF-Scrippsiella trochoidea,2460
15370,2014,May,1,01/05/2014,,16.35572,119.93677,LJC9,,1,Diatom,Thalassiosira spp.,D-Thalassiosira spp.,900
15371,2014,May,1,01/05/2014,,16.35572,119.93677,LJC9,,1,Silicoflagellate,Tintinopsis,SF-Tintinopsis,40
15372,2014,Jun,25,25/06/2014,,16.34775,119.93375,A1,,1,Dinoflagellate,Alexandrium spp.,DF-Alexandrium spp.,1780
15373,2014,Jun,25,25/06/2014,,16.34775,119.93375,A1,,1,Diatom,Nitzschia spp.,D-Nitzschia spp.,220
15374,2014,Jun,25,25/06/2014,,16.34775,119.93375,A1,,1,Dinoflagellate,Prorocentrum micans,DF-Prorocentrum micans,280
15375,2014,Jun,25,25/06/2014,,16.34775,119.93375,A1,,1,Diatom,Rhizosolenia spp.,D-Rhizosolenia spp.,620
15376,2014,Jun,25,25/06/2014,,16.34775,119.93375,A1,,1,Diatom,Thalassiosira spp.,D-Thalassiosira spp.,1240
15377,2014,Jun,25,25/06/2014,,16.34775,119.93375,A1,,1,Silicoflagellate,Tintinopsis,SF-Tintinopsis,500
15378,2014,Jun,25,25/06/2014,,16.34775,119.93452,A2,,1,Dinoflagellate,Alexandrium spp.,DF-Alexandrium spp.,680
15379,2014,Jun,25,25/06/2014,,16.34775,119.93452,A2,,1,Dinoflagellate,Prorocentrum micans,DF-Prorocentrum micans,160
15380,2014,Jun,25,25/06/2014,,16.34775,119.93452,A2,,1,Diatom,Pseudonitzschia spp.,D-Pseudonitzschia spp.,100
15381,2014,Jun,25,25/06/2014,,16.34775,119.93452,A2,,1,Diatom,Rhizosolenia spp.,D-Rhizosolenia spp.,220
15382,2014,Jun,25,25/06/2014,,16.34775,119.93452,A2,,1,Diatom,Thalassionema spp.,D-Thalassionema spp.,180
15383,2014,Jun,25,25/06/2014,,16.34775,119.93452,A2,,1,Diatom,Thalassiosira spp.,D-Thalassiosira spp.,740
15384,2014,Jun,25,25/06/2014,,16.34775,119.93452,A2,,1,Silicoflagellate,Tintinopsis,SF-Tintinopsis,240
15385,2014,Jun,25,25/06/2014,,16.33431,119.95731,A3,,1,Dinoflagellate,Alexandrium spp.,DF-Alexandrium spp.,580
15386,2014,Jun,25,25/06/2014,,16.33431,119.95731,A3,,1,Diatom,Pennate Diatom1,D-Pennate Diatom1,40
15387,2014,Jun,25,25/06/2014,,16.33431,119.95731,A3,,1,Diatom,Navicula  spp.,D-Navicula  spp.,20
15388,2014,Jun,25,25/06/2014,,16.33431,119.95731,A3,,1,Dinoflagellate,Prorocentrum concavum,DF-Prorocentrum concavum,20
15389,2014,Jun,25,25/06/2014,,16.33431,119.95731,A3,,1,Dinoflagellate,Prorocentrum micans,DF-Prorocentrum micans,100
15390,2014,Jun,25,25/06/2014,,16.33431,119.95731,A3,,1,Diatom,Thalassiosira spp.,D-Thalassiosira spp.,360
15391,2014,Jun,25,25/06/2014,,16.33431,119.95731,A3,,1,Silicoflagellate,Tintinopsis,SF-Tintinopsis,360
15392,2014,Jun,25,25/06/2014,,16.28459,119.92285,A4,,1,Dinoflagellate,Alexandrium spp.,DF-Alexandrium spp.,420
15393,2014,Jun,25,25/06/2014,,16.28459,119.92285,A4,,1,Diatom,Coscinodiscus spp.,D-Coscinodiscus spp.,40
15394,2014,Jun,25,25/06/2014,,16.28459,119.92285,A4,,1,Dinoflagellate,Gonyaulax,DF-Gonyaulax,60
15395,2014,Jun,25,25/06/2014,,16.28459,119.92285,A4,,1,Diatom,Nitzschia spp.,D-Nitzschia spp.,40
15396,2014,Jun,25,25/06/2014,,16.28459,119.92285,A4,,1,Diatom,Pleurosigma spp.,D-Pleurosigma spp.,20
15397,2014,Jun,25,25/06/2014,,16.28459,119.92285,A4,,1,Dinoflagellate,Prorocentrum micans,DF-Prorocentrum micans,4360
15398,2014,Jun,25,25/06/2014,,16.28459,119.92285,A4,,1,Dinoflagellate,Protoperidinium conicum,DF-Protoperidinium conicum,280
15399,2014,Jun,25,25/06/2014,,16.28459,119.92285,A4,,1,Dinoflagellate,Protoperidinium oblongum,DF-Protoperidinium oblongum,20
15400,2014,Jun,25,25/06/2014,,16.28459,119.92285,A4,,1,Dinoflagellate,Protoperidinium pallidum,DF-Protoperidinium pallidum,700
15401,2014,Jun,25,25/06/2014,,16.28459,119.92285,A4,,1,Dinoflagellate,Protoperidinium pellucidum,DF-Protoperidinium pellucidum,420
15402,2014,Jun,25,25/06/2014,,16.28459,119.92285,A4,,1,Diatom,Thalassiosira spp.,D-Thalassiosira spp.,220
15403,2014,Jun,25,25/06/2014,,16.28459,119.92285,A4,,1,Silicoflagellate,Tintinopsis,SF-Tintinopsis,440
15404,2014,Jun,25,25/06/2014,,16.27365,119.92599,A5,,1,Dinoflagellate,Alexandrium spp.,DF-Alexandrium spp.,560
15405,2014,Jun,25,25/06/2014,,16.27365,119.92599,A5,,1,Diatom,Navicula  spp.,D-Navicula  spp.,160
15406,2014,Jun,25,25/06/2014,,16.27365,119.92599,A5,,1,Dinoflagellate,Prorocentrum micans,DF-Prorocentrum micans,120
15407,2014,Jun,25,25/06/2014,,16.27365,119.92599,A5,,1,Dinoflagellate,Scrippsiella trochoidea,DF-Scrippsiella trochoidea,60
15408,2014,Jun,25,25/06/2014,,16.27365,119.92599,A5,,1,Diatom,Thalassionema spp.,D-Thalassionema spp.,20
15409,2014,Jun,25,25/06/2014,,16.27365,119.92599,A5,,1,Diatom,Thalassiosira spp.,D-Thalassiosira spp.,980
15410,2014,Jun,25,25/06/2014,,16.27365,119.92599,A5,,1,Silicoflagellate,Tintinopsis,SF-Tintinopsis,40
15411,2014,Jun,25,25/06/2014,,16.34927,119.94606,W1,,1,Dinoflagellate,Alexandrium spp.,DF-Alexandrium spp.,760
15412,2014,Jun,25,25/06/2014,,16.34927,119.94606,W1,,1,Diatom,Amphora,D-Amphora,20
15413,2014,Jun,25,25/06/2014,,16.34927,119.94606,W1,,1,Diatom,Cylindricotheca closterium,D-Cylindricotheca closterium,60
15414,2014,Jun,25,25/06/2014,,16.34927,119.94606,W1,,1,Diatom,Guinardia,D-Guinardia,40
15415,2014,Jun,25,25/06/2014,,16.34927,119.94606,W1,,1,Diatom,Navicula  spp.,D-Navicula  spp.,60
15416,2014,Jun,25,25/06/2014,,16.34927,119.94606,W1,,1,Diatom,Pleurosigma spp.,D-Pleurosigma spp.,100
15417,2014,Jun,25,25/06/2014,,16.34927,119.94606,W1,,1,Dinoflagellate,Protoperidinium spp.,DF-Protoperidinium spp.,40
15418,2014,Jun,25,25/06/2014,,16.34927,119.94606,W1,,1,Diatom,Pseudonitzschia spp.,D-Pseudonitzschia spp.,120
15419,2014,Jun,25,25/06/2014,,16.34927,119.94606,W1,,1,Diatom,Rhizosolenia spp.,D-Rhizosolenia spp.,400
15420,2014,Jun,25,25/06/2014,,16.34927,119.94606,W1,,1,Dinoflagellate,Scrippsiella trochoidea,DF-Scrippsiella trochoidea,60
15421,2014,Jun,25,25/06/2014,,16.34927,119.94606,W1,,1,Diatom,Thalassionema spp.,D-Thalassionema spp.,200
15422,2014,Jun,25,25/06/2014,,16.34927,119.94606,W1,,1,Diatom,Thalassiosira spp.,D-Thalassiosira spp.,120
15423,2014,Jun,25,25/06/2014,,16.34927,119.94606,W1,,1,Silicoflagellate,Tintinopsis,SF-Tintinopsis,780
15424,2014,Jun,25,25/06/2014,,16.33668,119.94476,W2A,,1,Dinoflagellate,Alexandrium spp.,DF-Alexandrium spp.,320
15425,2014,Jun,25,25/06/2014,,16.33668,119.94476,W2A,,1,Diatom,Pleurosigma spp.,D-Pleurosigma spp.,40
15426,2014,Jun,25,25/06/2014,,16.33668,119.94476,W2A,,1,Dinoflagellate,Prorocentrum micans,DF-Prorocentrum micans,60
15427,2014,Jun,25,25/06/2014,,16.33668,119.94476,W2A,,1,Dinoflagellate,Protoperidinium spp.,DF-Protoperidinium spp.,140
15428,2014,Jun,25,25/06/2014,,16.33668,119.94476,W2A,,1,Diatom,Pseudonitzschia spp.,D-Pseudonitzschia spp.,20
15429,2014,Jun,25,25/06/2014,,16.33668,119.94476,W2A,,1,Dinoflagellate,Scrippsiella trochoidea,DF-Scrippsiella trochoidea,80
15430,2014,Jun,25,25/06/2014,,16.33668,119.94476,W2A,,1,Diatom,Thalassionema spp.,D-Thalassionema spp.,80
15431,2014,Jun,25,25/06/2014,,16.33668,119.94476,W2A,,1,Diatom,Thalassiosira spp.,D-Thalassiosira spp.,260
15432,2014,Jun,25,25/06/2014,,16.33668,119.94476,W2A,,1,Silicoflagellate,Tintinopsis,SF-Tintinopsis,420
15433,2014,Jun,25,25/06/2014,,16.37073,119.93401,W3,,1,Dinoflagellate,Alexandrium spp.,DF-Alexandrium spp.,1160
15434,2014,Jun,25,25/06/2014,,16.37073,119.93401,W3,,1,Diatom,Amphora,D-Amphora,60
15435,2014,Jun,25,25/06/2014,,16.37073,119.93401,W3,,1,Diatom,Bacteriastrum spp.,D-Bacteriastrum spp.,20
15436,2014,Jun,25,25/06/2014,,16.37073,119.93401,W3,,1,Diatom,Chaetoceros spp.,D-Chaetoceros spp.,140
15437,2014,Jun,25,25/06/2014,,16.37073,119.93401,W3,,1,Diatom,Cylindricotheca closterium,D-Cylindricotheca closterium,60
15438,2014,Jun,25,25/06/2014,,16.37073,119.93401,W3,,1,Diatom,Navicula  spp.,D-Navicula  spp.,40
15439,2014,Jun,25,25/06/2014,,16.37073,119.93401,W3,,1,Diatom,Nitzschia spp.,D-Nitzschia spp.,20
15440,2014,Jun,25,25/06/2014,,16.37073,119.93401,W3,,1,Dinoflagellate,Peridinium quinquecorne,DF-Peridinium quinquecorne,40
15441,2014,Jun,25,25/06/2014,,16.37073,119.93401,W3,,1,Dinoflagellate,Protoperidinium depressum,DF-Protoperidinium depressum,20
15442,2014,Jun,25,25/06/2014,,16.37073,119.93401,W3,,1,Dinoflagellate,Protoperidinium divergens,DF-Protoperidinium divergens,20
15443,2014,Jun,25,25/06/2014,,16.37073,119.93401,W3,,1,Dinoflagellate,Protoperidinium oblongum,DF-Protoperidinium oblongum,120
15444,2014,Jun,25,25/06/2014,,16.37073,119.93401,W3,,1,Dinoflagellate,Protoperidinium spp.,DF-Protoperidinium spp.,260
15445,2014,Jun,25,25/06/2014,,16.37073,119.93401,W3,,1,Diatom,Pseudonitzschia spp.,D-Pseudonitzschia spp.,780
15446,2014,Jun,25,25/06/2014,,16.37073,119.93401,W3,,1,Diatom,Rhizosolenia spp.,D-Rhizosolenia spp.,900
15447,2014,Jun,25,25/06/2014,,16.37073,119.93401,W3,,1,Dinoflagellate,Scrippsiella trochoidea,DF-Scrippsiella trochoidea,320
15448,2014,Jun,25,25/06/2014,,16.37073,119.93401,W3,,1,Diatom,Thalassionema spp.,D-Thalassionema spp.,920
15449,2014,Jun,25,25/06/2014,,16.37073,119.93401,W3,,1,Diatom,Thalassiosira spp.,D-Thalassiosira spp.,400
15450,2014,Jun,25,25/06/2014,,16.37073,119.93401,W3,,1,Silicoflagellate,Tintinopsis,SF-Tintinopsis,540
15451,2014,Jun,25,25/06/2014,,16.32003,119.93384,W8,,1,Dinoflagellate,Alexandrium spp.,DF-Alexandrium spp.,500
15452,2014,Jun,25,25/06/2014,,16.32003,119.93384,W8,,1,Diatom,Navicula  spp.,D-Navicula  spp.,380
15453,2014,Jun,25,25/06/2014,,16.32003,119.93384,W8,,1,Diatom,Pleurosigma spp.,D-Pleurosigma spp.,160
15454,2014,Jun,25,25/06/2014,,16.32003,119.93384,W8,,1,Diatom,Rhizosolenia spp.,D-Rhizosolenia spp.,480
15455,2014,Jun,25,25/06/2014,,16.32003,119.93384,W8,,1,Diatom,Thalassiosira spp.,D-Thalassiosira spp.,780
15456,2014,Jun,25,25/06/2014,,16.32003,119.93384,W8,,1,Silicoflagellate,Tintinopsis,SF-Tintinopsis,640
15457,2014,Jun,25,25/06/2014,,16.34775,119.93452,W9,,1,Dinoflagellate,Alexandrium spp.,DF-Alexandrium spp.,2680
15458,2014,Jun,25,25/06/2014,,16.34775,119.93452,W9,,1,Diatom,Amphora,D-Amphora,280
15459,2014,Jun,25,25/06/2014,,16.34775,119.93452,W9,,1,Diatom,Navicula  spp.,D-Navicula  spp.,840
15460,2014,Jun,25,25/06/2014,,16.34775,119.93452,W9,,1,Diatom,Rhizosolenia spp.,D-Rhizosolenia spp.,500
15461,2014,Jun,25,25/06/2014,,16.34775,119.93452,W9,,1,Diatom,Thalassionema spp.,D-Thalassionema spp.,720
15462,2014,Jun,25,25/06/2014,,16.34775,119.93452,W9,,1,Diatom,Thalassiosira spp.,D-Thalassiosira spp.,2940
15463,2014,Jun,25,25/06/2014,,16.34775,119.93452,W9,,1,Silicoflagellate,Tintinopsis,SF-Tintinopsis,860
15464,2014,Jun,25,25/06/2014,,16.37052,119.94857,W10,,1,Dinoflagellate,Alexandrium spp.,DF-Alexandrium spp.,540
15465,2014,Jun,25,25/06/2014,,16.37052,119.94857,W10,,1,Dinoflagellate,Gonyaulax,DF-Gonyaulax,40
15466,2014,Jun,25,25/06/2014,,16.37052,119.94857,W10,,1,Diatom,Navicula  spp.,D-Navicula  spp.,40
15467,2014,Jun,25,25/06/2014,,16.37052,119.94857,W10,,1,Diatom,Nitzschia spp.,D-Nitzschia spp.,60
15468,2014,Jun,25,25/06/2014,,16.37052,119.94857,W10,,1,Diatom,Odontella spp.,D-Odontella spp.,20
15469,2014,Jun,25,25/06/2014,,16.37052,119.94857,W10,,1,Dinoflagellate,Prorocentrum micans,DF-Prorocentrum micans,40
15470,2014,Jun,25,25/06/2014,,16.37052,119.94857,W10,,1,Dinoflagellate,Protoperidinium crassipes,DF-Protoperidinium crassipes,140
15471,2014,Jun,25,25/06/2014,,16.37052,119.94857,W10,,1,Dinoflagellate,Protoperidinium divergens,DF-Protoperidinium divergens,20
15472,2014,Jun,25,25/06/2014,,16.37052,119.94857,W10,,1,Dinoflagellate,Protoperidinium oblongum,DF-Protoperidinium oblongum,60
15473,2014,Jun,25,25/06/2014,,16.37052,119.94857,W10,,1,Dinoflagellate,Protoperidinium pellicudum,DF-Protoperidinium pellucidum,40
15474,2014,Jun,25,25/06/2014,,16.37052,119.94857,W10,,1,Dinoflagellate,Protoperidinium spp.,DF-Protoperidinium spp.,20
15475,2014,Jun,25,25/06/2014,,16.37052,119.94857,W10,,1,Diatom,Pseudonitzschia spp.,D-Pseudonitzschia spp.,100
15476,2014,Jun,25,25/06/2014,,16.37052,119.94857,W10,,1,Diatom,Rhizosolenia spp.,D-Rhizosolenia spp.,120
15477,2014,Jun,25,25/06/2014,,16.37052,119.94857,W10,,1,Dinoflagellate,Scrippsiella trochoidea,DF-Scrippsiella trochoidea,40
15478,2014,Jun,25,25/06/2014,,16.37052,119.94857,W10,,1,Diatom,Thalassionema spp.,D-Thalassionema spp.,60
15479,2014,Jun,25,25/06/2014,,16.37052,119.94857,W10,,1,Diatom,Thalassiosira spp.,D-Thalassiosira spp.,140
15480,2014,Jun,25,25/06/2014,,16.37052,119.94857,W10,,1,Silicoflagellate,Tintinopsis,SF-Tintinopsis,720
15481,2014,Jun,25,25/06/2014,,16.38326,119.92616,W11,,1,Dinoflagellate,Alexandrium spp.,DF-Alexandrium spp.,340
15482,2014,Jun,25,25/06/2014,,16.38326,119.92616,W11,,1,Dinoflagellate,Ceratium horridum,DF-Ceratium horridum,20
15483,2014,Jun,25,25/06/2014,,16.38326,119.92616,W11,,1,Dinoflagellate,Gonyaulax,DF-Gonyaulax,80
15484,2014,Jun,25,25/06/2014,,16.38326,119.92616,W11,,1,Diatom,Navicula  spp.,D-Navicula  spp.,20
15485,2014,Jun,25,25/06/2014,,16.38326,119.92616,W11,,1,Dinoflagellate,Protoperidinium depressum,DF-Protoperidinium depressum,40
15486,2014,Jun,25,25/06/2014,,16.38326,119.92616,W11,,1,Dinoflagellate,Protoperidinium oblongum,DF-Protoperidinium oblongum,20
15487,2014,Jun,25,25/06/2014,,16.38326,119.92616,W11,,1,Diatom,Pseudonitzschia spp.,D-Pseudonitzschia spp.,1160
15488,2014,Jun,25,25/06/2014,,16.38326,119.92616,W11,,1,Diatom,Rhizosolenia spp.,D-Rhizosolenia spp.,980
15489,2014,Jun,25,25/06/2014,,16.38326,119.92616,W11,,1,Dinoflagellate,Scrippsiella trochoidea,DF-Scrippsiella trochoidea,100
15490,2014,Jun,25,25/06/2014,,16.38326,119.92616,W11,,1,Diatom,Thalassionema spp.,D-Thalassionema spp.,320
15491,2014,Jun,25,25/06/2014,,16.38326,119.92616,W11,,1,Diatom,Thalassiosira spp.,D-Thalassiosira spp.,120
15492,2014,Jun,25,25/06/2014,,16.38326,119.92616,W11,,1,Silicoflagellate,Tintinopsis,SF-Tintinopsis,220
15493,2014,Jun,25,25/06/2014,,16.30944,119.92063,TS1,,1,Dinoflagellate,Alexandrium spp.,DF-Alexandrium spp.,2200
15494,2014,Jun,25,25/06/2014,,16.30944,119.92063,TS1,,1,Diatom,Amphora,D-Amphora,80
15495,2014,Jun,25,25/06/2014,,16.30944,119.92063,TS1,,1,Diatom,Cocconeis sp.,D-Cocconeis sp.,320
15496,2014,Jun,25,25/06/2014,,16.30944,119.92063,TS1,,1,Diatom,Odontella spp.,D-Odontella spp.,40
15497,2014,Jun,25,25/06/2014,,16.30944,119.92063,TS1,,1,Diatom,Pleurosigma spp.,D-Pleurosigma spp.,140
15498,2014,Jun,25,25/06/2014,,16.30944,119.92063,TS1,,1,Dinoflagellate,Prorocentrum micans,DF-Prorocentrum micans,240
15499,2014,Jun,25,25/06/2014,,16.30944,119.92063,TS1,,1,Dinoflagellate,Protoperidinium depressum,DF-Protoperidinium depressum,80
15500,2014,Jun,25,25/06/2014,,16.30944,119.92063,TS1,,1,Dinoflagellate,Protoperidinium divergens,DF-Protoperidinium divergens,40
15501,2014,Jun,25,25/06/2014,,16.30944,119.92063,TS1,,1,Dinoflagellate,Protoperidinium pellucidum,DF-Protoperidinium pellucidum,40
15502,2014,Jun,25,25/06/2014,,16.30944,119.92063,TS1,,1,Dinoflagellate,Protoperidinium spp.,DF-Protoperidinium spp.,80
15503,2014,Jun,25,25/06/2014,,16.30944,119.92063,TS1,,1,Diatom,Pseudonitzschia spp.,D-Pseudonitzschia spp.,600
15504,2014,Jun,25,25/06/2014,,16.30944,119.92063,TS1,,1,Diatom,Rhizosolenia spp.,D-Rhizosolenia spp.,800
15505,2014,Jun,25,25/06/2014,,16.30944,119.92063,TS1,,1,Dinoflagellate,Scrippsiella trochoidea,DF-Scrippsiella trochoidea,720
15506,2014,Jun,25,25/06/2014,,16.30944,119.92063,TS1,,1,Diatom,Thalassionema spp.,D-Thalassionema spp.,940
15507,2014,Jun,25,25/06/2014,,16.30944,119.92063,TS1,,1,Diatom,Thalassiosira spp.,D-Thalassiosira spp.,2940
15508,2014,Jun,25,25/06/2014,,16.30944,119.92063,TS1,,1,Silicoflagellate,Tintinopsis,SF-Tintinopsis,440
15509,2014,Jun,25,25/06/2014,,16.38339,119.91585,TS2,,1,Dinoflagellate,Alexandrium spp.,DF-Alexandrium spp.,80
15510,2014,Jun,25,25/06/2014,,16.38339,119.91585,TS2,,1,Diatom,Bacteriastrum spp.,D-Bacteriastrum spp.,180
15511,2014,Jun,25,25/06/2014,,16.38339,119.91585,TS2,,1,Diatom,Chaetoceros spp.,D-Chaetoceros spp.,660
15512,2014,Jun,25,25/06/2014,,16.38339,119.91585,TS2,,1,Diatom,Cocconeis sp.,D-Cocconeis sp.,20
15513,2014,Jun,25,25/06/2014,,16.38339,119.91585,TS2,,1,Diatom,Navicula  spp.,D-Navicula  spp.,140
15514,2014,Jun,25,25/06/2014,,16.38339,119.91585,TS2,,1,Diatom,Pleurosigma spp.,D-Pleurosigma spp.,20
15515,2014,Jun,25,25/06/2014,,16.38339,119.91585,TS2,,1,Dinoflagellate,Podolompas,DF-Podolompas,20
15516,2014,Jun,25,25/06/2014,,16.38339,119.91585,TS2,,1,Dinoflagellate,Prorocentrum micans,DF-Prorocentrum micans,140
15517,2014,Jun,25,25/06/2014,,16.38339,119.91585,TS2,,1,Dinoflagellate,Protoperidinium depressum,DF-Protoperidinium depressum,40
15518,2014,Jun,25,25/06/2014,,16.38339,119.91585,TS2,,1,Dinoflagellate,Protoperidinium divergens,DF-Protoperidinium divergens,80
15519,2014,Jun,25,25/06/2014,,16.38339,119.91585,TS2,,1,Dinoflagellate,Protoperidinium oblongum,DF-Protoperidinium oblongum,80
15520,2014,Jun,25,25/06/2014,,16.38339,119.91585,TS2,,1,Dinoflagellate,Protoperidinium pallidum,DF-Protoperidinium pallidum,20
15521,2014,Jun,25,25/06/2014,,16.38339,119.91585,TS2,,1,Dinoflagellate,Protoperidinium spp.,DF-Protoperidinium spp.,40
15522,2014,Jun,25,25/06/2014,,16.38339,119.91585,TS2,,1,Diatom,Pseudonitzschia spp.,D-Pseudonitzschia spp.,220
15523,2014,Jun,25,25/06/2014,,16.38339,119.91585,TS2,,1,Diatom,Rhizosolenia spp.,D-Rhizosolenia spp.,460
15524,2014,Jun,25,25/06/2014,,16.38339,119.91585,TS2,,1,Dinoflagellate,Scrippsiella trochoidea,DF-Scrippsiella trochoidea,100
15525,2014,Jun,25,25/06/2014,,16.38339,119.91585,TS2,,1,Diatom,Thalassionema spp.,D-Thalassionema spp.,1220
15526,2014,Jun,25,25/06/2014,,16.38339,119.91585,TS2,,1,Diatom,Thalassiosira spp.,D-Thalassiosira spp.,140
15527,2014,Jun,25,25/06/2014,,16.38339,119.91585,TS2,,1,Silicoflagellate,Tintinopsis,SF-Tintinopsis,100
15528,2014,Jun,25,25/06/2014,,16.39578,119.90667,RVA3,,1,Dinoflagellate,Alexandrium spp.,DF-Alexandrium spp.,200
15529,2014,Jun,25,25/06/2014,,16.39578,119.90667,RVA3,,1,Diatom,Amphora,D-Amphora,20
15530,2014,Jun,25,25/06/2014,,16.39578,119.90667,RVA3,,1,Diatom,Bacteriastrum spp.,D-Bacteriastrum spp.,60
15531,2014,Jun,25,25/06/2014,,16.39578,119.90667,RVA3,,1,Dinoflagellate,Ceratium furca,DF-Ceratium furca,60
15532,2014,Jun,25,25/06/2014,,16.39578,119.90667,RVA3,,1,Diatom,Chaetoceros spp.,D-Chaetoceros spp.,240
15533,2014,Jun,25,25/06/2014,,16.39578,119.90667,RVA3,,1,Diatom,Guinardia,D-Guinardia,120
15534,2014,Jun,25,25/06/2014,,16.39578,119.90667,RVA3,,1,Diatom,Odontella spp.,D-Odontella spp.,20
15535,2014,Jun,25,25/06/2014,,16.39578,119.90667,RVA3,,1,Dinoflagellate,Prorocentrum micans,DF-Prorocentrum micans,120
15536,2014,Jun,25,25/06/2014,,16.39578,119.90667,RVA3,,1,Dinoflagellate,Protoperidinium divergens,DF-Protoperidinium divergens,60
15537,2014,Jun,25,25/06/2014,,16.39578,119.90667,RVA3,,1,Dinoflagellate,Protoperidinium oblongum,DF-Protoperidinium oblongum,100
15538,2014,Jun,25,25/06/2014,,16.39578,119.90667,RVA3,,1,Dinoflagellate,Protoperidinium spp.,DF-Protoperidinium spp.,40
15539,2014,Jun,25,25/06/2014,,16.39578,119.90667,RVA3,,1,Diatom,Pseudonitzschia spp.,D-Pseudonitzschia spp.,60
15540,2014,Jun,25,25/06/2014,,16.39578,119.90667,RVA3,,1,Diatom,Rhizosolenia spp.,D-Rhizosolenia spp.,220
15541,2014,Jun,25,25/06/2014,,16.39578,119.90667,RVA3,,1,Diatom,Thalassionema spp.,D-Thalassionema spp.,1080
15542,2014,Jun,25,25/06/2014,,16.39578,119.90667,RVA3,,1,Diatom,Thalassiosira spp.,D-Thalassiosira spp.,180
15543,2014,Jun,25,25/06/2014,,16.39578,119.90667,RVA3,,1,Silicoflagellate,Tintinopsis,SF-Tintinopsis,40
15544,2014,Jun,25,25/06/2014,,16.35572,119.93677,LJC9,,1,Dinoflagellate,Alexandrium spp.,DF-Alexandrium spp.,340
15545,2014,Jun,25,25/06/2014,,16.35572,119.93677,LJC9,,1,Diatom,Cylindricotheca closterium,D-Cylindricotheca closterium,120
15546,2014,Jun,25,25/06/2014,,16.35572,119.93677,LJC9,,1,Diatom,Navicula  spp.,D-Navicula  spp.,180
15547,2014,Jun,25,25/06/2014,,16.35572,119.93677,LJC9,,1,Dinoflagellate,Prorocentrum micans,DF-Prorocentrum micans,140
15548,2014,Jun,25,25/06/2014,,16.35572,119.93677,LJC9,,1,Diatom,Pseudonitzschia spp.,D-Pseudonitzschia spp.,140
15549,2014,Jun,25,25/06/2014,,16.35572,119.93677,LJC9,,1,Diatom,Rhizosolenia spp.,D-Rhizosolenia spp.,1180
15550,2014,Jun,25,25/06/2014,,16.35572,119.93677,LJC9,,1,Diatom,Thalassionema spp.,D-Thalassionema spp.,560
15551,2014,Jun,25,25/06/2014,,16.35572,119.93677,LJC9,,1,Diatom,Thalassiosira spp.,D-Thalassiosira spp.,420
15552,2014,Jun,25,25/06/2014,,16.35572,119.93677,LJC9,,1,Silicoflagellate,Tintinopsis,SF-Tintinopsis,260
15553,2014,Nov,19,19/11/2014,,,,W1,,NS,Diatom,Cylindricotheca closterium,D-Cylindricotheca closterium,20
15554,2014,Nov,19,19/11/2014,,,,W1,,NS,Diatom,Fragilariopsis sp.,D-Fragilariopsis sp.,40
15555,2014,Nov,19,19/11/2014,,,,W1,,NS,Diatom,Guinardia,D-Guinardia,60
15556,2014,Nov,19,19/11/2014,,,,W1,,NS,Diatom,Navicula  spp.,D-Navicula  spp.,160
15557,2014,Nov,19,19/11/2014,,,,W1,,NS,Diatom,Nitzschia spp.,D-Nitzschia spp.,80
15558,2014,Nov,19,19/11/2014,,,,W1,,NS,Diatom,Pleurosigma sp,D-Pleurosigma sp,2460
15559,2014,Nov,19,19/11/2014,,,,W1,,NS,Diatom,Skeletonema,D-Skeletonema,40
15560,2014,Nov,19,19/11/2014,,,,W1,,NS,,Stretotheca,Stretotheca,100
15561,2014,Nov,19,19/11/2014,,,,W1,,NS,Diatom,Thalassiosira spp.,D-Thalassiosira spp.,14940
15562,2014,Nov,19,19/11/2014,,,,W1,,NS,Dinoflagellate,Ceratium furca,DF-Ceratium furca,100
15563,2014,Nov,19,19/11/2014,,,,W1,,NS,Dinoflagellate,Dinophysis caudata,DF-Dinophysis caudata,20
15564,2014,Nov,19,19/11/2014,,,,W1,,NS,Dinoflagellate,Gymnodinium,DF-Gymnodinium,200
15565,2014,Nov,19,19/11/2014,,,,W1,,NS,Dinoflagellate,Gymnodinium catenatum,DF-Gymnodinium catenatum,20
15566,2014,Nov,19,19/11/2014,,,,W1,,NS,Dinoflagellate,Heterocapsa circularisquama,DF-Heterocapsa circularisquama,60
15567,2014,Nov,19,19/11/2014,,,,W1,,NS,Dinoflagellate,Prorocentrum gracile,DF-Prorocentrum gracile,20
15568,2014,Nov,19,19/11/2014,,,,W1,,NS,Dinoflagellate,Prorocentrum micans,DF-Prorocentrum micans,60
15569,2014,Nov,19,19/11/2014,,,,W1,,NS,Dinoflagellate,Protoperidinium conicum,DF-Protoperidinium conicum,40
15570,2014,Nov,19,19/11/2014,,,,W1,,NS,Dinoflagellate,Protoperidinium depressum,DF-Protoperidinium depressum,120
15571,2014,Nov,19,19/11/2014,,,,W1,,NS,Dinoflagellate,Protoperidinium divergens,DF-Protoperidinium divergens,20
15572,2014,Nov,19,19/11/2014,,,,W1,,NS,Dinoflagellate,Protoperidinium oblongum,DF-Protoperidinium oblongum,140
15573,2014,Nov,19,19/11/2014,,,,W1,,NS,Dinoflagellate,Protoperidinium pallidum,DF-Protoperidinium pallidum,20
15574,2014,Nov,19,19/11/2014,,,,W1,,NS,Dinoflagellate,Protoperidinium pellucidum,DF-Protoperidinium pellucidum,120
15575,2014,Nov,19,19/11/2014,,,,W1,,NS,Dinoflagellate,Protoperidinium pentagonum,DF-Protoperidinium pentagonum,20
15576,2014,Nov,19,19/11/2014,,,,W1,,NS,Dinoflagellate,Protoperidinium tellissinium,DF-Protoperidinium tellissinium,180
15577,2014,Nov,19,19/11/2014,,,,W1,,NS,Dinoflagellate,Scrippsiella trochoidea,DF-Scrippsiella trochoidea,180
15578,2014,Nov,19,19/11/2014,,,,A1,,NS,Diatom,Odontella sp.,D-Odontella sp.,280
15579,2014,Nov,19,19/11/2014,,,,A1,,NS,Diatom,Rhizosolenia spp.,D-Rhizosolenia spp.,280
15580,2014,Nov,19,19/11/2014,,,,A1,,NS,,Stretotheca,Stretotheca,240
15581,2014,Nov,19,19/11/2014,,,,A1,,NS,Diatom,Thalassiosira spp.,D-Thalassiosira spp.,100
15582,2014,Nov,19,19/11/2014,,,,A1,,NS,Dinoflagellate,Ceratium furca,DF-Ceratium furca,120
15583,2014,Nov,19,19/11/2014,,,,A1,,NS,Dinoflagellate,Dinophysis caudata,DF-Dinophysis caudata,100
15584,2014,Nov,19,19/11/2014,,,,A1,,NS,Dinoflagellate,Diplopsalis orbicularis,DF-Diplopsalis orbicularis,20
15585,2014,Nov,19,19/11/2014,,,,A1,,NS,Dinoflagellate,Gonyaulax,DF-Gonyaulax,80
15586,2014,Nov,19,19/11/2014,,,,A1,,NS,Dinoflagellate,Gymnodinium catenatum,DF-Gymnodinium catenatum,60
15587,2014,Nov,19,19/11/2014,,,,A1,,NS,Dinoflagellate,Gyrodinium sp.,DF-Gyrodinium sp.,40
15588,2014,Nov,19,19/11/2014,,,,A1,,NS,Dinoflagellate,Gyrodinium spirale,DF-Gyrodinium spirale,40
15589,2014,Nov,19,19/11/2014,,,,A1,,NS,Dinoflagellate,Peridinium quinquecorne,DF-Peridinium quinquecorne,20
15590,2014,Nov,19,19/11/2014,,,,A1,,NS,Dinoflagellate,Prorocentrum micans,DF-Prorocentrum micans,40
15591,2014,Nov,19,19/11/2014,,,,A1,,NS,Dinoflagellate,Protoperidinium conicum,DF-Protoperidinium conicum,360
15592,2014,Nov,19,19/11/2014,,,,A1,,NS,Dinoflagellate,Protoperidinium depressum,DF-Protoperidinium depressum,280
15593,2014,Nov,19,19/11/2014,,,,A1,,NS,Dinoflagellate,Protoperidinium divergens,DF-Protoperidinium divergens,180
15594,2014,Nov,19,19/11/2014,,,,A1,,NS,Dinoflagellate,Protoperidinium grande,DF-Protoperidinium grande,140
15595,2014,Nov,19,19/11/2014,,,,A1,,NS,Dinoflagellate,Protoperidinium latispinum,DF-Protoperidinium latispinum,100
15596,2014,Nov,19,19/11/2014,,,,A1,,NS,Dinoflagellate,Protoperidinium oblongum,DF-Protoperidinium oblongum,520
15597,2014,Nov,19,19/11/2014,,,,A1,,NS,Dinoflagellate,Protoperidinium ocenaicum,DF-Protoperidinium ocenaicum,220
15598,2014,Nov,19,19/11/2014,,,,A1,,NS,Dinoflagellate,Protoperidinium pallidum,DF-Protoperidinium pallidum,80
15599,2014,Nov,19,19/11/2014,,,,A1,,NS,Dinoflagellate,Protoperidinium pellucidum,DF-Protoperidinium pellucidum,180
15600,2014,Nov,19,19/11/2014,,,,A1,,NS,Dinoflagellate,Protoperidinium pentagonum,DF-Protoperidinium pentagonum,100
15601,2014,Nov,19,19/11/2014,,,,A1,,NS,Dinoflagellate,Protoperidinium tellissinium,DF-Protoperidinium tellissinium,180
15602,2014,Nov,19,19/11/2014,,,,TS1,,NS,Diatom,Cylindricotheca closterium,D-Cylindricotheca closterium,100
15603,2014,Nov,19,19/11/2014,,,,TS1,,NS,Diatom,Fragilariopsis sp.,D-Fragilariopsis sp.,40
15604,2014,Nov,19,19/11/2014,,,,TS1,,NS,Diatom,Guinardia,D-Guinardia,20
15605,2014,Nov,19,19/11/2014,,,,TS1,,NS,Diatom,Navicula  spp.,D-Navicula  spp.,200
15606,2014,Nov,19,19/11/2014,,,,TS1,,NS,Diatom,Nitzschia spp.,D-Nitzschia spp.,1560
15607,2014,Nov,19,19/11/2014,,,,TS1,,NS,Diatom,Pleurosigma sp,D-Pleurosigma sp,60
15608,2014,Nov,19,19/11/2014,,,,TS1,,NS,Diatom,Rhizosolenia spp.,D-Rhizosolenia spp.,2320
15609,2014,Nov,19,19/11/2014,,,,TS1,,NS,Diatom,Skeletonema,D-Skeletonema,60
15610,2014,Nov,19,19/11/2014,,,,TS1,,NS,Diatom,Thalassiosira spp.,D-Thalassiosira spp.,3740
15611,2014,Nov,19,19/11/2014,,,,TS1,,NS,Dinoflagellate,Alexandrium spp.,DF-Alexandrium spp.,160
15612,2014,Nov,19,19/11/2014,,,,TS1,,NS,Dinoflagellate,Dinophysis acuminata,DF-Dinophysis acuminata,20
15613,2014,Nov,19,19/11/2014,,,,TS1,,NS,Dinoflagellate,Dinophysis caudata,DF-Dinophysis caudata,40
15614,2014,Nov,19,19/11/2014,,,,TS1,,NS,Dinoflagellate,Diplopsalis spp.,DF-Diplopsalis spp.,20
15615,2014,Nov,19,19/11/2014,,,,TS1,,NS,Dinoflagellate,Gonyaulax,DF-Gonyaulax,60
15616,2014,Nov,19,19/11/2014,,,,TS1,,NS,Dinoflagellate,Gymnodinium catenatum,DF-Gymnodinium catenatum,240
15617,2014,Nov,19,19/11/2014,,,,TS1,,NS,Dinoflagellate,Heterocapsa circularisquama,DF-Heterocapsa circularisquama,20
15618,2014,Nov,19,19/11/2014,,,,TS1,,NS,Dinoflagellate,Peridinium quinquecorne,DF-Peridinium quinquecorne,1020
15619,2014,Nov,19,19/11/2014,,,,TS1,,NS,Dinoflagellate,Prorocentrum lima,DF-Prorocentrum lima,420
15620,2014,Nov,19,19/11/2014,,,,TS1,,NS,Dinoflagellate,Prorocentrum micans,DF-Prorocentrum micans,220
15621,2014,Nov,19,19/11/2014,,,,TS1,,NS,Dinoflagellate,Protoperidinium conicum,DF-Protoperidinium conicum,80
15622,2014,Nov,19,19/11/2014,,,,TS1,,NS,Dinoflagellate,Protoperidinium depressum,DF-Protoperidinium depressum,220
15623,2014,Nov,19,19/11/2014,,,,TS1,,NS,Dinoflagellate,Protoperidinium divergens,DF-Protoperidinium divergens,40
15624,2014,Nov,19,19/11/2014,,,,TS1,,NS,Dinoflagellate,Protoperidinium grande,DF-Protoperidinium grande,100
15625,2014,Nov,19,19/11/2014,,,,TS1,,NS,Dinoflagellate,Protoperidinium latispinum,DF-Protoperidinium latispinum,80
15626,2014,Nov,19,19/11/2014,,,,TS1,,NS,Dinoflagellate,Protoperidinium oblongum,DF-Protoperidinium oblongum,360
15627,2014,Nov,19,19/11/2014,,,,TS1,,NS,Dinoflagellate,Protoperidinium pellucidum,DF-Protoperidinium pellucidum,120
15628,2014,Nov,19,19/11/2014,,,,TS1,,NS,Dinoflagellate,Protoperidinium tellissinium,DF-Protoperidinium tellissinium,80
15629,2014,Nov,19,19/11/2014,,,,TS1,,NS,Dinoflagellate,Scrippsiella trochoidea,DF-Scrippsiella trochoidea,780
15630,2014,Nov,19,19/11/2014,,,,TS1,,NB,Diatom,Rhizosolenia spp.,D-Rhizosolenia spp.,1760
15631,2014,Nov,19,19/11/2014,,,,TS1,,NB,Diatom,Skeletonema,D-Skeletonema,320
15632,2014,Nov,19,19/11/2014,,,,TS1,,NB,Diatom,Thalassiosira spp.,D-Thalassiosira spp.,2380
15633,2014,Nov,19,19/11/2014,,,,TS1,,NB,Dinoflagellate,Alexandrium spp.,DF-Alexandrium spp.,40
15634,2014,Nov,19,19/11/2014,,,,TS1,,NB,Dinoflagellate,Dinophysis acuminata,DF-Dinophysis acuminata,20
15635,2014,Nov,19,19/11/2014,,,,TS1,,NB,Dinoflagellate,Dinophysis caudata,DF-Dinophysis caudata,20
15636,2014,Nov,19,19/11/2014,,,,TS1,,NB,Dinoflagellate,Diplopsalis orbicularis,DF-Diplopsalis orbicularis,20
15637,2014,Nov,19,19/11/2014,,,,TS1,,NB,Dinoflagellate,Gonyaulax,DF-Gonyaulax,20
15638,2014,Nov,19,19/11/2014,,,,TS1,,NB,Dinoflagellate,Gymnodinium catenatum,DF-Gymnodinium catenatum,120
15639,2014,Nov,19,19/11/2014,,,,TS1,,NB,Dinoflagellate,Peridinium quinquecorne,DF-Peridinium quinquecorne,20
15640,2014,Nov,19,19/11/2014,,,,TS1,,NB,Dinoflagellate,Prorocentrum lima,DF-Prorocentrum lima,80
15641,2014,Nov,19,19/11/2014,,,,TS1,,NB,Dinoflagellate,Protoperidinium conicum,DF-Protoperidinium conicum,20
15642,2014,Nov,19,19/11/2014,,,,TS1,,NB,Dinoflagellate,Protoperidinium depressum,DF-Protoperidinium depressum,20
15643,2014,Nov,19,19/11/2014,,,,TS1,,NB,Dinoflagellate,Protoperidinium divergens,DF-Protoperidinium divergens,40
15644,2014,Nov,19,19/11/2014,,,,TS1,,NB,Dinoflagellate,Protoperidinium latispinum,DF-Protoperidinium latispinum,40
15645,2014,Nov,19,19/11/2014,,,,TS1,,NB,Dinoflagellate,Protoperidinium oblongum,DF-Protoperidinium oblongum,100
15646,2014,Nov,19,19/11/2014,,,,TS1,,NB,Dinoflagellate,Protoperidinium pallidum,DF-Protoperidinium pallidum,40
15647,2014,Nov,19,19/11/2014,,,,TS1,,NB,Dinoflagellate,Scrippsiella trochoidea,DF-Scrippsiella trochoidea,160
15648,2014,Nov,19,19/11/2014,,,,A4,,NS,Diatom,Guinardia,D-Guinardia,100
15649,2014,Nov,19,19/11/2014,,,,A4,,NS,Diatom,Navicula  spp.,D-Navicula  spp.,20
15650,2014,Nov,19,19/11/2014,,,,A4,,NS,Diatom,Nitzschia spp.,D-Nitzschia spp.,280
15651,2014,Nov,19,19/11/2014,,,,A4,,NS,Diatom,Rhizosolenia spp.,D-Rhizosolenia spp.,340
15652,2014,Nov,19,19/11/2014,,,,A4,,NS,Diatom,Skeletonema,D-Skeletonema,220
15653,2014,Nov,19,19/11/2014,,,,A4,,NS,Diatom,Thalassionema spp.,D-Thalassionema spp.,40
15654,2014,Nov,19,19/11/2014,,,,A4,,NS,Diatom,Thalassiosira spp.,D-Thalassiosira spp.,100
15655,2014,Nov,19,19/11/2014,,,,A4,,NS,Dinoflagellate,Diplopsalis orbicularis,DF-Diplopsalis orbicularis,40
15656,2014,Nov,19,19/11/2014,,,,A4,,NS,Dinoflagellate,Gymnodinium catenatum,DF-Gymnodinium catenatum,60
15657,2014,Nov,19,19/11/2014,,,,A4,,NS,Dinoflagellate,Peridinium quinquecorne,DF-Peridinium quinquecorne,40
15658,2014,Nov,19,19/11/2014,,,,A4,,NS,Dinoflagellate,Protoperidinium conicum,DF-Protoperidinium conicum,60
15659,2014,Nov,19,19/11/2014,,,,A4,,NS,Dinoflagellate,Protoperidinium depressum,DF-Protoperidinium depressum,100
15660,2014,Nov,19,19/11/2014,,,,A4,,NS,Dinoflagellate,Protoperidinium divergens,DF-Protoperidinium divergens,20
15661,2014,Nov,19,19/11/2014,,,,A4,,NS,Dinoflagellate,Protoperidinium grande,DF-Protoperidinium grande,40
15662,2014,Nov,19,19/11/2014,,,,A4,,NS,Dinoflagellate,Protoperidinium oblongum,DF-Protoperidinium oblongum,40
15663,2014,Nov,19,19/11/2014,,,,A4,,NS,Dinoflagellate,Protoperidinium oceanicum,DF-Protoperidinium ocenaicum,20
15664,2014,Nov,19,19/11/2014,,,,A4,,NS,Dinoflagellate,Protoperidinium pallidum,DF-Protoperidinium pallidum,60
15665,2014,Nov,19,19/11/2014,,,,A4,,NS,Dinoflagellate,Protoperidinium pellucidum,DF-Protoperidinium pellucidum,80
15666,2014,Nov,19,19/11/2014,,,,A4,,NS,Dinoflagellate,Protoperidinium tellissinium,DF-Protoperidinium tellissinium,80
15667,2014,Nov,19,19/11/2014,,,,A2,,NS,Diatom,Fragilariopsis sp.,D-Fragilariopsis sp.,20
15668,2014,Nov,19,19/11/2014,,,,A2,,NS,Diatom,Guinardia,D-Guinardia,180
15669,2014,Nov,19,19/11/2014,,,,A2,,NS,Diatom,Navicula  spp.,D-Navicula  spp.,160
15670,2014,Nov,19,19/11/2014,,,,A2,,NS,Diatom,Nitzschia spp.,D-Nitzschia spp.,220
15671,2014,Nov,19,19/11/2014,,,,A2,,NS,Diatom,Rhizosolenia spp.,D-Rhizosolenia spp.,1560
15672,2014,Nov,19,19/11/2014,,,,A2,,NS,Diatom,Thalassiosira spp.,D-Thalassiosira spp.,500
15673,2014,Nov,19,19/11/2014,,,,A2,,NS,Dinoflagellate,Ceratium furca,DF-Ceratium furca,60
15674,2014,Nov,19,19/11/2014,,,,A2,,NS,Dinoflagellate,Diplopsalis spp.,DF-Diplopsalis spp.,40
15675,2014,Nov,19,19/11/2014,,,,A2,,NS,Dinoflagellate,Gonyaulax,DF-Gonyaulax,60
15676,2014,Nov,19,19/11/2014,,,,A2,,NS,Dinoflagellate,Gymnodinium catenatum,DF-Gymnodinium catenatum,260
15677,2014,Nov,19,19/11/2014,,,,A2,,NS,Dinoflagellate,Gyrodinium sp.,DF-Gyrodinium sp.,160
15678,2014,Nov,19,19/11/2014,,,,A2,,NS,Dinoflagellate,Peridinium quinquecorne,DF-Peridinium quinquecorne,20
15679,2014,Nov,19,19/11/2014,,,,A2,,NS,Dinoflagellate,Prorocentrum micans,DF-Prorocentrum micans,80
15680,2014,Nov,19,19/11/2014,,,,A2,,NS,Dinoflagellate,Protoperidinium conicum,DF-Protoperidinium conicum,40
15681,2014,Nov,19,19/11/2014,,,,A2,,NS,Dinoflagellate,Protoperidinium depressum,DF-Protoperidinium depressum,120
15682,2014,Nov,19,19/11/2014,,,,A2,,NS,Dinoflagellate,Protoperidinium divergens,DF-Protoperidinium divergens,20
15683,2014,Nov,19,19/11/2014,,,,A2,,NS,Dinoflagellate,Protoperidinium grande,DF-Protoperidinium grande,80
15684,2014,Nov,19,19/11/2014,,,,A2,,NS,Dinoflagellate,Protoperidinium latispinum,DF-Protoperidinium latispinum,20
15685,2014,Nov,19,19/11/2014,,,,A2,,NS,Dinoflagellate,Protoperidinium oblongum,DF-Protoperidinium oblongum,160
15686,2014,Nov,19,19/11/2014,,,,A2,,NS,Dinoflagellate,Protoperidinium pallidum,DF-Protoperidinium pallidum,80
15687,2014,Nov,19,19/11/2014,,,,A2,,NS,Dinoflagellate,Protoperidinium pellucidum,DF-Protoperidinium pellucidum,40
15689,2014,Nov,19,19/11/2014,,,,A2,,NS,Dinoflagellate,Scrippsiella trochoidea,DF-Scrippsiella trochoidea,160
15690,2014,Nov,19,19/11/2014,,,,A1,,NS,Diatom,Fragilariopsis sp.,D-Fragilariopsis sp.,20
15691,2014,Nov,19,19/11/2014,,,,A1,,NS,Dinoflagellate,Heterocapsa circularisquama,DF-Heterocapsa circularisquama,60
15692,2014,Nov,19,19/11/2014,,,,A1,,NS,Diatom,Navicula  spp.,D-Navicula  spp.,20
15693,2014,Nov,19,19/11/2014,,,,A1,,NS,Diatom,Nitzschia spp.,D-Nitzschia spp.,120
15694,2014,Nov,19,19/11/2014,,,,A1,,NS,Diatom,Odontella sp.,D-Odontella sp.,4260
15695,2014,Nov,19,19/11/2014,,,,A1,,NS,Diatom,Rhizosolenia spp.,D-Rhizosolenia spp.,4260
15696,2014,Nov,19,19/11/2014,,,,A1,,NS,Diatom,Skeletonema,D-Skeletonema,20
15697,2014,Nov,19,19/11/2014,,,,A1,,NS,Diatom,Thalassiosira spp.,D-Thalassiosira spp.,820
15698,2014,Nov,19,19/11/2014,,,,A1,,NS,Dinoflagellate,Alexandrium spp.,DF-Alexandrium spp.,80
15699,2014,Nov,19,19/11/2014,,,,A1,,NS,Dinoflagellate,Ceratium furca,DF-Ceratium furca,20
15700,2014,Nov,19,19/11/2014,,,,A1,,NS,Dinoflagellate,Dinophysis acuminata,DF-Dinophysis acuminata,40
15701,2014,Nov,19,19/11/2014,,,,A1,,NS,Dinoflagellate,Diplopsalis spp.,DF-Diplopsalis spp.,40
15702,2014,Nov,19,19/11/2014,,,,A1,,NS,Dinoflagellate,Gonyaulax,DF-Gonyaulax,20
15703,2014,Nov,19,19/11/2014,,,,A1,,NS,Dinoflagellate,Gymnodinium catenatum,DF-Gymnodinium catenatum,80
15704,2014,Nov,19,19/11/2014,,,,A1,,NS,Dinoflagellate,Gyrodinium sp.,DF-Gyrodinium sp.,40
15705,2014,Nov,19,19/11/2014,,,,A1,,NS,Dinoflagellate,Prorocentrum micans,DF-Prorocentrum micans,1140
15706,2014,Nov,19,19/11/2014,,,,A1,,NS,Dinoflagellate,Protoperidinium sp.,DF-Protoperidinium sp.,100
15707,2014,Nov,19,19/11/2014,,,,A1,,NS,Dinoflagellate,Protoperidinium conicum,DF-Protoperidinium conicum,180
15708,2014,Nov,19,19/11/2014,,,,A1,,NS,Dinoflagellate,Protoperidinium depressum,DF-Protoperidinium depressum,160
15709,2014,Nov,19,19/11/2014,,,,A1,,NS,Dinoflagellate,Protoperidinium divergens,DF-Protoperidinium divergens,120
15710,2014,Nov,19,19/11/2014,,,,A1,,NS,Dinoflagellate,Protoperidinium grande,DF-Protoperidinium grande,80
15711,2014,Nov,19,19/11/2014,,,,A1,,NS,Dinoflagellate,Protoperidinium oblongum,DF-Protoperidinium oblongum,480
15712,2014,Nov,19,19/11/2014,,,,A1,,NS,Dinoflagellate,Protoperidinium ocenaicum,DF-Protoperidinium ocenaicum,200
15713,2014,Nov,19,19/11/2014,,,,A1,,NS,Dinoflagellate,Protoperidinium pallidum,DF-Protoperidinium pallidum,320
15714,2014,Nov,19,19/11/2014,,,,A1,,NS,Dinoflagellate,Protoperidinium pellucidum,DF-Protoperidinium pellucidum,40
15715,2014,Nov,19,19/11/2014,,,,A1,,NS,Dinoflagellate,Protoperidinium pentagonum,DF-Protoperidinium pentagonum,20
15716,2014,Nov,19,19/11/2014,,,,A1,,NS,Dinoflagellate,Protoperidinium tellissinium,DF-Protoperidinium tellissinium,80
15717,2014,Nov,19,19/11/2014,,,,W1,,NS,Diatom,Rhizosolenia spp.,D-Rhizosolenia spp.,760
15718,2014,Nov,19,19/11/2014,,,,W1,,NS,Diatom,Thalassiosira spp.,D-Thalassiosira spp.,40
15719,2014,Nov,19,19/11/2014,,,,W1,,NS,Dinoflagellate,Protoperidinium conicum,DF-Protoperidinium conicum,20
15720,2014,Nov,19,19/11/2014,,,,TS2,,NS,Diatom,Cylindricotheca closterium,D-Cylindricotheca closterium,20
15721,2014,Nov,19,19/11/2014,,,,TS2,,NS,Diatom,Guinardia,D-Guinardia,100
15722,2014,Nov,19,19/11/2014,,,,TS2,,NS,Diatom,Navicula  spp.,D-Navicula  spp.,20
15723,2014,Nov,19,19/11/2014,,,,TS2,,NS,Diatom,Odontella sp.,D-Odontella sp.,4560
15724,2014,Nov,19,19/11/2014,,,,TS2,,NS,Diatom,Rhizosolenia spp.,D-Rhizosolenia spp.,4560
15725,2014,Nov,19,19/11/2014,,,,TS2,,NS,Diatom,Thalassiosira spp.,D-Thalassiosira spp.,100
15726,2014,Nov,19,19/11/2014,,,,TS2,,NS,Dinoflagellate,Ceratium furca,DF-Ceratium furca,100
15727,2014,Nov,19,19/11/2014,,,,TS2,,NS,Dinoflagellate,Diplopsalis orbicularis,DF-Diplopsalis orbicularis,20
15728,2014,Nov,19,19/11/2014,,,,TS2,,NS,Dinoflagellate,Gymnodinium catenatum,DF-Gymnodinium catenatum,20
15729,2014,Nov,19,19/11/2014,,,,TS2,,NS,Dinoflagellate,Gyrodinium sp.,DF-Gyrodinium sp.,60
15730,2014,Nov,19,19/11/2014,,,,TS2,,NS,Dinoflagellate,Prorocentrum micans,DF-Prorocentrum micans,40
15731,2014,Nov,19,19/11/2014,,,,TS2,,NS,Dinoflagellate,Protoperidinium depressum,DF-Protoperidinium depressum,20
15732,2014,Nov,19,19/11/2014,,,,TS2,,NS,Dinoflagellate,Protoperidinium divergens,DF-Protoperidinium divergens,60
15733,2014,Nov,19,19/11/2014,,,,TS2,,NS,Dinoflagellate,Protoperidinium oblongum,DF-Protoperidinium oblongum,220
15734,2014,Nov,19,19/11/2014,,,,TS2,,NS,Dinoflagellate,Protoperidinium ocenaicum,DF-Protoperidinium ocenaicum,40
15735,2014,Nov,19,19/11/2014,,,,TS2,,NS,Dinoflagellate,Protoperidinium pallidum,DF-Protoperidinium pallidum,40
15736,2014,Nov,19,19/11/2014,,,,TS2,,NS,Dinoflagellate,Protoperidinium pentagonum,DF-Protoperidinium pentagonum,20
15737,2014,Nov,19,19/11/2014,,,,BML1,,NS,Diatom,Cylindricotheca closterium,D-Cylindricotheca closterium,40
15738,2014,Nov,19,19/11/2014,,,,BML1,,NS,Diatom,Navicula  spp.,D-Navicula  spp.,100
15739,2014,Nov,19,19/11/2014,,,,BML1,,NS,Diatom,Nitzschia spp.,D-Nitzschia spp.,40
15740,2014,Nov,19,19/11/2014,,,,BML1,,NS,Diatom,Odontella sp.,D-Odontella sp.,100
15741,2014,Nov,19,19/11/2014,,,,BML1,,NS,Diatom,Pleurosigma sp,D-Pleurosigma sp,1000
15742,2014,Nov,19,19/11/2014,,,,BML1,,NS,Diatom,Rhizosolenia spp.,D-Rhizosolenia spp.,100
15743,2014,Nov,19,19/11/2014,,,,BML1,,NS,Diatom,Skeletonema,D-Skeletonema,740
15744,2014,Nov,19,19/11/2014,,,,BML1,,NS,Diatom,Thalassiosira spp.,D-Thalassiosira spp.,20
15745,2014,Nov,19,19/11/2014,,,,BML1,,NS,Dinoflagellate,Protoperidinium conicum,DF-Protoperidinium conicum,20
15746,2014,Nov,19,19/11/2014,,,,BML1,,NS,Dinoflagellate,Protoperidinium depressum,DF-Protoperidinium depressum,120
15747,2014,Nov,19,19/11/2014,,,,BML1,,NS,Dinoflagellate,Protoperidinium divergens,DF-Protoperidinium divergens,100
15748,2014,Nov,19,19/11/2014,,,,BML1,,NS,Dinoflagellate,Protoperidinium grande,DF-Protoperidinium grande,100
15749,2014,Nov,19,19/11/2014,,,,BML1,,NS,Dinoflagellate,Protoperidinium oblongum,DF-Protoperidinium oblongum,140
15750,2014,Nov,19,19/11/2014,,,,BML1,,NS,Dinoflagellate,Protoperidinium ocenaicum,DF-Protoperidinium ocenaicum,80
15751,2014,Nov,19,19/11/2014,,,,BML1,,NS,Dinoflagellate,Protoperidinium pellucidum,DF-Protoperidinium pellucidum,60
15752,2014,Nov,19,19/11/2014,,,,BML1,,NS,Dinoflagellate,Protoperidinium pentagonum,DF-Protoperidinium pentagonum,40
15753,2014,Nov,19,19/11/2014,,,,BML1,,NS,Dinoflagellate,Scrippsiella trochoidea,DF-Scrippsiella trochoidea,240
15754,2014,Nov,19,19/11/2014,,,,BML2,,NS,Diatom,Cylindricotheca closterium,D-Cylindricotheca closterium,40
15755,2014,Nov,19,19/11/2014,,,,BML2,,NS,Diatom,Navicula  spp.,D-Navicula  spp.,220
15756,2014,Nov,19,19/11/2014,,,,BML2,,NS,Diatom,Nitzschia spp.,D-Nitzschia spp.,200
15757,2014,Nov,19,19/11/2014,,,,BML2,,NS,Diatom,Odontella sp.,D-Odontella sp.,620
15758,2014,Nov,19,19/11/2014,,,,BML2,,NS,Diatom,Pleurosigma sp,D-Pleurosigma sp,40
15759,2014,Nov,19,19/11/2014,,,,BML2,,NS,Diatom,Rhizosolenia spp.,D-Rhizosolenia spp.,620
15760,2014,Nov,19,19/11/2014,,,,BML2,,NS,Diatom,Skeletonema,D-Skeletonema,1160
15761,2014,Nov,19,19/11/2014,,,,BML2,,NS,Dinoflagellate,Gymnodinium catenatum,DF-Gymnodinium catenatum,40
15762,2014,Nov,19,19/11/2014,,,,BML2,,NS,Dinoflagellate,Prorocentrum micans,DF-Prorocentrum micans,20
15763,2014,Nov,19,19/11/2014,,,,BML2,,NS,Dinoflagellate,Protoperidinium depressum,DF-Protoperidinium depressum,20
15764,2014,Nov,19,19/11/2014,,,,BML2,,NS,Dinoflagellate,Protoperidinium divergens,DF-Protoperidinium divergens,20
15765,2014,Nov,19,19/11/2014,,,,BML2,,NS,Dinoflagellate,Protoperidinium pellucidum,DF-Protoperidinium pellucidum,20
15766,2014,Nov,19,19/11/2014,,,,BML3,,NS,Diatom,Navicula  spp.,D-Navicula  spp.,40
15767,2014,Nov,19,19/11/2014,,,,BML3,,NS,Diatom,Odontella sp.,D-Odontella sp.,120
15768,2014,Nov,19,19/11/2014,,,,BML3,,NS,Diatom,Rhizosolenia spp.,D-Rhizosolenia spp.,120
15769,2014,Nov,19,19/11/2014,,,,BML3,,NS,Diatom,Skeletonema,D-Skeletonema,160
15770,2014,Nov,19,19/11/2014,,,,BML3,,NS,Diatom,Thalassiosira spp.,D-Thalassiosira spp.,120
15771,2014,Nov,19,19/11/2014,,,,BML3,,NS,Dinoflagellate,Diplopsalis spp.,DF-Diplopsalis spp.,20
15772,2014,Nov,19,19/11/2014,,,,BML3,,NS,Dinoflagellate,Gymnodinium catenatum,DF-Gymnodinium catenatum,40
15773,2014,Nov,19,19/11/2014,,,,BML3,,NS,Dinoflagellate,Gyrodinium sp.,DF-Gyrodinium sp.,20
15774,2014,Nov,19,19/11/2014,,,,BML3,,NS,Dinoflagellate,Prorocentrum gracile,DF-Prorocentrum gracile,100
15775,2014,Nov,19,19/11/2014,,,,BML3,,NS,Dinoflagellate,Prorocentrum micans,DF-Prorocentrum micans,20
15776,2014,Nov,19,19/11/2014,,,,BML3,,NS,Dinoflagellate,Prorocentrum sigmoides,DF-Prorocentrum sigmoides,40
15777,2014,Nov,19,19/11/2014,,,,BML3,,NS,Dinoflagellate,Protoperidinium conicum,DF-Protoperidinium conicum,60
15778,2014,Nov,19,19/11/2014,,,,BML3,,NS,Dinoflagellate,Protoperidinium depressum,DF-Protoperidinium depressum,40
15779,2014,Nov,19,19/11/2014,,,,BML3,,NS,Dinoflagellate,Protoperidinium oblongum,DF-Protoperidinium oblongum,100
15780,2014,Nov,19,19/11/2014,,,,BML3,,NS,Dinoflagellate,Protoperidinium pallidum,DF-Protoperidinium pallidum,60
15781,2014,Nov,19,19/11/2014,,,,BML3,,NS,Dinoflagellate,Protoperidinium pellucidum,DF-Protoperidinium pellucidum,40
15782,2014,Nov,19,19/11/2014,,,,BML3,,NS,Dinoflagellate,Scrippsiella trochoidea,DF-Scrippsiella trochoidea,20
15783,2014,Nov,19,19/11/2014,,,,A2,,NB,Diatom,Fragilariopsis sp.,D-Fragilariopsis sp.,20
15784,2014,Nov,19,19/11/2014,,,,A2,,NB,Diatom,Navicula  spp.,D-Navicula  spp.,220
15785,2014,Nov,19,19/11/2014,,,,A2,,NB,Diatom,Odontella sp.,D-Odontella sp.,4940
15786,2014,Nov,19,19/11/2014,,,,A2,,NB,Diatom,Pleurosigma sp,D-Pleurosigma sp,40
15787,2014,Nov,19,19/11/2014,,,,A2,,NB,Diatom,Rhizosolenia spp.,D-Rhizosolenia spp.,4940
15788,2014,Nov,19,19/11/2014,,,,A2,,NB,Diatom,Thalassionema spp.,D-Thalassionema spp.,20
15789,2014,Nov,19,19/11/2014,,,,A2,,NB,Diatom,Thalassiosira spp.,D-Thalassiosira spp.,40
15790,2014,Nov,19,19/11/2014,,,,A2,,NB,Dinoflagellate,Goniodoma,DF-Goniodoma,20
15791,2014,Nov,19,19/11/2014,,,,A2,,NB,Dinoflagellate,Gonyaulax,DF-Gonyaulax,140
15792,2014,Nov,19,19/11/2014,,,,A2,,NB,Dinoflagellate,Gymnodinium sp.,DF-Gymnodinium sp.,60
15793,2014,Nov,19,19/11/2014,,,,A2,,NB,Dinoflagellate,Gymnodinium catenatum,DF-Gymnodinium catenatum,80
15794,2014,Nov,19,19/11/2014,,,,A2,,NB,Dinoflagellate,Gyrodinium sp.,DF-Gyrodinium sp.,80
15795,2014,Nov,19,19/11/2014,,,,A2,,NB,Dinoflagellate,Gyrodinium spirale,DF-Gyrodinium spirale,60
15796,2014,Nov,19,19/11/2014,,,,A2,,NB,Dinoflagellate,Heterocapsa circularisquama,DF-Heterocapsa circularisquama,240
15797,2014,Nov,19,19/11/2014,,,,A2,,NB,Dinoflagellate,Peridinium quinquecorne,DF-Peridinium quinquecorne,20
15798,2014,Nov,19,19/11/2014,,,,A2,,NB,Dinoflagellate,Prorocentrum lima,DF-Prorocentrum lima,20
15799,2014,Nov,19,19/11/2014,,,,A2,,NB,Dinoflagellate,Prorocentrum micans,DF-Prorocentrum micans,120
15800,2014,Nov,19,19/11/2014,,,,A2,,NB,Dinoflagellate,Protoperidinium sp.,DF-Protoperidinium sp.,60
15801,2014,Nov,19,19/11/2014,,,,A2,,NB,Dinoflagellate,Protoperidinium conicum,DF-Protoperidinium conicum,200
15802,2014,Nov,19,19/11/2014,,,,A2,,NB,Dinoflagellate,Protoperidinium depressum,DF-Protoperidinium depressum,140
15803,2014,Nov,19,19/11/2014,,,,A2,,NB,Dinoflagellate,Protoperidinium divergens,DF-Protoperidinium divergens,140
15804,2014,Nov,19,19/11/2014,,,,A2,,NB,Dinoflagellate,Protoperidinium grande,DF-Protoperidinium grande,80
15805,2014,Nov,19,19/11/2014,,,,A2,,NB,Dinoflagellate,Protoperidinium latispinum,DF-Protoperidinium latispinum,20
15806,2014,Nov,19,19/11/2014,,,,A2,,NB,Dinoflagellate,Protoperidinium oblongum,DF-Protoperidinium oblongum,320
15807,2014,Nov,19,19/11/2014,,,,A2,,NB,Dinoflagellate,Protoperidinium pallidum,DF-Protoperidinium pallidum,40
15808,2014,Nov,19,19/11/2014,,,,A2,,NB,Dinoflagellate,Protoperidinium pellucidum,DF-Protoperidinium pellucidum,60
15809,2014,Nov,19,19/11/2014,,,,A2,,NB,Dinoflagellate,Protoperidinium pentagonum,DF-Protoperidinium pentagonum,80
15810,2014,Nov,19,19/11/2014,,,,A2,,NB,Dinoflagellate,Scrippsiella trochoidea,DF-Scrippsiella trochoidea,600
15811,2014,Nov,19,19/11/2014,,,,A3,,NS,Diatom,Coscinodiscus spp.,D-Coscinodiscus spp.,60
15812,2014,Nov,19,19/11/2014,,,,A3,,NS,Diatom,Fragilariopsis sp.,D-Fragilariopsis sp.,200
15813,2014,Nov,19,19/11/2014,,,,A3,,NS,Diatom,Navicula  spp.,D-Navicula  spp.,280
15814,2014,Nov,19,19/11/2014,,,,A3,,NS,Diatom,Odontella sp.,D-Odontella sp.,4320
15815,2014,Nov,19,19/11/2014,,,,A3,,NS,Diatom,Pleurosigma sp,D-Pleurosigma sp,100
15816,2014,Nov,19,19/11/2014,,,,A3,,NS,Diatom,Rhizosolenia spp.,D-Rhizosolenia spp.,4320
15817,2014,Nov,19,19/11/2014,,,,A3,,NS,Diatom,Skeletonema,D-Skeletonema,120
15818,2014,Nov,19,19/11/2014,,,,A3,,NS,Diatom,Streptotheca,D-Streptotheca,140
15819,2014,Nov,19,19/11/2014,,,,A3,,NS,Diatom,Thalassiosira spp.,D-Thalassiosira spp.,80
15820,2014,Nov,19,19/11/2014,,,,A3,,NS,Dinoflagellate,Ceratium furca,DF-Ceratium furca,60
15821,2014,Nov,19,19/11/2014,,,,A3,,NS,Dinoflagellate,Dinophysis caudata,DF-Dinophysis caudata,80
15822,2014,Nov,19,19/11/2014,,,,A3,,NS,Dinoflagellate,Gonyaulax,DF-Gonyaulax,200
15823,2014,Nov,19,19/11/2014,,,,A3,,NS,Dinoflagellate,Gymnodinium catenatum,DF-Gymnodinium catenatum,20
15824,2014,Nov,19,19/11/2014,,,,A3,,NS,Dinoflagellate,Gyrodinium sp.,DF-Gyrodinium sp.,20
15825,2014,Nov,19,19/11/2014,,,,A3,,NS,Dinoflagellate,Gyrodinium spirale,DF-Gyrodinium spirale,20
15826,2014,Nov,19,19/11/2014,,,,A3,,NS,Dinoflagellate,Heterocapsa circularisquama,DF-Heterocapsa circularisquama,320
15827,2014,Nov,19,19/11/2014,,,,A3,,NS,Dinoflagellate,Prorocentrum gracile,DF-Prorocentrum gracile,20
15828,2014,Nov,19,19/11/2014,,,,A3,,NS,Dinoflagellate,Prorocentrum micans,DF-Prorocentrum micans,180
15829,2014,Nov,19,19/11/2014,,,,A3,,NS,Dinoflagellate,Prorocentrum minimum,DF-Prorocentrum minimum,20
15830,2014,Nov,19,19/11/2014,,,,A3,,NS,Dinoflagellate,Protoperidinium sp.,DF-Protoperidinium sp.,60
15831,2014,Nov,19,19/11/2014,,,,A3,,NS,Dinoflagellate,Protoperidinium conicum,DF-Protoperidinium conicum,60
15832,2014,Nov,19,19/11/2014,,,,A3,,NS,Dinoflagellate,Protoperidinium depressum,DF-Protoperidinium depressum,180
15833,2014,Nov,19,19/11/2014,,,,A3,,NS,Dinoflagellate,Protoperidinium divergens,DF-Protoperidinium divergens,120
15834,2014,Nov,19,19/11/2014,,,,A3,,NS,Dinoflagellate,Protoperidinium grande,DF-Protoperidinium grande,240
15835,2014,Nov,19,19/11/2014,,,,A3,,NS,Dinoflagellate,Protoperidinium latispinum,DF-Protoperidinium latispinum,160
15836,2014,Nov,19,19/11/2014,,,,A3,,NS,Dinoflagellate,Protoperidinium oblongum,DF-Protoperidinium oblongum,740
15837,2014,Nov,19,19/11/2014,,,,A3,,NS,Dinoflagellate,Protoperidinium pallidum,DF-Protoperidinium pallidum,140
15838,2014,Nov,19,19/11/2014,,,,A3,,NS,Dinoflagellate,Protoperidinium pellucidum,DF-Protoperidinium pellucidum,20
15839,2014,Nov,19,19/11/2014,,,,A3,,NS,Dinoflagellate,Protoperidinium pentagonum,DF-Protoperidinium pentagonum,60
15840,2014,Nov,19,19/11/2014,,,,A3,,NS,Dinoflagellate,Protoperidinium tellissinium,DF-Protoperidinium tellissinium,60
15841,2014,Nov,19,19/11/2014,,,,A3,,NS,Dinoflagellate,Scrippsiella trochoidea,DF-Scrippsiella trochoidea,700
15842,2014,Nov,19,19/11/2014,,,,A4,,NS,Diatom,Fragilariopsis sp.,D-Fragilariopsis sp.,40
15843,2014,Nov,19,19/11/2014,,,,A4,,NS,Diatom,Navicula  spp.,D-Navicula  spp.,80
15844,2014,Nov,19,19/11/2014,,,,A4,,NS,Diatom,Nitzschia spp.,D-Nitzschia spp.,720
15845,2014,Nov,19,19/11/2014,,,,A4,,NS,Diatom,Odontella sp.,D-Odontella sp.,2780
15846,2014,Nov,19,19/11/2014,,,,A4,,NS,Diatom,Pleurosigma sp,D-Pleurosigma sp,60
15847,2014,Nov,19,19/11/2014,,,,A4,,NS,Diatom,Rhizosolenia spp.,D-Rhizosolenia spp.,2780
15848,2014,Nov,19,19/11/2014,,,,A4,,NS,Diatom,Skeletonema,D-Skeletonema,460
15849,2014,Nov,19,19/11/2014,,,,A4,,NS,Diatom,Streptotheca,D-Streptotheca,20
15850,2014,Nov,19,19/11/2014,,,,A4,,NS,Diatom,Thalassionema spp.,D-Thalassionema spp.,40
15851,2014,Nov,19,19/11/2014,,,,A4,,NS,Diatom,Thalassiosira spp.,D-Thalassiosira spp.,160
15852,2014,Nov,19,19/11/2014,,,,A4,,NS,Dinoflagellate,Peridinium quinquecorne,DF-Peridinium quinquecorne,20
15853,2014,Nov,19,19/11/2014,,,,A4,,NS,Dinoflagellate,Prorocentrum micans,DF-Prorocentrum micans,60
15854,2014,Nov,19,19/11/2014,,,,A4,,NS,Dinoflagellate,Protoperidinium conicum,DF-Protoperidinium conicum,20
15855,2014,Nov,19,19/11/2014,,,,A5,,NS,Diatom,Cylindricotheca closterium,D-Cylindricotheca closterium,20
15856,2014,Nov,19,19/11/2014,,,,A5,,NS,Diatom,Cymbella sp.,D-Cymbella sp.,180
15857,2014,Nov,19,19/11/2014,,,,A5,,NS,Diatom,Navicula  spp.,D-Navicula  spp.,20
15858,2014,Nov,19,19/11/2014,,,,A5,,NS,Diatom,Nitzschia spp.,D-Nitzschia spp.,260
15859,2014,Nov,19,19/11/2014,,,,A5,,NS,Diatom,Odontella sp.,D-Odontella sp.,440
15860,2014,Nov,19,19/11/2014,,,,A5,,NS,Diatom,Rhizosolenia spp.,D-Rhizosolenia spp.,440
15861,2014,Nov,19,19/11/2014,,,,A5,,NS,Diatom,Skeletonema,D-Skeletonema,1220
15862,2014,Nov,19,19/11/2014,,,,A5,,NS,Diatom,Thalassiosira spp.,D-Thalassiosira spp.,40
15863,2014,Nov,19,19/11/2014,,,,A5,,NS,Dinoflagellate,Alexandrium spp.,DF-Alexandrium spp.,20
15864,2014,Nov,19,19/11/2014,,,,A5,,NS,Dinoflagellate,Gyrodinium sp.,DF-Gyrodinium sp.,40
15865,2014,Nov,19,19/11/2014,,,,A5,,NS,Dinoflagellate,Heterocapsa circularisquama,DF-Heterocapsa circularisquama,60
15866,2014,Nov,19,19/11/2014,,,,A5,,NS,Dinoflagellate,Peridinium quinquecorne,DF-Peridinium quinquecorne,20
15867,2014,Nov,19,19/11/2014,,,,A5,,NS,Dinoflagellate,Prorocentrum gracile,DF-Prorocentrum gracile,360
15868,2014,Nov,19,19/11/2014,,,,A5,,NS,Dinoflagellate,Prorocentrum micans,DF-Prorocentrum micans,40
15869,2014,Nov,19,19/11/2014,,,,A5,,NS,Dinoflagellate,Prorocentrum minimum,DF-Prorocentrum minimum,80
15870,2014,Nov,19,19/11/2014,,,,A5,,NS,Dinoflagellate,Protoperidinium pallidum,DF-Protoperidinium pallidum,20
15871,2014,Nov,19,19/11/2014,,,,W2A,,NS,Diatom,Coscinodiscus spp.,D-Coscinodiscus spp.,20
15872,2014,Nov,19,19/11/2014,,,,W2A,,NS,Diatom,Cylindricotheca closterium,D-Cylindricotheca closterium,20
15873,2014,Nov,19,19/11/2014,,,,W2A,,NS,Diatom,Fragilariopsis sp.,D-Fragilariopsis sp.,80
15874,2014,Nov,19,19/11/2014,,,,W2A,,NS,Diatom,Navicula  spp.,D-Navicula  spp.,140
15875,2014,Nov,19,19/11/2014,,,,W2A,,NS,Diatom,Nitzschia spp.,D-Nitzschia spp.,100
15876,2014,Nov,19,19/11/2014,,,,W2A,,NS,Diatom,Odontella sp.,D-Odontella sp.,3000
15877,2014,Nov,19,19/11/2014,,,,W2A,,NS,Diatom,Pleurosigma sp,D-Pleurosigma sp,20
15878,2014,Nov,19,19/11/2014,,,,W2A,,NS,Diatom,Rhizosolenia spp.,D-Rhizosolenia spp.,3000
15879,2014,Nov,19,19/11/2014,,,,W2A,,NS,Diatom,Skeletonema,D-Skeletonema,120
15880,2014,Nov,19,19/11/2014,,,,W2A,,NS,Diatom,Streptotheca,D-Streptotheca,80
15881,2014,Nov,19,19/11/2014,,,,W2A,,NS,Diatom,Thalassionema spp.,D-Thalassionema spp.,280
15882,2014,Nov,19,19/11/2014,,,,W2A,,NS,Diatom,Thalassiosira spp.,D-Thalassiosira spp.,60
15883,2014,Nov,19,19/11/2014,,,,W2A,,NS,Dinoflagellate,Ceratium furca,DF-Ceratium furca,20
15884,2014,Nov,19,19/11/2014,,,,W2A,,NS,Dinoflagellate,Dinophysis spp.,DF-Dinophysis spp.,20
15885,2014,Nov,19,19/11/2014,,,,W2A,,NS,Dinoflagellate,Dinophysis acuminata,DF-Dinophysis acuminata,40
15886,2014,Nov,19,19/11/2014,,,,W2A,,NS,Dinoflagellate,Dinophysis caudata,DF-Dinophysis caudata,100
15887,2014,Nov,19,19/11/2014,,,,W2A,,NS,Dinoflagellate,Diplopsalis orbicularis,DF-Diplopsalis orbicularis,20
15888,2014,Nov,19,19/11/2014,,,,W2A,,NS,Dinoflagellate,Gonyaulax,DF-Gonyaulax,620
15889,2014,Nov,19,19/11/2014,,,,W2A,,NS,Dinoflagellate,Gymnodinium catenatum,DF-Gymnodinium catenatum,40
15890,2014,Nov,19,19/11/2014,,,,W2A,,NS,Dinoflagellate,Heterocapsa circularisquama,DF-Heterocapsa circularisquama,80
15891,2014,Nov,19,19/11/2014,,,,W2A,,NS,Dinoflagellate,Peridinium quinquecorne,DF-Peridinium quinquecorne,20
15892,2014,Nov,19,19/11/2014,,,,W2A,,NS,Dinoflagellate,Prorocentrum gracile,DF-Prorocentrum gracile,140
15893,2014,Nov,19,19/11/2014,,,,W2A,,NS,Dinoflagellate,Prorocentrum micans,DF-Prorocentrum micans,140
15894,2014,Nov,19,19/11/2014,,,,W2A,,NS,Dinoflagellate,Protoperidinium sp.,DF-Protoperidinium sp.,20
15895,2014,Nov,19,19/11/2014,,,,W2A,,NS,Dinoflagellate,Protoperidinium conicum,DF-Protoperidinium conicum,140
15896,2014,Nov,19,19/11/2014,,,,W2A,,NS,Dinoflagellate,Protoperidinium depressum,DF-Protoperidinium depressum,80
15897,2014,Nov,19,19/11/2014,,,,W2A,,NS,Dinoflagellate,Protoperidinium divergens,DF-Protoperidinium divergens,160
15898,2014,Nov,19,19/11/2014,,,,W2A,,NS,Dinoflagellate,Protoperidinium grande,DF-Protoperidinium grande,180
15899,2014,Nov,19,19/11/2014,,,,W2A,,NS,Dinoflagellate,Protoperidinium oblongum,DF-Protoperidinium oblongum,960
15900,2014,Nov,19,19/11/2014,,,,W2A,,NS,Dinoflagellate,Protoperidinium pallidum,DF-Protoperidinium pallidum,180
15901,2014,Nov,19,19/11/2014,,,,W2A,,NS,Dinoflagellate,Protoperidinium pellucidum,DF-Protoperidinium pellucidum,40
15902,2014,Nov,19,19/11/2014,,,,W2A,,NS,Dinoflagellate,Protoperidinium pentagonum,DF-Protoperidinium pentagonum,60
15903,2014,Nov,19,19/11/2014,,,,W2A,,NS,Dinoflagellate,Protoperidinium tellissinium,DF-Protoperidinium tellissinium,200
15904,2014,Nov,19,19/11/2014,,,,W2A,,NS,Dinoflagellate,Scrippsiella trochoidea,DF-Scrippsiella trochoidea,280
15905,2014,Nov,19,19/11/2014,,,,W8,,NS,Diatom,Odontella sp.,D-Odontella sp.,2880
15906,2014,Nov,19,19/11/2014,,,,W8,,NS,Diatom,Pleurosigma sp,D-Pleurosigma sp,20
15907,2014,Nov,19,19/11/2014,,,,W8,,NS,Diatom,Rhizosolenia spp.,D-Rhizosolenia spp.,2880
15908,2014,Nov,19,19/11/2014,,,,W8,,NS,Diatom,Skeletonema,D-Skeletonema,60
15909,2014,Nov,19,19/11/2014,,,,W8,,NS,Diatom,Thalassiosira spp.,D-Thalassiosira spp.,60
15910,2014,Nov,19,19/11/2014,,,,W8,,NS,Dinoflagellate,Dinophysis spp.,DF-Dinophysis spp.,40
15911,2014,Nov,19,19/11/2014,,,,W8,,NS,Dinoflagellate,Dinophysis caudata,DF-Dinophysis caudata,40
15912,2014,Nov,19,19/11/2014,,,,W8,,NS,Dinoflagellate,Diplopsalis orbicularis,DF-Diplopsalis orbicularis,20
15913,2014,Nov,19,19/11/2014,,,,W8,,NS,Dinoflagellate,Gonyaulax,DF-Gonyaulax,160
15914,2014,Nov,19,19/11/2014,,,,W8,,NS,Dinoflagellate,Peridinium quinquecorne,DF-Peridinium quinquecorne,20
15915,2014,Nov,19,19/11/2014,,,,W8,,NS,Dinoflagellate,Prorocentrum micans,DF-Prorocentrum micans,80
15916,2014,Nov,19,19/11/2014,,,,W8,,NS,Dinoflagellate,Protoperidinium conicum,DF-Protoperidinium conicum,40
15917,2014,Nov,19,19/11/2014,,,,W8,,NS,Dinoflagellate,Protoperidinium depressum,DF-Protoperidinium depressum,60
15918,2014,Nov,19,19/11/2014,,,,W8,,NS,Dinoflagellate,Protoperidinium divergens,DF-Protoperidinium divergens,20
15919,2014,Nov,19,19/11/2014,,,,W8,,NS,Dinoflagellate,Protoperidinium latispinum,DF-Protoperidinium latispinum,40
15920,2014,Nov,19,19/11/2014,,,,W8,,NS,Dinoflagellate,Protoperidinium oblongum,DF-Protoperidinium oblongum,100
15921,2014,Nov,19,19/11/2014,,,,W8,,NS,Dinoflagellate,Protoperidinium pallidum,DF-Protoperidinium pallidum,40
15922,2014,Nov,19,19/11/2014,,,,W8,,NS,Dinoflagellate,Protoperidinium pentagonum,DF-Protoperidinium pentagonum,40
15923,2014,Nov,19,19/11/2014,,,,W8,,NS,Dinoflagellate,Protoperidinium tellissinium,DF-Protoperidinium tellissinium,20
15924,2014,Nov,19,19/11/2014,,,,TS1,,NB,Diatom,Fragilariopsis sp.,D-Fragilariopsis sp.,20
15925,2014,Nov,19,19/11/2014,,,,TS1,,NB,Diatom,Nitzschia spp.,D-Nitzschia spp.,180
15926,2014,Nov,19,19/11/2014,,,,TS1,,NB,Diatom,Odontella sp.,D-Odontella sp.,220
15927,2014,Nov,19,19/11/2014,,,,TS1,,NB,Diatom,Rhizosolenia spp.,D-Rhizosolenia spp.,220
15928,2014,Nov,19,19/11/2014,,,,TS1,,NB,Diatom,Skeletonema,D-Skeletonema,120
15929,2014,Nov,19,19/11/2014,,,,TS1,,NB,Diatom,Streptotheca,D-Streptotheca,320
15930,2014,Nov,19,19/11/2014,,,,TS1,,NB,Diatom,Thalassionema spp.,D-Thalassionema spp.,400
15931,2014,Nov,19,19/11/2014,,,,TS1,,NB,Diatom,Thalassiosira spp.,D-Thalassiosira spp.,900
15932,2014,Nov,19,19/11/2014,,,,TS1,,NB,Dinoflagellate,Alexandrium spp.,DF-Alexandrium spp.,40
15933,2014,Nov,19,19/11/2014,,,,TS1,,NB,Dinoflagellate,Gyrodinium sp.,DF-Gyrodinium sp.,20
15934,2014,Nov,19,19/11/2014,,,,TS1,,NB,Dinoflagellate,Protoperidinium conicum,DF-Protoperidinium conicum,20
15935,2014,Nov,19,19/11/2014,,,,TS1,,NB,Dinoflagellate,Protoperidinium grande,DF-Protoperidinium grande,20
15936,2014,Nov,19,19/11/2014,,,,TS1,,NB,Dinoflagellate,Protoperidinium tellissinium,DF-Protoperidinium tellissinium,60
15937,2014,Nov,19,19/11/2014,,,,W11,,NS,Diatom,Cylindricotheca closterium,D-Cylindricotheca closterium,20
15938,2014,Nov,19,19/11/2014,,,,W11,,NS,Diatom,Thalassionema spp.,D-Thalassionema spp.,60
15939,2014,Nov,19,19/11/2014,,,,W11,,NS,Diatom,Thalassiosira spp.,D-Thalassiosira spp.,340
15940,2014,Nov,19,19/11/2014,,,,W11,,NS,Dinoflagellate,Ceratium furca,DF-Ceratium furca,200
15941,2014,Nov,19,19/11/2014,,,,W11,,NS,Dinoflagellate,Dinophysis caudata,DF-Dinophysis caudata,20
15942,2014,Nov,19,19/11/2014,,,,W11,,NS,Dinoflagellate,Diplopsalis spp.,DF-Diplopsalis spp.,60
15943,2014,Nov,19,19/11/2014,,,,W11,,NS,Dinoflagellate,Gonyaulax,DF-Gonyaulax,260
15944,2014,Nov,19,19/11/2014,,,,W11,,NS,Dinoflagellate,Gymnodinium catenatum,DF-Gymnodinium catenatum,20
15945,2014,Nov,19,19/11/2014,,,,W11,,NS,Dinoflagellate,Prorocentrum gracile,DF-Prorocentrum gracile,60
15946,2014,Nov,19,19/11/2014,,,,W11,,NS,Dinoflagellate,Prorocentrum micans,DF-Prorocentrum micans,80
15947,2014,Nov,19,19/11/2014,,,,W11,,NS,Dinoflagellate,Protoperidinium conicum,DF-Protoperidinium conicum,40
15948,2014,Nov,19,19/11/2014,,,,W11,,NS,Dinoflagellate,Protoperidinium divergens,DF-Protoperidinium divergens,40
15949,2014,Nov,19,19/11/2014,,,,W11,,NS,Dinoflagellate,Protoperidinium oblongum,DF-Protoperidinium oblongum,40
15950,2014,Nov,19,19/11/2014,,,,W11,,NS,Dinoflagellate,Scrippsiella trochoidea,DF-Scrippsiella trochoidea,200
15951,2014,Nov,19,19/11/2014,,,,W10,,NS,Diatom,Coscinodiscus spp.,D-Coscinodiscus spp.,100
15952,2014,Nov,19,19/11/2014,,,,W10,,NS,Diatom,Odontella sp.,D-Odontella sp.,20
15953,2014,Nov,19,19/11/2014,,,,W10,,NS,Diatom,Pleurosigma sp,D-Pleurosigma sp,20
15954,2014,Nov,19,19/11/2014,,,,W10,,NS,Diatom,Rhizosolenia spp.,D-Rhizosolenia spp.,20
15955,2014,Nov,19,19/11/2014,,,,W10,,NS,Diatom,Skeletonema,D-Skeletonema,40
15956,2014,Nov,19,19/11/2014,,,,W10,,NS,Diatom,Thalassionema spp.,D-Thalassionema spp.,20
15957,2014,Nov,19,19/11/2014,,,,W10,,NS,Diatom,Thalassiosira spp.,D-Thalassiosira spp.,340
15958,2014,Nov,19,19/11/2014,,,,W10,,NS,Dinoflagellate,Ceratium furca,DF-Ceratium furca,880
15959,2014,Nov,19,19/11/2014,,,,W10,,NS,Dinoflagellate,Dinophysis caudata,DF-Dinophysis caudata,20
15960,2014,Nov,19,19/11/2014,,,,W10,,NS,Dinoflagellate,Diplopsalis spp.,DF-Diplopsalis spp.,40
15961,2014,Nov,19,19/11/2014,,,,W10,,NS,Dinoflagellate,Gonyaulax,DF-Gonyaulax,380
15962,2014,Nov,19,19/11/2014,,,,W10,,NS,Dinoflagellate,Gymnodinium,DF-Gymnodinium,20460
15963,2014,Nov,19,19/11/2014,,,,W10,,NS,Dinoflagellate,Prorocentrum micans,DF-Prorocentrum micans,80
15964,2014,Nov,19,19/11/2014,,,,W10,,NS,Dinoflagellate,Protoperidinium conicum,DF-Protoperidinium conicum,40
15965,2014,Nov,19,19/11/2014,,,,W10,,NS,Dinoflagellate,Protoperidinium divergens,DF-Protoperidinium divergens,20
15966,2014,Nov,19,19/11/2014,,,,W10,,NS,Dinoflagellate,Protoperidinium grande,DF-Protoperidinium grande,20
15967,2014,Nov,19,19/11/2014,,,,W10,,NS,Dinoflagellate,Protoperidinium oblongum,DF-Protoperidinium oblongum,60
15968,2014,Nov,19,19/11/2014,,,,W10,,NS,Dinoflagellate,Protoperidinium pellucidum,DF-Protoperidinium pellucidum,40
15969,2014,Nov,19,19/11/2014,,,,W10,,NS,Dinoflagellate,Protoperidinium tellissinium,DF-Protoperidinium tellissinium,220
15970,2014,Nov,19,19/11/2014,,,,W10,,NS,Dinoflagellate,Scrippsiella trochoidea,DF-Scrippsiella trochoidea,260
15971,2014,Dec,14,14/12/2014,,,,LJC9,,NS,Diatom,Coscinodiscus spp.,D-Coscinodiscus spp.,20
15972,2014,Dec,14,14/12/2014,,,,LJC9,,NS,Diatom,Navicula  spp.,D-Navicula  spp.,20
15973,2014,Dec,14,14/12/2014,,,,LJC9,,NS,Diatom,Odontella sp.,D-Odontella sp.,60
15974,2014,Dec,14,14/12/2014,,,,LJC9,,NS,Diatom,Pleurosigma sp,D-Pleurosigma sp,40
15975,2014,Dec,14,14/12/2014,,,,LJC9,,NS,Diatom,Rhizosolenia spp.,D-Rhizosolenia spp.,60
15976,2014,Dec,14,14/12/2014,,,,LJC9,,NS,Diatom,Thalassionema spp.,D-Thalassionema spp.,100
15977,2014,Dec,14,14/12/2014,,,,LJC9,,NS,Diatom,Thalassiosira spp.,D-Thalassiosira spp.,400
15978,2014,Dec,14,14/12/2014,,,,LJC9,,NS,Dinoflagellate,Ceratium furca,DF-Ceratium furca,320
15979,2014,Dec,14,14/12/2014,,,,LJC9,,NS,Dinoflagellate,Dinophysis acuminata,DF-Dinophysis acuminata,40
15980,2014,Dec,14,14/12/2014,,,,LJC9,,NS,Dinoflagellate,Dinophysis caudata,DF-Dinophysis caudata,240
15981,2014,Dec,14,14/12/2014,,,,LJC9,,NS,Dinoflagellate,Gonyaulax,DF-Gonyaulax,1440
15982,2014,Dec,14,14/12/2014,,,,LJC9,,NS,Dinoflagellate,Heterocapsa circularisquama,DF-Heterocapsa circularisquama,500
15983,2014,Dec,14,14/12/2014,,,,LJC9,,NS,Dinoflagellate,Prorocentrum gracile,DF-Prorocentrum gracile,60
15984,2014,Dec,14,14/12/2014,,,,LJC9,,NS,Dinoflagellate,Prorocentrum micans,DF-Prorocentrum micans,1160
15985,2014,Dec,14,14/12/2014,,,,LJC9,,NS,Dinoflagellate,Protoperidinium conicum,DF-Protoperidinium conicum,140
15986,2014,Dec,14,14/12/2014,,,,LJC9,,NS,Dinoflagellate,Protoperidinium divergens,DF-Protoperidinium divergens,20
15987,2014,Dec,14,14/12/2014,,,,LJC9,,NS,Dinoflagellate,Protoperidinium grande,DF-Protoperidinium grande,120
15988,2014,Dec,14,14/12/2014,,,,LJC9,,NS,Dinoflagellate,Protoperidinium latispinum,DF-Protoperidinium latispinum,20
15989,2014,Dec,14,14/12/2014,,,,LJC9,,NS,Dinoflagellate,Protoperidinium oblongum,DF-Protoperidinium oblongum,240
15990,2014,Dec,14,14/12/2014,,,,LJC9,,NS,Dinoflagellate,Protoperidinium pallidum,DF-Protoperidinium pallidum,80
15991,2014,Dec,14,14/12/2014,,,,LJC9,,NS,Dinoflagellate,Protoperidinium pellucidum,DF-Protoperidinium pellucidum,100
15992,2014,Dec,14,14/12/2014,,,,LJC9,,NS,Dinoflagellate,Protoperidinium pentagonum,DF-Protoperidinium pentagonum,60
15993,2014,Dec,14,14/12/2014,,,,LJC9,,NS,Dinoflagellate,Protoperidinium tellissinium,DF-Protoperidinium tellissinium,240
15994,2014,Dec,14,14/12/2014,,,,LJC9,,NS,Dinoflagellate,Scrippsiella trochoidea,DF-Scrippsiella trochoidea,700
15995,2014,Dec,14,14/12/2014,,,,W11,,NS,Diatom,Coscinodiscus spp.,D-Coscinodiscus spp.,20
15996,2014,Dec,14,14/12/2014,,,,W11,,NS,Diatom,Fragilariopsis sp.,D-Fragilariopsis sp.,60
15997,2014,Dec,14,14/12/2014,,,,W11,,NS,Diatom,Nitzschia spp.,D-Nitzschia spp.,80
15998,2014,Dec,14,14/12/2014,,,,W11,,NS,Diatom,Odontella sp.,D-Odontella sp.,160
15999,2014,Dec,14,14/12/2014,,,,W11,,NS,Diatom,Rhizosolenia spp.,D-Rhizosolenia spp.,160
16000,2014,Dec,14,14/12/2014,,,,W11,,NS,Diatom,Skeletonema,D-Skeletonema,1660
16001,2014,Dec,14,14/12/2014,,,,W11,,NS,Diatom,Streptotheca,D-Streptotheca,20
16002,2014,Dec,14,14/12/2014,,,,W11,,NS,Diatom,Thalassiosira spp.,D-Thalassiosira spp.,800
16003,2014,Dec,14,14/12/2014,,,,W11,,NS,Dinoflagellate,Ceratium furca,DF-Ceratium furca,20
16004,2014,Dec,14,14/12/2014,,,,W11,,NS,Dinoflagellate,Gyrodinium sp.,DF-Gyrodinium sp.,20
16005,2014,Dec,14,14/12/2014,,,,W11,,NS,Dinoflagellate,Prorocentrum micans,DF-Prorocentrum micans,40
16006,2014,Dec,14,14/12/2014,,,,W11,,NS,Dinoflagellate,Protoperidinium conicum,DF-Protoperidinium conicum,60
16007,2014,Dec,14,14/12/2014,,,,W11,,NS,Dinoflagellate,Protoperidinium oblongum,DF-Protoperidinium oblongum,20
16008,2014,Dec,14,14/12/2014,,,,W11,,NS,Dinoflagellate,Protoperidinium ocenaicum,DF-Protoperidinium ocenaicum,20
16009,2014,Dec,14,14/12/2014,,,,W11,,NS,Dinoflagellate,Protoperidinium pallidum,DF-Protoperidinium pallidum,20
16010,2014,Dec,14,14/12/2014,,,,W11,,NS,Dinoflagellate,Protoperidinium tellissinium,DF-Protoperidinium tellissinium,20
16011,2014,Dec,14,14/12/2014,,,,W9,,NS,Diatom,Coscinodiscus spp.,D-Coscinodiscus spp.,60
16012,2014,Dec,14,14/12/2014,,,,W9,,NS,Diatom,Pleurosigma sp,D-Pleurosigma sp,20
16013,2014,Dec,14,14/12/2014,,,,W9,,NS,Diatom,Skeletonema,D-Skeletonema,80
16014,2014,Dec,14,14/12/2014,,,,W9,,NS,Diatom,Streptotheca,D-Streptotheca,60
16015,2014,Dec,14,14/12/2014,,,,W9,,NS,Diatom,Thalassiosira spp.,D-Thalassiosira spp.,740
16016,2014,Dec,14,14/12/2014,,,,W9,,NS,Dinoflagellate,Alexandrium spp.,DF-Alexandrium spp.,380
16017,2014,Dec,14,14/12/2014,,,,W9,,NS,Dinoflagellate,Ceratium furca,DF-Ceratium furca,80
16018,2014,Dec,14,14/12/2014,,,,W9,,NS,Dinoflagellate,Dinophysis acuminata,DF-Dinophysis acuminata,20
16019,2014,Dec,14,14/12/2014,,,,W9,,NS,Dinoflagellate,Gonyaulax,DF-Gonyaulax,340
16020,2014,Dec,14,14/12/2014,,,,W9,,NS,Dinoflagellate,Heterocapsa circularisquama,DF-Heterocapsa circularisquama,20
16021,2014,Dec,14,14/12/2014,,,,W9,,NS,Dinoflagellate,Prorocentrum gracile,DF-Prorocentrum gracile,60
16022,2014,Dec,14,14/12/2014,,,,W9,,NS,Dinoflagellate,Prorocentrum micans,DF-Prorocentrum micans,700
16023,2014,Dec,14,14/12/2014,,,,W9,,NS,Dinoflagellate,Protoperidinium conicum,DF-Protoperidinium conicum,40
16024,2014,Dec,14,14/12/2014,,,,W9,,NS,Dinoflagellate,Protoperidinium latispinum,DF-Protoperidinium latispinum,40
16025,2014,Dec,14,14/12/2014,,,,W9,,NS,Dinoflagellate,Protoperidinium oblongum,DF-Protoperidinium oblongum,80
16026,2014,Dec,14,14/12/2014,,,,W9,,NS,Dinoflagellate,Protoperidinium pallidum,DF-Protoperidinium pallidum,20
16027,2014,Dec,14,14/12/2014,,,,W9,,NS,Dinoflagellate,Protoperidinium pellucidum,DF-Protoperidinium pellucidum,20
16028,2014,Dec,14,14/12/2014,,,,W9,,NS,Dinoflagellate,Protoperidinium pentagonum,DF-Protoperidinium pentagonum,40
16029,2014,Dec,14,14/12/2014,,,,W9,,NS,Dinoflagellate,Protoperidinium tellissinium,DF-Protoperidinium tellissinium,160
16030,2014,Dec,14,14/12/2014,,,,W9,,NS,Dinoflagellate,Scrippsiella trochoidea,DF-Scrippsiella trochoidea,260
16031,2014,Dec,14,14/12/2014,,,,W3,,NS,Diatom,Nitzschia spp.,D-Nitzschia spp.,40
16032,2014,Dec,14,14/12/2014,,,,W3,,NS,Diatom,Streptotheca,D-Streptotheca,120
16033,2014,Dec,14,14/12/2014,,,,W3,,NS,Diatom,Thalassionema spp.,D-Thalassionema spp.,160
16034,2014,Dec,14,14/12/2014,,,,W3,,NS,Diatom,Thalassiosira spp.,D-Thalassiosira spp.,880
16035,2014,Dec,14,14/12/2014,,,,W3,,NS,Dinoflagellate,Alexandrium spp.,DF-Alexandrium spp.,140
16036,2014,Dec,14,14/12/2014,,,,W3,,NS,Dinoflagellate,Ceratium furca,DF-Ceratium furca,20
16037,2014,Dec,14,14/12/2014,,,,W3,,NS,Dinoflagellate,Dinophysis rotundata,DF-Dinophysis rotundata,40
16038,2014,Dec,14,14/12/2014,,,,W3,,NS,Dinoflagellate,Gymnodinium,DF-Gymnodinium,20
16039,2014,Dec,14,14/12/2014,,,,W3,,NS,Dinoflagellate,Prorocentrum micans,DF-Prorocentrum micans,20
16040,2014,Dec,14,14/12/2014,,,,W3,,NS,Dinoflagellate,Protoperidinium oblongum,DF-Protoperidinium oblongum,20
16041,2014,Dec,14,14/12/2014,,,,W8,,NS,Diatom,Coscinodiscus spp.,D-Coscinodiscus spp.,40
16042,2014,Dec,14,14/12/2014,,,,W8,,NS,Diatom,Navicula  spp.,D-Navicula  spp.,220
16043,2014,Dec,14,14/12/2014,,,,W8,,NS,Diatom,Odontella sp.,D-Odontella sp.,300
16044,2014,Dec,14,14/12/2014,,,,W8,,NS,Diatom,Rhizosolenia spp.,D-Rhizosolenia spp.,300
16045,2014,Dec,14,14/12/2014,,,,W8,,NS,Diatom,Skeletonema,D-Skeletonema,240
16046,2014,Dec,14,14/12/2014,,,,W8,,NS,Diatom,Streptotheca,D-Streptotheca,140
16047,2014,Dec,14,14/12/2014,,,,W8,,NS,Diatom,Thalassionema spp.,D-Thalassionema spp.,600
16048,2014,Dec,14,14/12/2014,,,,W8,,NS,Diatom,Thalassiosira spp.,D-Thalassiosira spp.,1640
16049,2014,Dec,14,14/12/2014,,,,W8,,NS,Dinoflagellate,Alexandrium spp.,DF-Alexandrium spp.,500
16050,2014,Dec,14,14/12/2014,,,,W8,,NS,Dinoflagellate,Ceratium furca,DF-Ceratium furca,80
16051,2014,Dec,14,14/12/2014,,,,W8,,NS,Dinoflagellate,Dinophysis caudata,DF-Dinophysis caudata,40
16052,2014,Dec,14,14/12/2014,,,,W8,,NS,Dinoflagellate,Dinophysis rotundata,DF-Dinophysis rotundata,40
16053,2014,Dec,14,14/12/2014,,,,W8,,NS,Dinoflagellate,Gonyaulax,DF-Gonyaulax,220
16054,2014,Dec,14,14/12/2014,,,,W8,,NS,Dinoflagellate,Gymnodinium,DF-Gymnodinium,380
16055,2014,Dec,14,14/12/2014,,,,W8,,NS,Dinoflagellate,Heterocapsa circularisquama,DF-Heterocapsa circularisquama,340
16056,2014,Dec,14,14/12/2014,,,,W8,,NS,Dinoflagellate,Peridinium quinquecorne,DF-Peridinium quinquecorne,40
16057,2014,Dec,14,14/12/2014,,,,W8,,NS,Dinoflagellate,Prorocentrum gracile,DF-Prorocentrum gracile,160
16058,2014,Dec,14,14/12/2014,,,,W8,,NS,Dinoflagellate,Prorocentrum micans,DF-Prorocentrum micans,1040
16059,2014,Dec,14,14/12/2014,,,,W8,,NS,Dinoflagellate,Protoperidinium depressum,DF-Protoperidinium depressum,60
16060,2014,Dec,14,14/12/2014,,,,W8,,NS,Dinoflagellate,Protoperidinium oblongum,DF-Protoperidinium oblongum,80
16061,2014,Dec,14,14/12/2014,,,,W8,,NS,Dinoflagellate,Protoperidinium pallidum,DF-Protoperidinium pallidum,20
16062,2014,Dec,14,14/12/2014,,,,W8,,NS,Dinoflagellate,Protoperidinium pellucidum,DF-Protoperidinium pellucidum,40
16063,2014,Dec,14,14/12/2014,,,,W8,,NS,Dinoflagellate,Protoperidinium pentagonum,DF-Protoperidinium pentagonum,20
16064,2014,Dec,14,14/12/2014,,,,W8,,NS,Dinoflagellate,Protoperidinium tellissinium,DF-Protoperidinium tellissinium,340
16065,2014,Dec,14,14/12/2014,,,,W8,,NS,Dinoflagellate,Scrippsiella trochoidea,DF-Scrippsiella trochoidea,660
16066,2014,Dec,14,14/12/2014,,,,W1,,NS,Diatom,Guinardia,D-Guinardia,20
16067,2014,Dec,14,14/12/2014,,,,W1,,NS,Diatom,Navicula  spp.,D-Navicula  spp.,80
16068,2014,Dec,14,14/12/2014,,,,W1,,NS,Diatom,Odontella sp.,D-Odontella sp.,100
16069,2014,Dec,14,14/12/2014,,,,W1,,NS,Diatom,Pleurosigma sp,D-Pleurosigma sp,40
16070,2014,Dec,14,14/12/2014,,,,W1,,NS,Diatom,Rhizosolenia spp.,D-Rhizosolenia spp.,100
16071,2014,Dec,14,14/12/2014,,,,W1,,NS,Diatom,Skeletonema,D-Skeletonema,200
16072,2014,Dec,14,14/12/2014,,,,W1,,NS,Diatom,Streptotheca,D-Streptotheca,380
16073,2014,Dec,14,14/12/2014,,,,W1,,NS,Diatom,Thalassiosira spp.,D-Thalassiosira spp.,520
16074,2014,Dec,14,14/12/2014,,,,W1,,NS,Dinoflagellate,Alexandrium spp.,DF-Alexandrium spp.,380
16075,2014,Dec,14,14/12/2014,,,,W1,,NS,Dinoflagellate,Ceratium furca,DF-Ceratium furca,20
16076,2014,Dec,14,14/12/2014,,,,W1,,NS,Dinoflagellate,Ceratium fusus,DF-Ceratium fusus,20
16077,2014,Dec,14,14/12/2014,,,,W1,,NS,Dinoflagellate,Dinophysis rotundata,DF-Dinophysis rotundata,20
16078,2014,Dec,14,14/12/2014,,,,W1,,NS,Dinoflagellate,Gonyaulax,DF-Gonyaulax,40
16079,2014,Dec,14,14/12/2014,,,,W1,,NS,Dinoflagellate,Heterocapsa circularisquama,DF-Heterocapsa circularisquama,120
16080,2014,Dec,14,14/12/2014,,,,W1,,NS,Dinoflagellate,Prorocentrum micans,DF-Prorocentrum micans,100
16081,2014,Dec,14,14/12/2014,,,,W1,,NS,Dinoflagellate,Protoperidinium conicum,DF-Protoperidinium conicum,40
16082,2014,Dec,14,14/12/2014,,,,W1,,NS,Dinoflagellate,Protoperidinium depressum,DF-Protoperidinium depressum,20
16083,2014,Dec,14,14/12/2014,,,,W1,,NS,Dinoflagellate,Protoperidinium divergens,DF-Protoperidinium divergens,40
16084,2014,Dec,14,14/12/2014,,,,W1,,NS,Dinoflagellate,Protoperidinium tellissinium,DF-Protoperidinium tellissinium,40
16085,2014,Dec,14,14/12/2014,,,,TS2,,NS,Diatom,Coscinodiscus spp.,D-Coscinodiscus spp.,40
16086,2014,Dec,14,14/12/2014,,,,TS2,,NS,Diatom,Skeletonema,D-Skeletonema,40
16087,2014,Dec,14,14/12/2014,,,,TS2,,NS,Diatom,Thalassiosira spp.,D-Thalassiosira spp.,520
16088,2014,Dec,14,14/12/2014,,,,TS2,,NS,Dinoflagellate,Alexandrium spp.,DF-Alexandrium spp.,100
16089,2014,Dec,14,14/12/2014,,,,TS2,,NS,Dinoflagellate,Ceratium furca,DF-Ceratium furca,1080
16090,2014,Dec,14,14/12/2014,,,,TS2,,NS,Dinoflagellate,Dinophysis caudata,DF-Dinophysis caudata,200
16091,2014,Dec,14,14/12/2014,,,,TS2,,NS,Dinoflagellate,Diplopsalis spp.,DF-Diplopsalis spp.,120
16092,2014,Dec,14,14/12/2014,,,,TS2,,NS,Dinoflagellate,Gonyaulax,DF-Gonyaulax,80
16093,2014,Dec,14,14/12/2014,,,,TS2,,NS,Dinoflagellate,Gymnodinium,DF-Gymnodinium,100
16094,2014,Dec,14,14/12/2014,,,,TS2,,NS,Dinoflagellate,Heterocapsa circularisquama,DF-Heterocapsa circularisquama,20
16095,2014,Dec,14,14/12/2014,,,,TS2,,NS,Dinoflagellate,Peridinium quinquecorne,DF-Peridinium quinquecorne,20
16096,2014,Dec,14,14/12/2014,,,,TS2,,NS,Dinoflagellate,Prorocentrum gracile,DF-Prorocentrum gracile,20
16097,2014,Dec,14,14/12/2014,,,,TS2,,NS,Dinoflagellate,Prorocentrum micans,DF-Prorocentrum micans,100
16098,2014,Dec,14,14/12/2014,,,,TS2,,NS,Dinoflagellate,Protoperidinium conicum,DF-Protoperidinium conicum,40
16099,2014,Dec,14,14/12/2014,,,,TS2,,NS,Dinoflagellate,Protoperidinium depressum,DF-Protoperidinium depressum,120
16100,2014,Dec,14,14/12/2014,,,,TS2,,NS,Dinoflagellate,Protoperidinium grande,DF-Protoperidinium grande,60
16101,2014,Dec,14,14/12/2014,,,,TS2,,NS,Dinoflagellate,Protoperidinium oblongum,DF-Protoperidinium oblongum,240
16102,2014,Dec,14,14/12/2014,,,,TS2,,NS,Dinoflagellate,Protoperidinium pallidum,DF-Protoperidinium pallidum,40
16103,2014,Dec,14,14/12/2014,,,,TS2,,NS,Dinoflagellate,Protoperidinium pentagonum,DF-Protoperidinium pentagonum,60
16104,2014,Dec,14,14/12/2014,,,,TS2,,NS,Dinoflagellate,Protoperidinium tellissinium,DF-Protoperidinium tellissinium,160
16105,2014,Dec,14,14/12/2014,,,,A1,,NS,Diatom,Coscinodiscus spp.,D-Coscinodiscus spp.,20
16106,2014,Dec,14,14/12/2014,,,,A1,,NS,Diatom,Fragilariopsis sp.,D-Fragilariopsis sp.,20
16107,2014,Dec,14,14/12/2014,,,,A1,,NS,Diatom,Pleurosigma sp,D-Pleurosigma sp,40
16108,2014,Dec,14,14/12/2014,,,,A1,,NS,Diatom,Skeletonema,D-Skeletonema,20
16109,2014,Dec,14,14/12/2014,,,,A1,,NS,Diatom,Streptotheca,D-Streptotheca,40
16110,2014,Dec,14,14/12/2014,,,,A1,,NS,Diatom,Thalassiosira spp.,D-Thalassiosira spp.,680
16111,2014,Dec,14,14/12/2014,,,,A1,,NS,Dinoflagellate,Alexandrium spp.,DF-Alexandrium spp.,1960
16112,2014,Dec,14,14/12/2014,,,,A1,,NS,Dinoflagellate,Ceratium furca,DF-Ceratium furca,20
16113,2014,Dec,14,14/12/2014,,,,A1,,NS,Dinoflagellate,Dinophysis caudata,DF-Dinophysis caudata,100
16114,2014,Dec,14,14/12/2014,,,,A1,,NS,Dinoflagellate,Diplopsalis orbicularis,DF-Diplopsalis orbicularis,20
16115,2014,Dec,14,14/12/2014,,,,A1,,NS,Dinoflagellate,Gonyaulax,DF-Gonyaulax,120
16116,2014,Dec,14,14/12/2014,,,,A1,,NS,Dinoflagellate,Gymnodinium,DF-Gymnodinium,220
16117,2014,Dec,14,14/12/2014,,,,A1,,NS,Dinoflagellate,Heterocapsa circularisquama,DF-Heterocapsa circularisquama,140
16118,2014,Dec,14,14/12/2014,,,,A1,,NS,Dinoflagellate,Peridinium quinquecorne,DF-Peridinium quinquecorne,20
16119,2014,Dec,14,14/12/2014,,,,A1,,NS,Dinoflagellate,Prorocentrum micans,DF-Prorocentrum micans,400
16120,2014,Dec,14,14/12/2014,,,,A1,,NS,Dinoflagellate,Protoperidinium conicum,DF-Protoperidinium conicum,60
16121,2014,Dec,14,14/12/2014,,,,A1,,NS,Dinoflagellate,Protoperidinium divergens,DF-Protoperidinium divergens,20
16122,2014,Dec,14,14/12/2014,,,,A1,,NS,Dinoflagellate,Protoperidinium oblongum,DF-Protoperidinium oblongum,20
16123,2014,Dec,14,14/12/2014,,,,A1,,NS,Dinoflagellate,Protoperidinium pallidum,DF-Protoperidinium pallidum,20
16124,2014,Dec,14,14/12/2014,,,,A1,,NS,Dinoflagellate,Protoperidinium tellissinium,DF-Protoperidinium tellissinium,180
16125,2014,Dec,14,14/12/2014,,,,A1,,NS,Dinoflagellate,Scrippsiella trochoidea,DF-Scrippsiella trochoidea,560
16126,2014,Dec,14,14/12/2014,,,,A5,,NS,Diatom,Cylindricotheca closterium,D-Cylindricotheca closterium,60
16127,2014,Dec,14,14/12/2014,,,,A5,,NS,Diatom,Navicula  spp.,D-Navicula  spp.,120
16128,2014,Dec,14,14/12/2014,,,,A5,,NS,Diatom,Nitzschia spp.,D-Nitzschia spp.,900
16129,2014,Dec,14,14/12/2014,,,,A5,,NS,Diatom,Odontella sp.,D-Odontella sp.,400
16130,2014,Dec,14,14/12/2014,,,,A5,,NS,Diatom,Rhizosolenia spp.,D-Rhizosolenia spp.,400
16131,2014,Dec,14,14/12/2014,,,,A5,,NS,Diatom,Thalassionema spp.,D-Thalassionema spp.,240
16132,2014,Dec,14,14/12/2014,,,,A5,,NS,Diatom,Thalassiosira spp.,D-Thalassiosira spp.,340
16133,2014,Dec,14,14/12/2014,,,,A5,,NS,Dinoflagellate,Diplopsalis orbicularis,DF-Diplopsalis orbicularis,40
16134,2014,Dec,14,14/12/2014,,,,A5,,NS,Dinoflagellate,Gonyaulax,DF-Gonyaulax,100
16135,2014,Dec,14,14/12/2014,,,,A5,,NS,Dinoflagellate,Gymnodinium sp.,DF-Gymnodinium sp.,320
16136,2014,Dec,14,14/12/2014,,,,A5,,NS,Dinoflagellate,Gyrodinium sp.,DF-Gyrodinium sp.,60
16137,2014,Dec,14,14/12/2014,,,,A5,,NS,Dinoflagellate,Prorocentrum lima,DF-Prorocentrum lima,20
16138,2014,Dec,14,14/12/2014,,,,A5,,NS,Dinoflagellate,Prorocentrum micans,DF-Prorocentrum micans,160
16139,2014,Dec,14,14/12/2014,,,,A5,,NS,Dinoflagellate,Protoperidinium conicum,DF-Protoperidinium conicum,40
16140,2014,Dec,14,14/12/2014,,,,A5,,NS,Dinoflagellate,Protoperidinium divergens,DF-Protoperidinium divergens,20
16141,2014,Dec,14,14/12/2014,,,,A5,,NS,Dinoflagellate,Protoperidinium latispinum,DF-Protoperidinium latispinum,80
16142,2014,Dec,14,14/12/2014,,,,A5,,NS,Dinoflagellate,Protoperidinium tellissinium,DF-Protoperidinium tellissinium,20
16143,2014,Dec,14,14/12/2014,,,,A5,,NS,Dinoflagellate,Scrippsiella trochoidea,DF-Scrippsiella trochoidea,80
16144,2014,Dec,14,14/12/2014,,,,TS2,,NB,Diatom,Coscinodiscus spp.,D-Coscinodiscus spp.,20
16145,2014,Dec,14,14/12/2014,,,,TS2,,NB,Diatom,Eucampia spp.,D-Eucampia spp.,100
16146,2014,Dec,14,14/12/2014,,,,TS2,,NB,Diatom,Guinardia,D-Guinardia,680
16147,2014,Dec,14,14/12/2014,,,,TS2,,NB,Diatom,Navicula  spp.,D-Navicula  spp.,20
16148,2014,Dec,14,14/12/2014,,,,TS2,,NB,Diatom,Odontella sp.,D-Odontella sp.,220
16149,2014,Dec,14,14/12/2014,,,,TS2,,NB,Diatom,Pleurosigma sp,D-Pleurosigma sp,40
16150,2014,Dec,14,14/12/2014,,,,TS2,,NB,Diatom,Rhizosolenia spp.,D-Rhizosolenia spp.,220
16151,2014,Dec,14,14/12/2014,,,,TS2,,NB,Diatom,Skeletonema,D-Skeletonema,20
16152,2014,Dec,14,14/12/2014,,,,TS2,,NB,Diatom,Streptotheca,D-Streptotheca,2780
16153,2014,Dec,14,14/12/2014,,,,TS2,,NB,Diatom,Thalassiosira spp.,D-Thalassiosira spp.,460
16154,2014,Dec,14,14/12/2014,,,,TS2,,NB,Dinoflagellate,Ceratium furca,DF-Ceratium furca,120
16155,2014,Dec,14,14/12/2014,,,,TS2,,NB,Dinoflagellate,Dinophysis caudata,DF-Dinophysis caudata,220
16156,2014,Dec,14,14/12/2014,,,,TS2,,NB,Dinoflagellate,Diplopsalis spp.,DF-Diplopsalis spp.,40
16157,2014,Dec,14,14/12/2014,,,,TS2,,NB,Dinoflagellate,Gonyaulax,DF-Gonyaulax,160
16158,2014,Dec,14,14/12/2014,,,,TS2,,NB,Dinoflagellate,Gymnodinium sp.,DF-Gymnodinium sp.,400
16159,2014,Dec,14,14/12/2014,,,,TS2,,NB,Dinoflagellate,Gyrodinium sp.,DF-Gyrodinium sp.,20
16160,2014,Dec,14,14/12/2014,,,,TS2,,NB,Dinoflagellate,Gyrodinium spirale,DF-Gyrodinium spirale,20
16161,2014,Dec,14,14/12/2014,,,,TS2,,NB,Dinoflagellate,Peridinium quinquecorne,DF-Peridinium quinquecorne,20
16162,2014,Dec,14,14/12/2014,,,,TS2,,NB,Dinoflagellate,Prorocentrum micans,DF-Prorocentrum micans,140
16163,2014,Dec,14,14/12/2014,,,,TS2,,NB,Dinoflagellate,Protoperidinium conicum,DF-Protoperidinium conicum,60
16164,2014,Dec,14,14/12/2014,,,,TS2,,NB,Dinoflagellate,Protoperidinium divergens,DF-Protoperidinium divergens,80
16165,2014,Dec,14,14/12/2014,,,,TS2,,NB,Dinoflagellate,Protoperidinium grande,DF-Protoperidinium grande,200
16166,2014,Dec,14,14/12/2014,,,,TS2,,NB,Dinoflagellate,Protoperidinium oblongum,DF-Protoperidinium oblongum,140
16167,2014,Dec,14,14/12/2014,,,,TS2,,NB,Dinoflagellate,Protoperidinium pallidum,DF-Protoperidinium pallidum,40
16168,2014,Dec,14,14/12/2014,,,,TS2,,NB,Dinoflagellate,Protoperidinium pellucidum,DF-Protoperidinium pellucidum,40
16169,2014,Dec,14,14/12/2014,,,,TS2,,NB,Dinoflagellate,Scrippsiella trochoidea,DF-Scrippsiella trochoidea,40
16170,2014,Dec,14,14/12/2014,,,,A4,,NS,Diatom,Cylindricotheca closterium,D-Cylindricotheca closterium,60
16171,2014,Dec,14,14/12/2014,,,,A4,,NS,Diatom,Eucampia spp.,D-Eucampia spp.,60
16172,2014,Dec,14,14/12/2014,,,,A4,,NS,Diatom,Nitzschia spp.,D-Nitzschia spp.,320
16173,2014,Dec,14,14/12/2014,,,,A4,,NS,Diatom,Odontella sp.,D-Odontella sp.,300
16174,2014,Dec,14,14/12/2014,,,,A4,,NS,Diatom,Rhizosolenia spp.,D-Rhizosolenia spp.,300
16175,2014,Dec,14,14/12/2014,,,,A4,,NS,Diatom,Skeletonema,D-Skeletonema,100
16176,2014,Dec,14,14/12/2014,,,,A4,,NS,Diatom,Thalassionema spp.,D-Thalassionema spp.,140
16177,2014,Dec,14,14/12/2014,,,,A4,,NS,Diatom,Thalassiosira spp.,D-Thalassiosira spp.,220
16178,2014,Dec,14,14/12/2014,,,,A4,,NS,Dinoflagellate,Diplopsalis spp.,DF-Diplopsalis spp.,20
16179,2014,Dec,14,14/12/2014,,,,A4,,NS,Dinoflagellate,Gonyaulax,DF-Gonyaulax,40
16180,2014,Dec,14,14/12/2014,,,,A4,,NS,Dinoflagellate,Gymnodinium sp.,DF-Gymnodinium sp.,220
16181,2014,Dec,14,14/12/2014,,,,A4,,NS,Dinoflagellate,Gyrodinium sp.,DF-Gyrodinium sp.,20
16182,2014,Dec,14,14/12/2014,,,,A4,,NS,Dinoflagellate,Peridinium quinquecorne,DF-Peridinium quinquecorne,20
16183,2014,Dec,14,14/12/2014,,,,A4,,NS,Dinoflagellate,Prorocentrum lima,DF-Prorocentrum lima,20
16184,2014,Dec,14,14/12/2014,,,,A4,,NS,Dinoflagellate,Prorocentrum micans,DF-Prorocentrum micans,80
16185,2014,Dec,14,14/12/2014,,,,A4,,NS,Dinoflagellate,Protoperidinium conicum,DF-Protoperidinium conicum,60
16186,2014,Dec,14,14/12/2014,,,,A4,,NS,Dinoflagellate,Protoperidinium latispinum,DF-Protoperidinium latispinum,80
16187,2014,Dec,14,14/12/2014,,,,A4,,NS,Dinoflagellate,Scrippsiella trochoidea,DF-Scrippsiella trochoidea,40
16188,2014,Dec,14,14/12/2014,,,,A2,,NS,Diatom,Cylindricotheca closterium,D-Cylindricotheca closterium,80
16189,2014,Dec,14,14/12/2014,,,,A2,,NS,Diatom,Guinardia,D-Guinardia,60
16190,2014,Dec,14,14/12/2014,,,,A2,,NS,Diatom,Navicula  spp.,D-Navicula  spp.,120
16191,2014,Dec,14,14/12/2014,,,,A2,,NS,Diatom,Nitzschia spp.,D-Nitzschia spp.,2980
16192,2014,Dec,14,14/12/2014,,,,A2,,NS,Diatom,Odontella sp.,D-Odontella sp.,140
16193,2014,Dec,14,14/12/2014,,,,A2,,NS,Diatom,Rhizosolenia spp.,D-Rhizosolenia spp.,140
16194,2014,Dec,14,14/12/2014,,,,A2,,NS,Diatom,Skeletonema,D-Skeletonema,80
16195,2014,Dec,14,14/12/2014,,,,A2,,NS,Diatom,Thalassiosira spp.,D-Thalassiosira spp.,1840
16196,2014,Dec,14,14/12/2014,,,,A2,,NS,Dinoflagellate,Ceratium furca,DF-Ceratium furca,20
16197,2014,Dec,14,14/12/2014,,,,A2,,NS,Dinoflagellate,Diplopsalis orbicularis,DF-Diplopsalis orbicularis,40
16198,2014,Dec,14,14/12/2014,,,,A2,,NS,Dinoflagellate,Gonyaulax,DF-Gonyaulax,80
16199,2014,Dec,14,14/12/2014,,,,A2,,NS,Dinoflagellate,Prorocentrum micans,DF-Prorocentrum micans,40
16200,2014,Dec,14,14/12/2014,,,,A2,,NS,Dinoflagellate,Protoperidinium conicum,DF-Protoperidinium conicum,20
16201,2014,Dec,14,14/12/2014,,,,A2,,NS,Dinoflagellate,Protoperidinium divergens,DF-Protoperidinium divergens,20
16202,2014,Dec,14,14/12/2014,,,,A2,,NS,Dinoflagellate,Protoperidinium oblongum,DF-Protoperidinium oblongum,40
16203,2014,Dec,14,14/12/2014,,,,A2,,NS,Dinoflagellate,Protoperidinium pallidum,DF-Protoperidinium pallidum,60
16204,2014,Dec,14,14/12/2014,,,,A2,,NS,Dinoflagellate,Scrippsiella trochoidea,DF-Scrippsiella trochoidea,20
16205,2014,Dec,14,14/12/2014,,,,A5,,NS,Diatom,Cylindricotheca closterium,D-Cylindricotheca closterium,60
16206,2014,Dec,14,14/12/2014,,,,A5,,NS,Diatom,Navicula  spp.,D-Navicula  spp.,120
16207,2014,Dec,14,14/12/2014,,,,A5,,NS,Diatom,Nitzschia spp.,D-Nitzschia spp.,900
16208,2014,Dec,14,14/12/2014,,,,A5,,NS,Diatom,Odontella sp.,D-Odontella sp.,400
16209,2014,Dec,14,14/12/2014,,,,A5,,NS,Diatom,Rhizosolenia spp.,D-Rhizosolenia spp.,400
16210,2014,Dec,14,14/12/2014,,,,A5,,NS,Diatom,Thalassionema spp.,D-Thalassionema spp.,240
16211,2014,Dec,14,14/12/2014,,,,A5,,NS,Diatom,Thalassiosira spp.,D-Thalassiosira spp.,340
16212,2014,Dec,14,14/12/2014,,,,A5,,NS,Dinoflagellate,Diplopsalis orbicularis,DF-Diplopsalis orbicularis,40
16213,2014,Dec,14,14/12/2014,,,,A5,,NS,Dinoflagellate,Gonyaulax,DF-Gonyaulax,100
16214,2014,Dec,14,14/12/2014,,,,A5,,NS,Dinoflagellate,Gymnodinium sp.,DF-Gymnodinium sp.,320
16215,2014,Dec,14,14/12/2014,,,,A5,,NS,Dinoflagellate,Gyrodinium sp.,DF-Gyrodinium sp.,60
16216,2014,Dec,14,14/12/2014,,,,A5,,NS,Dinoflagellate,Prorocentrum lima,DF-Prorocentrum lima,20
16217,2014,Dec,14,14/12/2014,,,,A5,,NS,Dinoflagellate,Prorocentrum micans,DF-Prorocentrum micans,160
16218,2014,Dec,14,14/12/2014,,,,A5,,NS,Dinoflagellate,Protoperidinium conicum,DF-Protoperidinium conicum,40
16219,2014,Dec,14,14/12/2014,,,,A5,,NS,Dinoflagellate,Protoperidinium divergens,DF-Protoperidinium divergens,20
16220,2014,Dec,14,14/12/2014,,,,A5,,NS,Dinoflagellate,Protoperidinium latispinum,DF-Protoperidinium latispinum,80
16221,2014,Dec,14,14/12/2014,,,,A5,,NS,Dinoflagellate,Protoperidinium tellissinium,DF-Protoperidinium tellissinium,20
16222,2014,Dec,14,14/12/2014,,,,A5,,NS,Dinoflagellate,Scrippsiella trochoidea,DF-Scrippsiella trochoidea,80
16223,2014,Dec,14,14/12/2014,,,,W3,,NS,Diatom,Coscinodiscus spp.,D-Coscinodiscus spp.,40
16224,2014,Dec,14,14/12/2014,,,,W3,,NS,Dinoflagellate,Heterocapsa circularisquama,DF-Heterocapsa circularisquama,840
16225,2014,Dec,14,14/12/2014,,,,W3,,NS,Diatom,Nitzschia spp.,D-Nitzschia spp.,80
16226,2014,Dec,14,14/12/2014,,,,W3,,NS,Diatom,Odontella sp.,D-Odontella sp.,40
16227,2014,Dec,14,14/12/2014,,,,W3,,NS,Diatom,Rhizosolenia spp.,D-Rhizosolenia spp.,40
16228,2014,Dec,14,14/12/2014,,,,W3,,NS,Diatom,Skeletonema,D-Skeletonema,240
16229,2014,Dec,14,14/12/2014,,,,W3,,NS,Diatom,Streptotheca,D-Streptotheca,80
16230,2014,Dec,14,14/12/2014,,,,W3,,NS,Diatom,Thalassiosira spp.,D-Thalassiosira spp.,380
16231,2014,Dec,14,14/12/2014,,,,W3,,NS,Dinoflagellate,Ceratium furca,DF-Ceratium furca,240
16232,2014,Dec,14,14/12/2014,,,,W3,,NS,Dinoflagellate,Dinophysis caudata,DF-Dinophysis caudata,140
16233,2014,Dec,14,14/12/2014,,,,W3,,NS,Dinoflagellate,Diplopsalis spp.,DF-Diplopsalis spp.,220
16234,2014,Dec,14,14/12/2014,,,,W3,,NS,Dinoflagellate,Gonyaulax,DF-Gonyaulax,1220
16235,2014,Dec,14,14/12/2014,,,,W3,,NS,Dinoflagellate,Gymnodinium sp.,DF-Gymnodinium sp.,1600
16236,2014,Dec,14,14/12/2014,,,,W3,,NS,Dinoflagellate,Prorocentrum gracile,DF-Prorocentrum gracile,60
16237,2014,Dec,14,14/12/2014,,,,W3,,NS,Dinoflagellate,Prorocentrum micans,DF-Prorocentrum micans,520
16238,2014,Dec,14,14/12/2014,,,,W3,,NS,Dinoflagellate,Protoperidinium conicum,DF-Protoperidinium conicum,20
16239,2014,Dec,14,14/12/2014,,,,W3,,NS,Dinoflagellate,Protoperidinium depressum,DF-Protoperidinium depressum,80
16240,2014,Dec,14,14/12/2014,,,,W3,,NS,Dinoflagellate,Protoperidinium divergens,DF-Protoperidinium divergens,20
16241,2014,Dec,14,14/12/2014,,,,W3,,NS,Dinoflagellate,Protoperidinium latispinum,DF-Protoperidinium latispinum,440
16242,2014,Dec,14,14/12/2014,,,,W3,,NS,Dinoflagellate,Protoperidinium oblongum,DF-Protoperidinium oblongum,60
16243,2014,Dec,14,14/12/2014,,,,W3,,NS,Dinoflagellate,Protoperidinium pellucidum,DF-Protoperidinium pellucidum,60
16244,2014,Dec,14,14/12/2014,,,,W3,,NS,Dinoflagellate,Scrippsiella trochoidea,DF-Scrippsiella trochoidea,360
16245,2014,Dec,14,14/12/2014,,,,W10,,NS,Diatom,Navicula  spp.,D-Navicula  spp.,60
16246,2014,Dec,14,14/12/2014,,,,W10,,NS,Diatom,Odontella sp.,D-Odontella sp.,380
16247,2014,Dec,14,14/12/2014,,,,W10,,NS,Diatom,Pleurosigma sp,D-Pleurosigma sp,40
16248,2014,Dec,14,14/12/2014,,,,W10,,NS,Diatom,Rhizosolenia spp.,D-Rhizosolenia spp.,380
16249,2014,Dec,14,14/12/2014,,,,W10,,NS,Diatom,Streptotheca,D-Streptotheca,360
16250,2014,Dec,14,14/12/2014,,,,W10,,NS,Diatom,Thalassiosira spp.,D-Thalassiosira spp.,10540
16251,2014,Dec,14,14/12/2014,,,,W10,,NS,Dinoflagellate,Ceratium furca,DF-Ceratium furca,520
16252,2014,Dec,14,14/12/2014,,,,W10,,NS,Dinoflagellate,Dinophysis caudata,DF-Dinophysis caudata,40
16253,2014,Dec,14,14/12/2014,,,,W10,,NS,Dinoflagellate,Diplopsalis spp.,DF-Diplopsalis spp.,20
16254,2014,Dec,14,14/12/2014,,,,W10,,NS,Dinoflagellate,Gonyaulax,DF-Gonyaulax,440
16255,2014,Dec,14,14/12/2014,,,,W10,,NS,Dinoflagellate,Gymnodinium sp.,DF-Gymnodinium sp.,840
16256,2014,Dec,14,14/12/2014,,,,W10,,NS,Dinoflagellate,Gyrodinium sp.,DF-Gyrodinium sp.,280
16257,2014,Dec,14,14/12/2014,,,,W10,,NS,Dinoflagellate,Prorocentrum micans,DF-Prorocentrum micans,240
16258,2014,Dec,14,14/12/2014,,,,W10,,NS,Dinoflagellate,Protoperidinium conicum,DF-Protoperidinium conicum,320
16259,2014,Dec,14,14/12/2014,,,,W10,,NS,Dinoflagellate,Protoperidinium depressum,DF-Protoperidinium depressum,180
16260,2014,Dec,14,14/12/2014,,,,W10,,NS,Dinoflagellate,Protoperidinium divergens,DF-Protoperidinium divergens,160
16261,2014,Dec,14,14/12/2014,,,,W10,,NS,Dinoflagellate,Protoperidinium grande,DF-Protoperidinium grande,280
16262,2014,Dec,14,14/12/2014,,,,W10,,NS,Dinoflagellate,Protoperidinium latispinum,DF-Protoperidinium latispinum,300
16263,2014,Dec,14,14/12/2014,,,,W10,,NS,Dinoflagellate,Protoperidinium oblongum,DF-Protoperidinium oblongum,1340
16264,2014,Dec,14,14/12/2014,,,,W10,,NS,Dinoflagellate,Protoperidinium ocenaicum,DF-Protoperidinium ocenaicum,140
16265,2014,Dec,14,14/12/2014,,,,W10,,NS,Dinoflagellate,Protoperidinium pellucidum,DF-Protoperidinium pellucidum,440
16266,2014,Dec,14,14/12/2014,,,,W10,,NS,Dinoflagellate,Protoperidinium pentagonum,DF-Protoperidinium pentagonum,80
16267,2014,Dec,14,14/12/2014,,,,W10,,NS,Dinoflagellate,Protoperidinium tellissinium,DF-Protoperidinium tellissinium,160
16268,2014,Dec,14,14/12/2014,,,,W10,,NS,Dinoflagellate,Scrippsiella trochoidea,DF-Scrippsiella trochoidea,40
16269,2014,Dec,14,14/12/2014,,,,W9,,NS,Diatom,Eucampia spp.,D-Eucampia spp.,140
16270,2014,Dec,14,14/12/2014,,,,W9,,NS,Diatom,Fragilariopsis sp.,D-Fragilariopsis sp.,40
16271,2014,Dec,14,14/12/2014,,,,W9,,NS,Diatom,Guinardia,D-Guinardia,420
16272,2014,Dec,14,14/12/2014,,,,W9,,NS,Diatom,Navicula  spp.,D-Navicula  spp.,140
16273,2014,Dec,14,14/12/2014,,,,W9,,NS,Diatom,Nitzschia spp.,D-Nitzschia spp.,220
16274,2014,Dec,14,14/12/2014,,,,W9,,NS,Diatom,Odontella sp.,D-Odontella sp.,2040
16275,2014,Dec,14,14/12/2014,,,,W9,,NS,Diatom,Pleurosigma sp,D-Pleurosigma sp,80
16276,2014,Dec,14,14/12/2014,,,,W9,,NS,Diatom,Rhizosolenia spp.,D-Rhizosolenia spp.,2040
16277,2014,Dec,14,14/12/2014,,,,W9,,NS,Diatom,Thalassionema spp.,D-Thalassionema spp.,100
16278,2014,Dec,14,14/12/2014,,,,W9,,NS,Diatom,Thalassiosira spp.,D-Thalassiosira spp.,10120
16279,2014,Dec,14,14/12/2014,,,,W9,,NS,Dinoflagellate,Ceratium furca,DF-Ceratium furca,280
16280,2014,Dec,14,14/12/2014,,,,W9,,NS,Dinoflagellate,Dinophysis caudata,DF-Dinophysis caudata,200
16281,2014,Dec,14,14/12/2014,,,,W9,,NS,Dinoflagellate,Gonyaulax,DF-Gonyaulax,2860
16282,2014,Dec,14,14/12/2014,,,,W9,,NS,Dinoflagellate,Gymnodinium sp.,DF-Gymnodinium sp.,600
16283,2014,Dec,14,14/12/2014,,,,W9,,NS,Dinoflagellate,Gymnodinium catenatum,DF-Gymnodinium catenatum,60
16284,2014,Dec,14,14/12/2014,,,,W9,,NS,Dinoflagellate,Gyrodinium sp.,DF-Gyrodinium sp.,360
16285,2014,Dec,14,14/12/2014,,,,W9,,NS,Dinoflagellate,Prorocentrum micans,DF-Prorocentrum micans,280
16286,2014,Dec,14,14/12/2014,,,,W9,,NS,Dinoflagellate,Protoperidinium conicum,DF-Protoperidinium conicum,40
16287,2014,Dec,14,14/12/2014,,,,W9,,NS,Dinoflagellate,Protoperidinium depressum,DF-Protoperidinium depressum,300
16288,2014,Dec,14,14/12/2014,,,,W9,,NS,Dinoflagellate,Protoperidinium divergens,DF-Protoperidinium divergens,80
16289,2014,Dec,14,14/12/2014,,,,W9,,NS,Dinoflagellate,Protoperidinium grande,DF-Protoperidinium grande,40
16290,2014,Dec,14,14/12/2014,,,,W9,,NS,Dinoflagellate,Protoperidinium latispinum,DF-Protoperidinium latispinum,180
16291,2014,Dec,14,14/12/2014,,,,W9,,NS,Dinoflagellate,Protoperidinium oblongum,DF-Protoperidinium oblongum,800
16292,2014,Dec,14,14/12/2014,,,,W9,,NS,Dinoflagellate,Protoperidinium pallidum,DF-Protoperidinium pallidum,20
16293,2014,Dec,14,14/12/2014,,,,W9,,NS,Dinoflagellate,Protoperidinium pellucidum,DF-Protoperidinium pellucidum,180
16294,2014,Dec,14,14/12/2014,,,,W9,,NS,Dinoflagellate,Protoperidinium tellissinium,DF-Protoperidinium tellissinium,140
16295,2014,Dec,14,14/12/2014,,,,W9,,NS,Dinoflagellate,Scrippsiella trochoidea,DF-Scrippsiella trochoidea,120
16296,2014,Dec,14,14/12/2014,,,,W2A,,NS,,Chaetoceros,Chaetoceros,20
16297,2014,Dec,14,14/12/2014,,,,W2A,,NS,Diatom,Fragilariopsis sp.,D-Fragilariopsis sp.,80
16298,2014,Dec,14,14/12/2014,,,,W2A,,NS,Diatom,Guinardia,D-Guinardia,160
16299,2014,Dec,14,14/12/2014,,,,W2A,,NS,Dinoflagellate,Heterocapsa circularisquama,DF-Heterocapsa circularisquama,160
16300,2014,Dec,14,14/12/2014,,,,W2A,,NS,Diatom,Navicula  spp.,D-Navicula  spp.,100
16301,2014,Dec,14,14/12/2014,,,,W2A,,NS,Diatom,Nitzschia spp.,D-Nitzschia spp.,1240
16302,2014,Dec,14,14/12/2014,,,,W2A,,NS,Diatom,Odontella sp.,D-Odontella sp.,80
16303,2014,Dec,14,14/12/2014,,,,W2A,,NS,Diatom,Pleurosigma sp,D-Pleurosigma sp,80
16304,2014,Dec,14,14/12/2014,,,,W2A,,NS,Diatom,Rhizosolenia spp.,D-Rhizosolenia spp.,80
16305,2014,Dec,14,14/12/2014,,,,W2A,,NS,Diatom,Skeletonema,D-Skeletonema,660
16306,2014,Dec,14,14/12/2014,,,,W2A,,NS,Diatom,Streptotheca,D-Streptotheca,180
16307,2014,Dec,14,14/12/2014,,,,W2A,,NS,Diatom,Thalassionema spp.,D-Thalassionema spp.,40
16308,2014,Dec,14,14/12/2014,,,,W2A,,NS,Diatom,Thalassiosira spp.,D-Thalassiosira spp.,3660
16309,2014,Dec,14,14/12/2014,,,,W2A,,NS,Dinoflagellate,Gonyaulax,DF-Gonyaulax,480
16310,2014,Dec,14,14/12/2014,,,,W2A,,NS,Dinoflagellate,Gymnodinium sp.,DF-Gymnodinium sp.,1320
16311,2014,Dec,14,14/12/2014,,,,W2A,,NS,Dinoflagellate,Gyrodinium sp.,DF-Gyrodinium sp.,20
16312,2014,Dec,14,14/12/2014,,,,W2A,,NS,Dinoflagellate,Prorocentrum micans,DF-Prorocentrum micans,60
16313,2014,Dec,14,14/12/2014,,,,W2A,,NS,Dinoflagellate,Protoperidinium divergens,DF-Protoperidinium divergens,20
16314,2014,Dec,14,14/12/2014,,,,W2A,,NS,Dinoflagellate,Protoperidinium grande,DF-Protoperidinium grande,60
16315,2014,Dec,14,14/12/2014,,,,W2A,,NS,Dinoflagellate,Protoperidinium oblongum,DF-Protoperidinium oblongum,20
16316,2014,Dec,14,14/12/2014,,,,W2A,,NS,Dinoflagellate,Protoperidinium pellucidum,DF-Protoperidinium pellucidum,60
16317,2014,Dec,14,14/12/2014,,,,W2A,,NS,Dinoflagellate,Scrippsiella trochoidea,DF-Scrippsiella trochoidea,140
16318,2014,Dec,14,14/12/2014,,,,W11,,NS,Diatom,Guinardia,D-Guinardia,280
16319,2014,Dec,14,14/12/2014,,,,W11,,NS,Diatom,Odontella sp.,D-Odontella sp.,40
16320,2014,Dec,14,14/12/2014,,,,W11,,NS,Diatom,Rhizosolenia spp.,D-Rhizosolenia spp.,40
16321,2014,Dec,14,14/12/2014,,,,W11,,NS,Diatom,Skeletonema,D-Skeletonema,240
16322,2014,Dec,14,14/12/2014,,,,W11,,NS,Diatom,Streptotheca,D-Streptotheca,200
16323,2014,Dec,14,14/12/2014,,,,W11,,NS,Diatom,Thalassiosira spp.,D-Thalassiosira spp.,860
16324,2014,Dec,14,14/12/2014,,,,W11,,NS,Dinoflagellate,Gymnodinium sp.,DF-Gymnodinium sp.,40
,,,,,,,,,,,,,,
,,,,,,,,,,,,,,
1,2005,January,13,13/01/2005,,,,Pangasinan,,,,Alexandrium sp.,,0
2,2005,January,13,13/01/2005,,,,Pangasinan,,,,Alexandrium sp.,,0
3,2005,January,13,13/01/2005,,,,Pangasinan,,,,Alexandrium sp.,,0
4,2005,January,13,13/01/2005,,,,Pangasinan,,,,Alexandrium sp.,,0
5,2005,January,13,13/01/2005,,,,Pangasinan,,,,Alexandrium sp.,,0
6,2005,January,13,13/01/2005,,,,Pangasinan,,,,Alexandrium sp.,,0
7,2005,January,27,27/01/2005,,,,Pangasinan,,,,Alexandrium sp.,,0
8,2005,January,27,27/01/2005,,,,Pangasinan,,,,Alexandrium sp.,,0
9,2005,January,27,27/01/2005,,,,Pangasinan,,,,Alexandrium sp.,,0
10,2005,January,27,27/01/2005,,,,Pangasinan,,,,Alexandrium sp.,,0
11,2005,January,27,27/01/2005,,,,Pangasinan,,,,Alexandrium sp.,,0
12,2005,January,27,27/01/2005,,,,Pangasinan,,,,Alexandrium sp.,,0
13,2005,February,2,01/02/2005,,,,Pangasinan,,,,Alexandrium sp.,,0
14,2005,February,2,01/02/2005,,,,Pangasinan,,,,Alexandrium sp.,,0
15,2005,February,2,01/02/2005,,,,Pangasinan,,,,Alexandrium sp.,,0
16,2005,February,2,01/02/2005,,,,Pangasinan,,,,Alexandrium sp.,,0
17,2005,February,8,08/02/2005,,,,Pangasinan,,,,Alexandrium sp.,,0
18,2005,February,8,08/02/2005,,,,Pangasinan,,,,Alexandrium sp.,,0
19,2005,February,8,08/02/2005,,,,Pangasinan,,,,Alexandrium sp.,,0
20,2005,February,8,08/02/2005,,,,Pangasinan,,,,Alexandrium sp.,,0
21,2005,February,8,08/02/2005,,,,Pangasinan,,,,Alexandrium sp.,,0
22,2005,February,8,08/02/2005,,,,Pangasinan,,,,Alexandrium sp.,,0
23,2005,February,15,15/02/2005,,,,Pangasinan,,,,Alexandrium sp.,,0
24,2005,February,15,15/02/2005,,,,Pangasinan,,,,Alexandrium sp.,,0
25,2005,February,15,15/02/2005,,,,Pangasinan,,,,Alexandrium sp.,,0
26,2005,February,15,15/02/2005,,,,Pangasinan,,,,Alexandrium sp.,,0
27,2005,February,15,15/02/2005,,,,Pangasinan,,,,Alexandrium sp.,,0
28,2005,February,15,15/02/2005,,,,Pangasinan,,,,Alexandrium sp.,,0
29,2005,February,23,23/02/2005,,,,Pangasinan,,,,Alexandrium sp.,,0
30,2005,February,23,23/02/2005,,,,Pangasinan,,,,Alexandrium sp.,,0
31,2005,February,23,23/02/2005,,,,Pangasinan,,,,Alexandrium sp.,,0
32,2005,February,23,23/02/2005,,,,Pangasinan,,,,Alexandrium sp.,,0
33,2005,February,23,23/02/2005,,,,Pangasinan,,,,Alexandrium sp.,,0
34,2005,February,23,23/02/2005,,,,Pangasinan,,,,Alexandrium sp.,,0
35,2005,March,1,01/03/2005,,,,Pangasinan,,,,Alexandrium sp.,,0
36,2005,March,1,01/03/2005,,,,Pangasinan,,,,Alexandrium sp.,,0
37,2005,March,1,01/03/2005,,,,Pangasinan,,,,Alexandrium sp.,,0
38,2005,March,1,01/03/2005,,,,Pangasinan,,,,Alexandrium sp.,,0
39,2005,March,1,01/03/2005,,,,Pangasinan,,,,Alexandrium sp.,,0
40,2005,March,1,01/03/2005,,,,Pangasinan,,,,Alexandrium sp.,,0
41,2005,March ,10,10/03/2005,,,,Pangasinan,,,,Alexandrium sp.,,0
42,2005,March ,10,10/03/2005,,,,Pangasinan,,,,Alexandrium sp.,,0
43,2005,March ,10,10/03/2005,,,,Pangasinan,,,,Alexandrium sp.,,0
44,2005,March ,10,10/03/2005,,,,Pangasinan,,,,Alexandrium sp.,,0
45,2005,March ,10,10/03/2005,,,,Pangasinan,,,,Alexandrium sp.,,0
46,2005,March ,10,10/03/2005,,,,Pangasinan,,,,Alexandrium sp.,,0
47,2005,March,16,16/03/2005,,,,Pangasinan,,,,Alexandrium sp.,,0
48,2005,March,16,16/03/2005,,,,Pangasinan,,,,Alexandrium sp.,,0
49,2005,March,16,16/03/2005,,,,Pangasinan,,,,Alexandrium sp.,,0
50,2005,March,16,16/03/2005,,,,Pangasinan,,,,Alexandrium sp.,,0
51,2005,March,16,16/03/2005,,,,Pangasinan,,,,Alexandrium sp.,,0
52,2005,March,16,16/03/2005,,,,Pangasinan,,,,Alexandrium sp.,,0
53,2005,March,21,21/03/2005,,,,Pangasinan,,,,Alexandrium sp.,,0
54,2005,March,21,21/03/2005,,,,Pangasinan,,,,Alexandrium sp.,,0
55,2005,March,21,21/03/2005,,,,Pangasinan,,,,Alexandrium sp.,,0
56,2005,March,21,21/03/2005,,,,Pangasinan,,,,Alexandrium sp.,,0
57,2005,March,21,21/03/2005,,,,Pangasinan,,,,Alexandrium sp.,,0
58,2005,March,21,21/03/2005,,,,Pangasinan,,,,Alexandrium sp.,,0
59,2005,March,28,28/03/2005,,,,Pangasinan,,,,Alexandrium sp.,,0
60,2005,March,28,28/03/2005,,,,Pangasinan,,,,Alexandrium sp.,,0
61,2005,March,28,28/03/2005,,,,Pangasinan,,,,Alexandrium sp.,,0
62,2005,March,28,28/03/2005,,,,Pangasinan,,,,Alexandrium sp.,,0
63,2005,March,28,28/03/2005,,,,Pangasinan,,,,Alexandrium sp.,,0
64,2005,March,28,28/03/2005,,,,Pangasinan,,,,Alexandrium sp.,,0
65,2005,April ,6,06/04/2005,,,,Pangasinan,,,,Alexandrium sp.,,0
66,2005,April ,6,06/04/2005,,,,Pangasinan,,,,Alexandrium sp.,,0
67,2005,April ,6,06/04/2005,,,,Pangasinan,,,,Alexandrium sp.,,0
68,2005,April ,6,06/04/2005,,,,Pangasinan,,,,Alexandrium sp.,,0
69,2005,April ,6,06/04/2005,,,,Pangasinan,,,,Alexandrium sp.,,0
70,2005,April ,6,06/04/2005,,,,Pangasinan,,,,Alexandrium sp.,,0
71,2005,April ,11,11/04/2005,,,,Pangasinan,,,,Alexandrium sp.,,0
72,2005,April ,11,11/04/2005,,,,Pangasinan,,,,Alexandrium sp.,,0
73,2005,April ,11,11/04/2005,,,,Pangasinan,,,,Alexandrium sp.,,0
74,2005,April ,11,11/04/2005,,,,Pangasinan,,,,Alexandrium sp.,,0
75,2005,April ,11,11/04/2005,,,,Pangasinan,,,,Alexandrium sp.,,0
76,2005,April ,11,11/04/2005,,,,Pangasinan,,,,Alexandrium sp.,,0
77,2005,April ,20,20/04/2005,,,,Pangasinan,,,,Alexandrium sp.,,0
78,2005,April ,20,20/04/2005,,,,Pangasinan,,,,Alexandrium sp.,,0
79,2005,April ,20,20/04/2005,,,,Pangasinan,,,,Alexandrium sp.,,0
80,2005,April ,20,20/04/2005,,,,Pangasinan,,,,Alexandrium sp.,,0
81,2005,April ,20,20/04/2005,,,,Pangasinan,,,,Alexandrium sp.,,0
82,2005,April ,20,20/04/2005,,,,Pangasinan,,,,Alexandrium sp.,,0
83,2005,April ,26,26/04/2005,,,,Pangasinan,,,,Alexandrium sp.,,0
84,2005,April ,26,26/04/2005,,,,Pangasinan,,,,Alexandrium sp.,,0
85,2005,April ,26,26/04/2005,,,,Pangasinan,,,,Alexandrium sp.,,0
86,2005,April ,26,26/04/2005,,,,Pangasinan,,,,Alexandrium sp.,,0
87,2005,April ,26,26/04/2005,,,,Pangasinan,,,,Alexandrium sp.,,0
88,2005,April ,26,26/04/2005,,,,Pangasinan,,,,Alexandrium sp.,,0
89,2005,May,4,04/05/2005,,,,Pangasinan,,,,Alexandrium sp.,,0
90,2005,May,4,04/05/2005,,,,Pangasinan,,,,Alexandrium sp.,,0
91,2005,May,4,04/05/2005,,,,Pangasinan,,,,Alexandrium sp.,,0
92,2005,May,4,04/05/2005,,,,Pangasinan,,,,Alexandrium sp.,,0
93,2005,May,4,04/05/2005,,,,Pangasinan,,,,Alexandrium sp.,,0
94,2005,May,4,04/05/2005,,,,Pangasinan,,,,Alexandrium sp.,,0
95,2005,May,11,11/05/2005,,,,Pangasinan,,,,Alexandrium sp.,,0
96,2005,May,11,11/05/2005,,,,Pangasinan,,,,Alexandrium sp.,,0
97,2005,May,11,11/05/2005,,,,Pangasinan,,,,Alexandrium sp.,,0
98,2005,May,11,11/05/2005,,,,Pangasinan,,,,Alexandrium sp.,,0
99,2005,May,11,11/05/2005,,,,Pangasinan,,,,Alexandrium sp.,,0
100,2005,May,11,11/05/2005,,,,Pangasinan,,,,Alexandrium sp.,,0
101,2005,May,19,19/05/2005,,,,Pangasinan,,,,Alexandrium sp.,,0
102,2005,May,19,19/05/2005,,,,Pangasinan,,,,Alexandrium sp.,,0
103,2005,May,19,19/05/2005,,,,Pangasinan,,,,Alexandrium sp.,,0
104,2005,May,19,19/05/2005,,,,Pangasinan,,,,Alexandrium sp.,,0
105,2005,May,19,19/05/2005,,,,Pangasinan,,,,Alexandrium sp.,,0
106,2005,May,19,19/05/2005,,,,Pangasinan,,,,Alexandrium sp.,,0
107,2005,May,26,26/05/2005,,,,Pangasinan,,,,Alexandrium sp.,,0
108,2005,May,26,26/05/2005,,,,Pangasinan,,,,Alexandrium sp.,,0
109,2005,May,26,26/05/2005,,,,Pangasinan,,,,Alexandrium sp.,,0
110,2005,May,26,26/05/2005,,,,Pangasinan,,,,Alexandrium sp.,,0
111,2005,May,26,26/05/2005,,,,Pangasinan,,,,Alexandrium sp.,,0
112,2005,May,26,26/05/2005,,,,Pangasinan,,,,Alexandrium sp.,,0
113,2005,June ,1,01/06/2005,,,,Pangasinan,,,,Alexandrium sp.,,0
114,2005,June ,1,01/06/2005,,,,Pangasinan,,,,Alexandrium sp.,,0
115,2005,June ,1,01/06/2005,,,,Pangasinan,,,,Alexandrium sp.,,0
116,2005,June ,1,01/06/2005,,,,Pangasinan,,,,Alexandrium sp.,,0
117,2005,June ,1,01/06/2005,,,,Pangasinan,,,,Alexandrium sp.,,0
118,2005,June ,1,01/06/2005,,,,Pangasinan,,,,Alexandrium sp.,,0
119,2005,June ,8,08/06/2005,,,,Pangasinan,,,,Alexandrium sp.,,0
120,2005,June ,8,08/06/2005,,,,Pangasinan,,,,Alexandrium sp.,,0
121,2005,June ,8,08/06/2005,,,,Pangasinan,,,,Alexandrium sp.,,0
122,2005,June ,8,08/06/2005,,,,Pangasinan,,,,Alexandrium sp.,,0
123,2005,June ,8,08/06/2005,,,,Pangasinan,,,,Alexandrium sp.,,0
124,2005,June ,8,08/06/2005,,,,Pangasinan,,,,Alexandrium sp.,,0
125,2005,June ,15,15/06/2005,,,,Pangasinan,,,,Alexandrium sp.,,0
126,2005,June ,15,15/06/2005,,,,Pangasinan,,,,Alexandrium sp.,,0
127,2005,June ,15,15/06/2005,,,,Pangasinan,,,,Alexandrium sp.,,0
128,2005,June ,15,15/06/2005,,,,Pangasinan,,,,Alexandrium sp.,,0
129,2005,June ,15,15/06/2005,,,,Pangasinan,,,,Alexandrium sp.,,0
130,2005,June ,15,15/06/2005,,,,Pangasinan,,,,Alexandrium sp.,,0
131,2005,June ,15,15/06/2005,,,,Pangasinan,,,,Alexandrium sp.,,0
132,2005,June ,15,15/06/2005,,,,Pangasinan,,,,Alexandrium sp.,,0
133,2005,June ,15,15/06/2005,,,,Pangasinan,,,,Alexandrium sp.,,0
134,2005,June ,15,15/06/2005,,,,Pangasinan,,,,Alexandrium sp.,,0
135,2005,June ,23,23/06/2005,,,,Pangasinan,,,,Alexandrium sp.,,0
136,2005,June ,23,23/06/2005,,,,Pangasinan,,,,Alexandrium sp.,,0
137,2005,June ,23,23/06/2005,,,,Pangasinan,,,,Alexandrium sp.,,0
138,2005,June ,23,23/06/2005,,,,Pangasinan,,,,Alexandrium sp.,,0
139,2005,June ,23,23/06/2005,,,,Pangasinan,,,,Alexandrium sp.,,0
140,2005,June ,23,23/06/2005,,,,Pangasinan,,,,Alexandrium sp.,,0
141,2005,July,7,07/07/2005,,,,Pangasinan,,,,Alexandrium sp.,,0
142,2005,July,7,07/07/2005,,,,Pangasinan,,,,Alexandrium sp.,,0
143,2005,July,7,07/07/2005,,,,Pangasinan,,,,Alexandrium sp.,,0
144,2005,July,7,07/07/2005,,,,Pangasinan,,,,Alexandrium sp.,,0
145,2005,July,7,07/07/2005,,,,Pangasinan,,,,Alexandrium sp.,,0
146,2005,July,7,07/07/2005,,,,Pangasinan,,,,Alexandrium sp.,,0
147,2005,July,14,14/07/2005,,,,Pangasinan,,,,Alexandrium sp.,,0
148,2005,July,14,14/07/2005,,,,Pangasinan,,,,Alexandrium sp.,,0
149,2005,July,14,14/07/2005,,,,Pangasinan,,,,Alexandrium sp.,,0
150,2005,July,14,14/07/2005,,,,Pangasinan,,,,Alexandrium sp.,,0
151,2005,July,14,14/07/2005,,,,Pangasinan,,,,Alexandrium sp.,,0
152,2005,July,14,14/07/2005,,,,Pangasinan,,,,Alexandrium sp.,,0
153,2005,July,20,20/07/2005,,,,Pangasinan,,,,Alexandrium sp.,,0
154,2005,July,20,20/07/2005,,,,Pangasinan,,,,Alexandrium sp.,,0
155,2005,July,20,20/07/2005,,,,Pangasinan,,,,Alexandrium sp.,,0
156,2005,July,20,20/07/2005,,,,Pangasinan,,,,Alexandrium sp.,,0
157,2005,July,20,20/07/2005,,,,Pangasinan,,,,Alexandrium sp.,,0
158,2005,July,20,20/07/2005,,,,Pangasinan,,,,Alexandrium sp.,,0
159,2005,July,26,26/07/2005,,,,Pangasinan,,,,Alexandrium sp.,,0
160,2005,July,26,26/07/2005,,,,Pangasinan,,,,Alexandrium sp.,,0
161,2005,July,26,26/07/2005,,,,Pangasinan,,,,Alexandrium sp.,,0
162,2005,July,26,26/07/2005,,,,Pangasinan,,,,Alexandrium sp.,,0
163,2005,July,26,26/07/2005,,,,Pangasinan,,,,Alexandrium sp.,,0
164,2005,July,26,26/07/2005,,,,Pangasinan,,,,Alexandrium sp.,,0
165,2005,August,2,02/08/2005,,,,Pangasinan,,,,Alexandrium sp.,,0
166,2005,August,2,02/08/2005,,,,Pangasinan,,,,Alexandrium sp.,,0
167,2005,August,2,02/08/2005,,,,Pangasinan,,,,Alexandrium sp.,,0
168,2005,August,2,02/08/2005,,,,Pangasinan,,,,Alexandrium sp.,,0
169,2005,August,2,02/08/2005,,,,Pangasinan,,,,Alexandrium sp.,,0
170,2005,August,2,02/08/2005,,,,Pangasinan,,,,Alexandrium sp.,,0
171,2005,August,16,16/08/2005,,,,Pangasinan,,,,Alexandrium sp.,,0
172,2005,August,16,16/08/2005,,,,Pangasinan,,,,Alexandrium sp.,,0
173,2005,August,16,16/08/2005,,,,Pangasinan,,,,Alexandrium sp.,,0
174,2005,August,16,16/08/2005,,,,Pangasinan,,,,Alexandrium sp.,,0
175,2005,August,16,16/08/2005,,,,Pangasinan,,,,Alexandrium sp.,,0
176,2005,August,16,16/08/2005,,,,Pangasinan,,,,Alexandrium sp.,,0
177,2005,September,7,07/09/2005,,,,Pangasinan,,,,Alexandrium sp.,,0
178,2005,September,7,07/09/2005,,,,Pangasinan,,,,Alexandrium sp.,,0
179,2005,September,7,07/09/2005,,,,Pangasinan,,,,Alexandrium sp.,,0
180,2005,September,7,07/09/2005,,,,Pangasinan,,,,Alexandrium sp.,,0
181,2005,September,7,07/09/2005,,,,Pangasinan,,,,Alexandrium sp.,,0
182,2005,September,7,07/09/2005,,,,Pangasinan,,,,Alexandrium sp.,,0
183,2005,September,20,20/09/2005,,,,Pangasinan,,,,Alexandrium sp.,,0
184,2005,September,20,20/09/2005,,,,Pangasinan,,,,Alexandrium sp.,,0
185,2005,September,20,20/09/2005,,,,Pangasinan,,,,Alexandrium sp.,,0
186,2005,September,20,20/09/2005,,,,Pangasinan,,,,Alexandrium sp.,,0
187,2005,September,20,20/09/2005,,,,Pangasinan,,,,Alexandrium sp.,,0
188,2005,September,20,20/09/2005,,,,Pangasinan,,,,Alexandrium sp.,,0
189,2005,October,5,05/10/2005,,,,Pangasinan,,,,Alexandrium sp.,,0
190,2005,October,5,05/10/2005,,,,Pangasinan,,,,Alexandrium sp.,,0
191,2005,October,5,05/10/2005,,,,Pangasinan,,,,Alexandrium sp.,,0
192,2005,October,5,05/10/2005,,,,Pangasinan,,,,Alexandrium sp.,,0
193,2005,October,5,05/10/2005,,,,Pangasinan,,,,Alexandrium sp.,,0
194,2005,October,5,05/10/2005,,,,Pangasinan,,,,Alexandrium sp.,,0
195,2005,October,17,17/10/2005,,,,Pangasinan,,,,Alexandrium sp.,,0
196,2005,October,17,17/10/2005,,,,Pangasinan,,,,Alexandrium sp.,,0
197,2005,October,17,17/10/2005,,,,Pangasinan,,,,Alexandrium sp.,,0
198,2005,October,17,17/10/2005,,,,Pangasinan,,,,Alexandrium sp.,,0
199,2005,October,17,17/10/2005,,,,Pangasinan,,,,Alexandrium sp.,,0
200,2005,October,17,17/10/2005,,,,Pangasinan,,,,Alexandrium sp.,,0
201,2005,November,8,08/11/2005,,,,Pangasinan,,,,Alexandrium sp.,,0
202,2005,November,8,08/11/2005,,,,Pangasinan,,,,Alexandrium sp.,,0
203,2005,November,8,08/11/2005,,,,Pangasinan,,,,Alexandrium sp.,,0
204,2005,November,8,08/11/2005,,,,Pangasinan,,,,Alexandrium sp.,,0
205,2005,November,8,08/11/2005,,,,Pangasinan,,,,Alexandrium sp.,,0
206,2005,November,8,08/11/2005,,,,Pangasinan,,,,Alexandrium sp.,,0
207,2005,November,8,08/11/2005,,,,Pangasinan,,,,Alexandrium sp.,,0
208,2005,November,8,08/11/2005,,,,Pangasinan,,,,Alexandrium sp.,,0
209,2005,November,23,23/11/2005,,,,Pangasinan,,,,Alexandrium sp.,,0
210,2005,November,23,23/11/2005,,,,Pangasinan,,,,Alexandrium sp.,,0
211,2005,November,23,23/11/2005,,,,Pangasinan,,,,Alexandrium sp.,,0
212,2005,November,23,23/11/2005,,,,Pangasinan,,,,Alexandrium sp.,,0
213,2005,November,23,23/11/2005,,,,Pangasinan,,,,Alexandrium sp.,,0
214,2005,November,23,23/11/2005,,,,Pangasinan,,,,Alexandrium sp.,,0
215,2005,December,7,07/12/2005,,,,Pangasinan,,,,Alexandrium sp.,,0
216,2005,December,7,07/12/2005,,,,Pangasinan,,,,Alexandrium sp.,,0
217,2005,December,7,07/12/2005,,,,Pangasinan,,,,Alexandrium sp.,,0
218,2005,December,7,07/12/2005,,,,Pangasinan,,,,Alexandrium sp.,,0
219,2005,December,7,07/12/2005,,,,Pangasinan,,,,Alexandrium sp.,,0
220,2005,December,7,07/12/2005,,,,Pangasinan,,,,Alexandrium sp.,,0
221,2005,December,27,27/12/2005,,,,Pangasinan,,,,Alexandrium sp.,,0
222,2005,December,27,27/12/2005,,,,Pangasinan,,,,Alexandrium sp.,,0
223,2005,December,27,27/12/2005,,,,Pangasinan,,,,Alexandrium sp.,,0
224,2005,December,27,27/12/2005,,,,Pangasinan,,,,Alexandrium sp.,,0
225,2005,December,27,27/12/2005,,,,Pangasinan,,,,Alexandrium sp.,,0
226,2005,December,27,27/12/2005,,,,Pangasinan,,,,Alexandrium sp.,,0
227,2006,January,11,11/01/2006,,,,Pangasinan,,,,Alexandrium sp.,,0
228,2006,January,11,11/01/2006,,,,Pangasinan,,,,Alexandrium sp.,,0
229,2006,January,11,11/01/2006,,,,Pangasinan,,,,Alexandrium sp.,,0
230,2006,January,11,11/01/2006,,,,Pangasinan,,,,Alexandrium sp.,,0
231,2006,January,11,11/01/2006,,,,Pangasinan,,,,Alexandrium sp.,,0
232,2006,January,11,11/01/2006,,,,Pangasinan,,,,Alexandrium sp.,,0
233,2006,January,25,25/01/2006,,,,Pangasinan,,,,Alexandrium sp.,,0
234,2006,January,25,25/01/2006,,,,Pangasinan,,,,Alexandrium sp.,,0
235,2006,January,25,25/01/2006,,,,Pangasinan,,,,Alexandrium sp.,,0
236,2006,January,25,25/01/2006,,,,Pangasinan,,,,Alexandrium sp.,,0
237,2006,January,25,25/01/2006,,,,Pangasinan,,,,Alexandrium sp.,,0
238,2006,January,25,25/01/2006,,,,Pangasinan,,,,Alexandrium sp.,,0
239,2006,February,8,08/02/2006,,,,Pangasinan,,,,Alexandrium sp.,,0
240,2006,February,8,08/02/2006,,,,Pangasinan,,,,Alexandrium sp.,,0
241,2006,February,8,08/02/2006,,,,Pangasinan,,,,Alexandrium sp.,,0
242,2006,February,8,08/02/2006,,,,Pangasinan,,,,Alexandrium sp.,,0
243,2006,February,8,08/02/2006,,,,Pangasinan,,,,Alexandrium sp.,,0
244,2006,February,8,08/02/2006,,,,Pangasinan,,,,Alexandrium sp.,,0
245,2006,February,15,15/02/2006,,,,Pangasinan,,,,Alexandrium sp.,,0
246,2006,February,15,15/02/2006,,,,Pangasinan,,,,Alexandrium sp.,,0
247,2006,February,15,15/02/2006,,,,Pangasinan,,,,Alexandrium sp.,,0
248,2006,February,15,15/02/2006,,,,Pangasinan,,,,Alexandrium sp.,,0
249,2006,February,15,15/02/2006,,,,Pangasinan,,,,Alexandrium sp.,,0
250,2006,February,15,15/02/2006,,,,Pangasinan,,,,Alexandrium sp.,,0
251,2006,February,22,22/02/2006,,,,Pangasinan,,,,Alexandrium sp.,,0
252,2006,February,22,22/02/2006,,,,Pangasinan,,,,Alexandrium sp.,,0
253,2006,February,22,22/02/2006,,,,Pangasinan,,,,Alexandrium sp.,,0
254,2006,February,22,22/02/2006,,,,Pangasinan,,,,Alexandrium sp.,,0
255,2006,February,22,22/02/2006,,,,Pangasinan,,,,Alexandrium sp.,,0
256,2006,February,22,22/02/2006,,,,Pangasinan,,,,Alexandrium sp.,,0
257,2006,March,9,09/03/2006,,,,Pangasinan,,,,Alexandrium sp.,,0
258,2006,March,9,09/03/2006,,,,Pangasinan,,,,Alexandrium sp.,,0
259,2006,March,9,09/03/2006,,,,Pangasinan,,,,Alexandrium sp.,,0
260,2006,March,9,09/03/2006,,,,Pangasinan,,,,Alexandrium sp.,,0
261,2006,March,9,09/03/2006,,,,Pangasinan,,,,Alexandrium sp.,,0
262,2006,March,9,09/03/2006,,,,Pangasinan,,,,Alexandrium sp.,,0
263,2006,March,15,15/03/2006,,,,Pangasinan,,,,Alexandrium sp.,,0
264,2006,March,15,15/03/2006,,,,Pangasinan,,,,Alexandrium sp.,,0
265,2006,March,15,15/03/2006,,,,Pangasinan,,,,Alexandrium sp.,,0
266,2006,March,15,15/03/2006,,,,Pangasinan,,,,Alexandrium sp.,,0
267,2006,March,15,15/03/2006,,,,Pangasinan,,,,Alexandrium sp.,,0
268,2006,March,15,15/03/2006,,,,Pangasinan,,,,Alexandrium sp.,,0
269,2006,March,22,22/03/2006,,,,Pangasinan,,,,Alexandrium sp.,,0
270,2006,March,22,22/03/2006,,,,Pangasinan,,,,Alexandrium sp.,,0
271,2006,March,22,22/03/2006,,,,Pangasinan,,,,Alexandrium sp.,,0
272,2006,March,22,22/03/2006,,,,Pangasinan,,,,Alexandrium sp.,,0
273,2006,March,22,22/03/2006,,,,Pangasinan,,,,Alexandrium sp.,,0
274,2006,March,22,22/03/2006,,,,Pangasinan,,,,Alexandrium sp.,,0
275,2006,April,5,05/04/2006,,,,Pangasinan,,,,Alexandrium sp.,,0
276,2006,April,5,05/04/2006,,,,Pangasinan,,,,Alexandrium sp.,,0
277,2006,April,5,05/04/2006,,,,Pangasinan,,,,Alexandrium sp.,,0
278,2006,April,5,05/04/2006,,,,Pangasinan,,,,Alexandrium sp.,,0
279,2006,April,5,05/04/2006,,,,Pangasinan,,,,Alexandrium sp.,,0
280,2006,April,5,05/04/2006,,,,Pangasinan,,,,Alexandrium sp.,,0
281,2006,April,11,11/04/2006,,,,Pangasinan,,,,Alexandrium sp.,,4
282,2006,April,11,11/04/2006,,,,Pangasinan,,,,Alexandrium sp.,,11
283,2006,April,11,11/04/2006,,,,Pangasinan,,,,Alexandrium sp.,,1
284,2006,April,11,11/04/2006,,,,Pangasinan,,,,Alexandrium sp.,,0
285,2006,April,11,11/04/2006,,,,Pangasinan,,,,Alexandrium sp.,,10
286,2006,April,11,11/04/2006,,,,Pangasinan,,,,Alexandrium sp.,,13
287,2006,April,17,17/04/2006,,,,Pangasinan,,,,Alexandrium sp.,,1
288,2006,April,17,17/04/2006,,,,Pangasinan,,,,Alexandrium sp.,,3
289,2006,April,17,17/04/2006,,,,Pangasinan,,,,Alexandrium sp.,,1
290,2006,April,17,17/04/2006,,,,Pangasinan,,,,Alexandrium sp.,,0
291,2006,April,17,17/04/2006,,,,Pangasinan,,,,Alexandrium sp.,,1
292,2006,April,17,17/04/2006,,,,Pangasinan,,,,Alexandrium sp.,,2
293,2006,April,17,17/04/2006,,,,Pangasinan,,,,Alexandrium sp.,,3
294,2006,April,25,25/04/2006,,,,Pangasinan,,,,Alexandrium sp.,,0
295,2006,April,25,25/04/2006,,,,Pangasinan,,,,Alexandrium sp.,,0
296,2006,April,25,25/04/2006,,,,Pangasinan,,,,Alexandrium sp.,,0
297,2006,April,25,25/04/2006,,,,Pangasinan,,,,Alexandrium sp.,,0
298,2006,April,25,25/04/2006,,,,Pangasinan,,,,Alexandrium sp.,,1
299,2006,April,25,25/04/2006,,,,Pangasinan,,,,Alexandrium sp.,,0
300,2006,April,25,25/04/2006,,,,Pangasinan,,,,Alexandrium sp.,,0
301,2006,May,2,02/05/2006,,,,Pangasinan,,,,Alexandrium sp.,,1
302,2006,May,2,02/05/2006,,,,Pangasinan,,,,Alexandrium sp.,,2
303,2006,May,2,02/05/2006,,,,Pangasinan,,,,Alexandrium sp.,,0
304,2006,May,2,02/05/2006,,,,Pangasinan,,,,Alexandrium sp.,,0
305,2006,May,2,02/05/2006,,,,Pangasinan,,,,Alexandrium sp.,,0
306,2006,May,2,02/05/2006,,,,Pangasinan,,,,Alexandrium sp.,,0
307,2006,May,8,08/05/2006,,,,Pangasinan,,,,Alexandrium sp.,,0
308,2006,May,8,08/05/2006,,,,Pangasinan,,,,Alexandrium sp.,,0
309,2006,May,8,08/05/2006,,,,Pangasinan,,,,Alexandrium sp.,,0
310,2006,May,8,08/05/2006,,,,Pangasinan,,,,Alexandrium sp.,,0
311,2006,May,8,08/05/2006,,,,Pangasinan,,,,Alexandrium sp.,,0
312,2006,May,8,08/05/2006,,,,Pangasinan,,,,Alexandrium sp.,,0
313,2006,May,17,17/05/2006,,,,Pangasinan,,,,Alexandrium sp.,,0
314,2006,May,17,17/05/2006,,,,Pangasinan,,,,Alexandrium sp.,,0
315,2006,May,17,17/05/2006,,,,Pangasinan,,,,Alexandrium sp.,,0
316,2006,May,17,17/05/2006,,,,Pangasinan,,,,Alexandrium sp.,,0
317,2006,May,17,17/05/2006,,,,Pangasinan,,,,Alexandrium sp.,,0
318,2006,May,17,17/05/2006,,,,Pangasinan,,,,Alexandrium sp.,,0
319,2006,May,24,24/05/2006,,,,Pangasinan,,,,Alexandrium sp.,,0
320,2006,May,24,24/05/2006,,,,Pangasinan,,,,Alexandrium sp.,,0
321,2006,May,24,24/05/2006,,,,Pangasinan,,,,Alexandrium sp.,,0
322,2006,May,24,24/05/2006,,,,Pangasinan,,,,Alexandrium sp.,,0
323,2006,May,24,24/05/2006,,,,Pangasinan,,,,Alexandrium sp.,,0
324,2006,May,24,24/05/2006,,,,Pangasinan,,,,Alexandrium sp.,,0
325,2006,May,24,24/05/2006,,,,Pangasinan,,,,Alexandrium sp.,,0
326,2006,May ,31,31/05/2006,,,,Pangasinan,,,,Alexandrium sp.,,0
327,2006,May ,31,31/05/2006,,,,Pangasinan,,,,Alexandrium sp.,,0
328,2006,May ,31,31/05/2006,,,,Pangasinan,,,,Alexandrium sp.,,0
329,2006,May ,31,31/05/2006,,,,Pangasinan,,,,Alexandrium sp.,,0
330,2006,May ,31,31/05/2006,,,,Pangasinan,,,,Alexandrium sp.,,0
331,2006,May ,31,31/05/2006,,,,Pangasinan,,,,Alexandrium sp.,,0
332,2006,May ,31,31/05/2006,,,,Pangasinan,,,,Alexandrium sp.,,0
333,2006,June,14,14/06/2006,,,,Pangasinan,,,,Alexandrium sp.,,0
334,2006,June,14,14/06/2006,,,,Pangasinan,,,,Alexandrium sp.,,0
335,2006,June,14,14/06/2006,,,,Pangasinan,,,,Alexandrium sp.,,0
336,2006,June,14,14/06/2006,,,,Pangasinan,,,,Alexandrium sp.,,0
337,2006,June,14,14/06/2006,,,,Pangasinan,,,,Alexandrium sp.,,0
338,2006,June,14,14/06/2006,,,,Pangasinan,,,,Alexandrium sp.,,0
339,2006,June,14,14/06/2006,,,,Pangasinan,,,,Alexandrium sp.,,0
340,2006,June,20,20/06/2006,,,,Pangasinan,,,,Alexandrium sp.,,0
341,2006,June,20,20/06/2006,,,,Pangasinan,,,,Alexandrium sp.,,0
342,2006,June,20,20/06/2006,,,,Pangasinan,,,,Alexandrium sp.,,0
343,2006,June,20,20/06/2006,,,,Pangasinan,,,,Alexandrium sp.,,0
344,2006,June,20,20/06/2006,,,,Pangasinan,,,,Alexandrium sp.,,0
345,2006,June,20,20/06/2006,,,,Pangasinan,,,,Alexandrium sp.,,0
346,2006,June,20,20/06/2006,,,,Pangasinan,,,,Alexandrium sp.,,0
347,2006,July,6,06/07/2006,,,,Pangasinan,,,,Alexandrium sp.,,0
348,2006,July,6,06/07/2006,,,,Pangasinan,,,,Alexandrium sp.,,0
349,2006,July,6,06/07/2006,,,,Pangasinan,,,,Alexandrium sp.,,0
350,2006,July,6,06/07/2006,,,,Pangasinan,,,,Alexandrium sp.,,0
351,2006,July,6,06/07/2006,,,,Pangasinan,,,,Alexandrium sp.,,0
352,2006,July,6,06/07/2006,,,,Pangasinan,,,,Alexandrium sp.,,0
353,2006,July,18,18/07/2006,,,,Pangasinan,,,,Alexandrium sp.,,0
354,2006,July,18,18/07/2006,,,,Pangasinan,,,,Alexandrium sp.,,0
355,2006,July,18,18/07/2006,,,,Pangasinan,,,,Alexandrium sp.,,0
356,2006,July,18,18/07/2006,,,,Pangasinan,,,,Alexandrium sp.,,0
357,2006,July,18,18/07/2006,,,,Pangasinan,,,,Alexandrium sp.,,0
358,2006,July,18,18/07/2006,,,,Pangasinan,,,,Alexandrium sp.,,0
359,2006,July,18,18/07/2006,,,,Pangasinan,,,,Alexandrium sp.,,0
360,2006,August,10,10/08/2006,,,,Pangasinan,,,,Alexandrium sp.,,0
361,2006,August,10,10/08/2006,,,,Pangasinan,,,,Alexandrium sp.,,0
362,2006,August,10,10/08/2006,,,,Pangasinan,,,,Alexandrium sp.,,0
363,2006,August,10,10/08/2006,,,,Pangasinan,,,,Alexandrium sp.,,1
364,2006,August,10,10/08/2006,,,,Pangasinan,,,,Alexandrium sp.,,0
365,2006,August,10,10/08/2006,,,,Pangasinan,,,,Alexandrium sp.,,0
366,2006,August,10,10/08/2006,,,,Pangasinan,,,,Alexandrium sp.,,0
367,2006,August,17,17/08/2006,,,,Pangasinan,,,,Alexandrium sp.,,0
368,2006,August,17,17/08/2006,,,,Pangasinan,,,,Alexandrium sp.,,0
369,2006,August,17,17/08/2006,,,,Pangasinan,,,,Alexandrium sp.,,0
370,2006,August,17,17/08/2006,,,,Pangasinan,,,,Alexandrium sp.,,0
371,2006,August,17,17/08/2006,,,,Pangasinan,,,,Alexandrium sp.,,0
372,2006,August,17,17/08/2006,,,,Pangasinan,,,,Alexandrium sp.,,0
373,2006,August,17,17/08/2006,,,,Pangasinan,,,,Alexandrium sp.,,0
374,2006,Septmeber,6,06/09/2006,,,,Pangasinan,,,,Alexandrium sp.,,0
375,2006,Septmeber,6,06/09/2006,,,,Pangasinan,,,,Alexandrium sp.,,0
376,2006,Septmeber,6,06/09/2006,,,,Pangasinan,,,,Alexandrium sp.,,0
377,2006,Septmeber,6,06/09/2006,,,,Pangasinan,,,,Alexandrium sp.,,0
378,2006,Septmeber,6,06/09/2006,,,,Pangasinan,,,,Alexandrium sp.,,0
379,2006,Septmeber,6,06/09/2006,,,,Pangasinan,,,,Alexandrium sp.,,0
380,2006,Septmeber,20,20/09/2006,,,,Pangasinan,,,,Alexandrium sp.,,0
381,2006,Septmeber,20,20/09/2006,,,,Pangasinan,,,,Alexandrium sp.,,0
382,2006,Septmeber,20,20/09/2006,,,,Pangasinan,,,,Alexandrium sp.,,0
383,2006,Septmeber,20,20/09/2006,,,,Pangasinan,,,,Alexandrium sp.,,0
384,2006,Septmeber,20,20/09/2006,,,,Pangasinan,,,,Alexandrium sp.,,0
385,2006,Septmeber,20,20/09/2006,,,,Pangasinan,,,,Alexandrium sp.,,0
386,2006,Septmeber,20,20/09/2006,,,,Pangasinan,,,,Alexandrium sp.,,0
387,2006,October,10,10/10/2006,,,,Pangasinan,,,,Alexandrium sp.,,0
388,2006,October,10,10/10/2006,,,,Pangasinan,,,,Alexandrium sp.,,0
389,2006,October,10,10/10/2006,,,,Pangasinan,,,,Alexandrium sp.,,0
390,2006,October,10,10/10/2006,,,,Pangasinan,,,,Alexandrium sp.,,0
391,2006,October,10,10/10/2006,,,,Pangasinan,,,,Alexandrium sp.,,0
392,2006,October,10,10/10/2006,,,,Pangasinan,,,,Alexandrium sp.,,0
393,2006,October,25,25/10/2006,,,,Pangasinan,,,,Alexandrium sp.,,0
394,2006,October,25,25/10/2006,,,,Pangasinan,,,,Alexandrium sp.,,0
395,2006,October,25,25/10/2006,,,,Pangasinan,,,,Alexandrium sp.,,0
396,2006,October,25,25/10/2006,,,,Pangasinan,,,,Alexandrium sp.,,0
397,2006,October,25,25/10/2006,,,,Pangasinan,,,,Alexandrium sp.,,0
398,2006,October,25,25/10/2006,,,,Pangasinan,,,,Alexandrium sp.,,0
399,2006,October,25,25/10/2006,,,,Pangasinan,,,,Alexandrium sp.,,0
400,2006,November,8,08/11/2006,,,,Pangasinan,,,,Alexandrium sp.,,0
401,2006,November,8,08/11/2006,,,,Pangasinan,,,,Alexandrium sp.,,0
402,2006,November,8,08/11/2006,,,,Pangasinan,,,,Alexandrium sp.,,0
403,2006,November,8,08/11/2006,,,,Pangasinan,,,,Alexandrium sp.,,0
404,2006,November,8,08/11/2006,,,,Pangasinan,,,,Alexandrium sp.,,0
405,2006,November,8,08/11/2006,,,,Pangasinan,,,,Alexandrium sp.,,0
406,2006,November,20,20/11/2006,,,,Pangasinan,,,,Alexandrium sp.,,0
407,2006,November,20,20/11/2006,,,,Pangasinan,,,,Alexandrium sp.,,0
408,2006,November,20,20/11/2006,,,,Pangasinan,,,,Alexandrium sp.,,0
409,2006,November,20,20/11/2006,,,,Pangasinan,,,,Alexandrium sp.,,0
410,2006,November,20,20/11/2006,,,,Pangasinan,,,,Alexandrium sp.,,0
411,2006,November,20,20/11/2006,,,,Pangasinan,,,,Alexandrium sp.,,0
412,2006,November,20,20/11/2006,,,,Pangasinan,,,,Alexandrium sp.,,0
413,2006,December,14,14/12/2006,,,,Pangasinan,,,,Alexandrium sp.,,0
414,2006,December,14,14/12/2006,,,,Pangasinan,,,,Alexandrium sp.,,0
415,2006,December,14,14/12/2006,,,,Pangasinan,,,,Alexandrium sp.,,0
416,2006,December,14,14/12/2006,,,,Pangasinan,,,,Alexandrium sp.,,0
417,2006,December,14,14/12/2006,,,,Pangasinan,,,,Alexandrium sp.,,0
418,2006,December,14,14/12/2006,,,,Pangasinan,,,,Alexandrium sp.,,0
419,2006,December,28,28/12/2006,,,,Pangasinan,,,,Alexandrium sp.,,0
420,2006,December,28,28/12/2006,,,,Pangasinan,,,,Alexandrium sp.,,0
421,2006,December,28,28/12/2006,,,,Pangasinan,,,,Alexandrium sp.,,0
422,2006,December,28,28/12/2006,,,,Pangasinan,,,,Alexandrium sp.,,0
423,2006,December,28,28/12/2006,,,,Pangasinan,,,,Alexandrium sp.,,0
424,2006,December,28,28/12/2006,,,,Pangasinan,,,,Alexandrium sp.,,0
425,2006,December,28,28/12/2006,,,,Pangasinan,,,,Alexandrium sp.,,0
426,2007,January,10,10/01/2007,,,,Pangasinan,,,,Alexandrium sp.,,0
427,2007,January,10,10/01/2007,,,,Pangasinan,,,,Alexandrium sp.,,0
428,2007,January,10,10/01/2007,,,,Pangasinan,,,,Alexandrium sp.,,0
429,2007,January,10,10/01/2007,,,,Pangasinan,,,,Alexandrium sp.,,0
430,2007,January,10,10/01/2007,,,,Pangasinan,,,,Alexandrium sp.,,0
431,2007,January,10,10/01/2007,,,,Pangasinan,,,,Alexandrium sp.,,0
432,2007,January,10,10/01/2007,,,,Pangasinan,,,,Alexandrium sp.,,0
433,2007,January,24,24/01/2007,,,,Pangasinan,,,,Alexandrium sp.,,0
434,2007,January,24,24/01/2007,,,,Pangasinan,,,,Alexandrium sp.,,0
435,2007,January,24,24/01/2007,,,,Pangasinan,,,,Alexandrium sp.,,0
436,2007,January,24,24/01/2007,,,,Pangasinan,,,,Alexandrium sp.,,0
437,2007,January,24,24/01/2007,,,,Pangasinan,,,,Alexandrium sp.,,0
438,2007,January,24,24/01/2007,,,,Pangasinan,,,,Alexandrium sp.,,0
439,2007,January,24,24/01/2007,,,,Pangasinan,,,,Alexandrium sp.,,0
440,2007,February,7,07/02/2007,,,,Pangasinan,,,,Alexandrium sp.,,0
441,2007,February,7,07/02/2007,,,,Pangasinan,,,,Alexandrium sp.,,0
442,2007,February,7,07/02/2007,,,,Pangasinan,,,,Alexandrium sp.,,0
443,2007,February,7,07/02/2007,,,,Pangasinan,,,,Alexandrium sp.,,0
444,2007,February,7,07/02/2007,,,,Pangasinan,,,,Alexandrium sp.,,0
445,2007,February,7,07/02/2007,,,,Pangasinan,,,,Alexandrium sp.,,0
446,2007,February,21,21/02/2007,,,,Pangasinan,,,,Alexandrium sp.,,0
447,2007,February,21,21/02/2007,,,,Pangasinan,,,,Alexandrium sp.,,0
448,2007,February,21,21/02/2007,,,,Pangasinan,,,,Alexandrium sp.,,0
449,2007,February,21,21/02/2007,,,,Pangasinan,,,,Alexandrium sp.,,0
450,2007,February,21,21/02/2007,,,,Pangasinan,,,,Alexandrium sp.,,0
451,2007,February,21,21/02/2007,,,,Pangasinan,,,,Alexandrium sp.,,0
452,2007,February,21,21/02/2007,,,,Pangasinan,,,,Alexandrium sp.,,0
453,2007,March,7,07/03/2007,,,,Pangasinan,,,,Alexandrium sp.,,0
454,2007,March,7,07/03/2007,,,,Pangasinan,,,,Alexandrium sp.,,0
455,2007,March,7,07/03/2007,,,,Pangasinan,,,,Alexandrium sp.,,0
456,2007,March,7,07/03/2007,,,,Pangasinan,,,,Alexandrium sp.,,0
457,2007,March,7,07/03/2007,,,,Pangasinan,,,,Alexandrium sp.,,0
458,2007,March,7,07/03/2007,,,,Pangasinan,,,,Alexandrium sp.,,0
459,2007,March,7,07/03/2007,,,,Pangasinan,,,,Alexandrium sp.,,0
460,2007,March,12,12/03/2007,,,,Pangasinan,,,,Alexandrium sp.,,0
461,2007,March,12,12/03/2007,,,,Pangasinan,,,,Alexandrium sp.,,0
462,2007,March,12,12/03/2007,,,,Pangasinan,,,,Alexandrium sp.,,0
463,2007,March,12,12/03/2007,,,,Pangasinan,,,,Alexandrium sp.,,0
464,2007,March,12,12/03/2007,,,,Pangasinan,,,,Alexandrium sp.,,0
465,2007,March,12,12/03/2007,,,,Pangasinan,,,,Alexandrium sp.,,0
466,2007,March,23,23/03/2007,,,,Pangasinan,,,,Alexandrium sp.,,0
467,2007,March,23,23/03/2007,,,,Pangasinan,,,,Alexandrium sp.,,0
468,2007,March,23,23/03/2007,,,,Pangasinan,,,,Alexandrium sp.,,0
469,2007,March,23,23/03/2007,,,,Pangasinan,,,,Alexandrium sp.,,0
470,2007,March,23,23/03/2007,,,,Pangasinan,,,,Alexandrium sp.,,0
471,2007,March,23,23/03/2007,,,,Pangasinan,,,,Alexandrium sp.,,0
472,2007,March,23,23/03/2007,,,,Pangasinan,,,,Alexandrium sp.,,0
473,2007,March,23,23/03/2007,,,,Pangasinan,,,,Alexandrium sp.,,0
474,2007,March,28,28/03/2007,,,,Pangasinan,,,,Alexandrium sp.,,0
475,2007,March,28,28/03/2007,,,,Pangasinan,,,,Alexandrium sp.,,0
476,2007,March,28,28/03/2007,,,,Pangasinan,,,,Alexandrium sp.,,0
477,2007,March,28,28/03/2007,,,,Pangasinan,,,,Alexandrium sp.,,0
478,2007,March,28,28/03/2007,,,,Pangasinan,,,,Alexandrium sp.,,0
479,2007,March,28,28/03/2007,,,,Pangasinan,,,,Alexandrium sp.,,0
480,2007,March,28,28/03/2007,,,,Pangasinan,,,,Alexandrium sp.,,0
481,2007,March,28,28/03/2007,,,,Pangasinan,,,,Alexandrium sp.,,0
482,2007,April,2,02/04/2007,,,,Pangasinan,,,,Alexandrium sp.,,0
483,2007,April,2,02/04/2007,,,,Pangasinan,,,,Alexandrium sp.,,0
484,2007,April,2,02/04/2007,,,,Pangasinan,,,,Alexandrium sp.,,0
485,2007,April,2,02/04/2007,,,,Pangasinan,,,,Alexandrium sp.,,0
486,2007,April,2,02/04/2007,,,,Pangasinan,,,,Alexandrium sp.,,0
487,2007,April,2,02/04/2007,,,,Pangasinan,,,,Alexandrium sp.,,0
488,2007,April,2,02/04/2007,,,,Pangasinan,,,,Alexandrium sp.,,0
489,2007,April,2,02/04/2007,,,,Pangasinan,,,,Alexandrium sp.,,0
490,2007,April,10,10/04/2007,,,,Pangasinan,,,,Alexandrium sp.,,0
491,2007,April,10,10/04/2007,,,,Pangasinan,,,,Alexandrium sp.,,0
492,2007,April,10,10/04/2007,,,,Pangasinan,,,,Alexandrium sp.,,0
493,2007,April,10,10/04/2007,,,,Pangasinan,,,,Alexandrium sp.,,0
494,2007,April,10,10/04/2007,,,,Pangasinan,,,,Alexandrium sp.,,0
495,2007,April,10,10/04/2007,,,,Pangasinan,,,,Alexandrium sp.,,0
496,2007,April,10,10/04/2007,,,,Pangasinan,,,,Alexandrium sp.,,0
497,2007,April,10,10/04/2007,,,,Pangasinan,,,,Alexandrium sp.,,0
498,2007,April,17,17/04/2007,,,,Pangasinan,,,,Alexandrium sp.,,0
499,2007,April,17,17/04/2007,,,,Pangasinan,,,,Alexandrium sp.,,0
500,2007,April,17,17/04/2007,,,,Pangasinan,,,,Alexandrium sp.,,0
501,2007,April,17,17/04/2007,,,,Pangasinan,,,,Alexandrium sp.,,0
502,2007,April,17,17/04/2007,,,,Pangasinan,,,,Alexandrium sp.,,0
503,2007,April,17,17/04/2007,,,,Pangasinan,,,,Alexandrium sp.,,0
504,2007,April,17,17/04/2007,,,,Pangasinan,,,,Alexandrium sp.,,0
505,2007,April,17,17/04/2007,,,,Pangasinan,,,,Alexandrium sp.,,0
506,2007,May,2,02/05/2007,,,,Pangasinan,,,,Alexandrium sp.,,0
507,2007,May,2,02/05/2007,,,,Pangasinan,,,,Alexandrium sp.,,0
508,2007,May,2,02/05/2007,,,,Pangasinan,,,,Alexandrium sp.,,0
509,2007,May,2,02/05/2007,,,,Pangasinan,,,,Alexandrium sp.,,0
510,2007,May,2,02/05/2007,,,,Pangasinan,,,,Alexandrium sp.,,0
511,2007,May,2,02/05/2007,,,,Pangasinan,,,,Alexandrium sp.,,0
512,2007,May,2,02/05/2007,,,,Pangasinan,,,,Alexandrium sp.,,0
513,2007,May,2,02/05/2007,,,,Pangasinan,,,,Alexandrium sp.,,0
514,2007,May,8,08/05/2007,,,,Pangasinan,,,,Alexandrium sp.,,0
515,2007,May,8,08/05/2007,,,,Pangasinan,,,,Alexandrium sp.,,0
516,2007,May,8,08/05/2007,,,,Pangasinan,,,,Alexandrium sp.,,0
517,2007,May,8,08/05/2007,,,,Pangasinan,,,,Alexandrium sp.,,0
518,2007,May,8,08/05/2007,,,,Pangasinan,,,,Alexandrium sp.,,0
519,2007,May,8,08/05/2007,,,,Pangasinan,,,,Alexandrium sp.,,0
520,2007,May,8,08/05/2007,,,,Pangasinan,,,,Alexandrium sp.,,0
521,2007,May,8,08/05/2007,,,,Pangasinan,,,,Alexandrium sp.,,0
522,2007,May,15,15/05/2007,,,,Pangasinan,,,,Alexandrium sp.,,0
523,2007,May,15,15/05/2007,,,,Pangasinan,,,,Alexandrium sp.,,0
524,2007,May,15,15/05/2007,,,,Pangasinan,,,,Alexandrium sp.,,0
525,2007,May,15,15/05/2007,,,,Pangasinan,,,,Alexandrium sp.,,0
526,2007,May,15,15/05/2007,,,,Pangasinan,,,,Alexandrium sp.,,0
527,2007,May,15,15/05/2007,,,,Pangasinan,,,,Alexandrium sp.,,0
528,2007,May,15,15/05/2007,,,,Pangasinan,,,,Alexandrium sp.,,0
529,2007,May,15,15/05/2007,,,,Pangasinan,,,,Alexandrium sp.,,0
530,2007,May,23,23/05/2007,,,,Pangasinan,,,,Alexandrium sp.,,0
531,2007,May,23,23/05/2007,,,,Pangasinan,,,,Alexandrium sp.,,0
532,2007,May,23,23/05/2007,,,,Pangasinan,,,,Alexandrium sp.,,0
533,2007,May,23,23/05/2007,,,,Pangasinan,,,,Alexandrium sp.,,0
534,2007,May,23,23/05/2007,,,,Pangasinan,,,,Alexandrium sp.,,0
535,2007,May,23,23/05/2007,,,,Pangasinan,,,,Alexandrium sp.,,0
536,2007,May,23,23/05/2007,,,,Pangasinan,,,,Alexandrium sp.,,0
537,2007,May,23,23/05/2007,,,,Pangasinan,,,,Alexandrium sp.,,0
538,2007,May,30,30/05/2007,,,,Pangasinan,,,,Alexandrium sp.,,0
539,2007,May,30,30/05/2007,,,,Pangasinan,,,,Alexandrium sp.,,0
540,2007,May,30,30/05/2007,,,,Pangasinan,,,,Alexandrium sp.,,0
541,2007,May,30,30/05/2007,,,,Pangasinan,,,,Alexandrium sp.,,0
542,2007,May,30,30/05/2007,,,,Pangasinan,,,,Alexandrium sp.,,0
543,2007,May,30,30/05/2007,,,,Pangasinan,,,,Alexandrium sp.,,0
544,2007,May,30,30/05/2007,,,,Pangasinan,,,,Alexandrium sp.,,0
545,2007,May,30,30/05/2007,,,,Pangasinan,,,,Alexandrium sp.,,0
546,2007,June,6,06/06/2007,,,,Pangasinan,,,,Alexandrium sp.,,0
547,2007,June,6,06/06/2007,,,,Pangasinan,,,,Alexandrium sp.,,0
548,2007,June,6,06/06/2007,,,,Pangasinan,,,,Alexandrium sp.,,0
549,2007,June,6,06/06/2007,,,,Pangasinan,,,,Alexandrium sp.,,0
550,2007,June,6,06/06/2007,,,,Pangasinan,,,,Alexandrium sp.,,0
551,2007,June,6,06/06/2007,,,,Pangasinan,,,,Alexandrium sp.,,0
552,2007,June,6,06/06/2007,,,,Pangasinan,,,,Alexandrium sp.,,0
553,2007,June,6,06/06/2007,,,,Pangasinan,,,,Alexandrium sp.,,0
554,2007,June,13,13/06/2007,,,,Pangasinan,,,,Alexandrium sp.,,0
555,2007,June,13,13/06/2007,,,,Pangasinan,,,,Alexandrium sp.,,0
556,2007,June,13,13/06/2007,,,,Pangasinan,,,,Alexandrium sp.,,0
557,2007,June,13,13/06/2007,,,,Pangasinan,,,,Alexandrium sp.,,0
558,2007,June,13,13/06/2007,,,,Pangasinan,,,,Alexandrium sp.,,0
559,2007,June,13,13/06/2007,,,,Pangasinan,,,,Alexandrium sp.,,0
560,2007,June,13,13/06/2007,,,,Pangasinan,,,,Alexandrium sp.,,0
561,2007,June,13,13/06/2007,,,,Pangasinan,,,,Alexandrium sp.,,0
562,2007,July,11,11/07/2007,,,,Pangasinan,,,,Alexandrium sp.,,0
563,2007,July,11,11/07/2007,,,,Pangasinan,,,,Alexandrium sp.,,0
564,2007,July,11,11/07/2007,,,,Pangasinan,,,,Alexandrium sp.,,0
565,2007,July,11,11/07/2007,,,,Pangasinan,,,,Alexandrium sp.,,0
566,2007,July,11,11/07/2007,,,,Pangasinan,,,,Alexandrium sp.,,0
567,2007,July,11,11/07/2007,,,,Pangasinan,,,,Alexandrium sp.,,0
568,2007,July,11,11/07/2007,,,,Pangasinan,,,,Alexandrium sp.,,0
569,2007,July,11,11/07/2007,,,,Pangasinan,,,,Alexandrium sp.,,0
570,2007,July,18,18/07/2007,,,,Pangasinan,,,,Alexandrium sp.,,0
571,2007,July,18,18/07/2007,,,,Pangasinan,,,,Alexandrium sp.,,0
572,2007,July,18,18/07/2007,,,,Pangasinan,,,,Alexandrium sp.,,0
573,2007,July,18,18/07/2007,,,,Pangasinan,,,,Alexandrium sp.,,0
574,2007,July,18,18/07/2007,,,,Pangasinan,,,,Alexandrium sp.,,0
575,2007,July,18,18/07/2007,,,,Pangasinan,,,,Alexandrium sp.,,0
576,2007,July,18,18/07/2007,,,,Pangasinan,,,,Alexandrium sp.,,0
577,2007,July,18,18/07/2007,,,,Pangasinan,,,,Alexandrium sp.,,0
578,2008,January,9,09/01/2008,,,,Pangasinan,,,,Alexandrium sp.,,0
579,2008,January,9,09/01/2008,,,,Pangasinan,,,,Alexandrium sp.,,0
580,2008,January,9,09/01/2008,,,,Pangasinan,,,,Alexandrium sp.,,0
581,2008,January,9,09/01/2008,,,,Pangasinan,,,,Alexandrium sp.,,0
582,2008,January,9,09/01/2008,,,,Pangasinan,,,,Alexandrium sp.,,0
583,2008,January,9,09/01/2008,,,,Pangasinan,,,,Alexandrium sp.,,0
584,2008,January,9,09/01/2008,,,,Pangasinan,,,,Alexandrium sp.,,0
585,2008,January,9,09/01/2008,,,,Pangasinan,,,,Alexandrium sp.,,0
586,2008,February,27,27/02/2008,,,,Pangasinan,,,,Alexandrium sp.,,0
587,2008,February,27,27/02/2008,,,,Pangasinan,,,,Alexandrium sp.,,0
588,2008,February,27,27/02/2008,,,,Pangasinan,,,,Alexandrium sp.,,0
589,2008,February,27,27/02/2008,,,,Pangasinan,,,,Alexandrium sp.,,0
590,2008,February,27,27/02/2008,,,,Pangasinan,,,,Alexandrium sp.,,0
591,2008,February,27,27/02/2008,,,,Pangasinan,,,,Alexandrium sp.,,0
592,2008,February,27,27/02/2008,,,,Pangasinan,,,,Alexandrium sp.,,0
593,2008,February,27,27/02/2008,,,,Pangasinan,,,,Alexandrium sp.,,0
594,2008,March,17,17/03/2008,,,,Pangasinan,,,,Alexandrium sp.,,0
595,2008,March,17,17/03/2008,,,,Pangasinan,,,,Alexandrium sp.,,0
596,2008,March,25,25/03/2008,,,,Pangasinan,,,,Alexandrium sp.,,0
597,2008,March,25,25/03/2008,,,,Pangasinan,,,,Alexandrium sp.,,0
598,2008,March,25,25/03/2008,,,,Pangasinan,,,,Alexandrium sp.,,0
599,2008,March,25,25/03/2008,,,,Pangasinan,,,,Alexandrium sp.,,0
600,2008,March,25,25/03/2008,,,,Pangasinan,,,,Alexandrium sp.,,0
601,2008,March,25,25/03/2008,,,,Pangasinan,,,,Alexandrium sp.,,0
602,2008,April,2,02/04/2008,,,,Pangasinan,,,,Alexandrium sp.,,0
603,2008,April,2,02/04/2008,,,,Pangasinan,,,,Alexandrium sp.,,0
604,2008,April,2,02/04/2008,,,,Pangasinan,,,,Alexandrium sp.,,0
605,2008,April,2,02/04/2008,,,,Pangasinan,,,,Alexandrium sp.,,0
606,2008,April,2,02/04/2008,,,,Pangasinan,,,,Alexandrium sp.,,0
607,2008,April,2,02/04/2008,,,,Pangasinan,,,,Alexandrium sp.,,0
608,2008,April,2,02/04/2008,,,,Pangasinan,,,,Alexandrium sp.,,0
609,2008,April,2,02/04/2008,,,,Pangasinan,,,,Alexandrium sp.,,0
610,2008,May,14,14/05/2008,,,,Pangasinan,,,,Alexandrium sp.,,29
611,2008,May,14,14/05/2008,,,,Pangasinan,,,,Alexandrium sp.,,14
612,2008,May,14,14/05/2008,,,,Pangasinan,,,,Alexandrium sp.,,2
613,2008,May,14,14/05/2008,,,,Pangasinan,,,,Alexandrium sp.,,0
614,2008,May,14,14/05/2008,,,,Pangasinan,,,,Alexandrium sp.,,1
615,2008,May,14,14/05/2008,,,,Pangasinan,,,,Alexandrium sp.,,51
616,2008,May,14,14/05/2008,,,,Pangasinan,,,,Alexandrium sp.,,10
617,2008,May,14,14/05/2008,,,,Pangasinan,,,,Alexandrium sp.,,38
618,2008,June,25,25/06/2008,,,,Pangasinan,,,,Alexandrium sp.,,0
619,2008,June,25,25/06/2008,,,,Pangasinan,,,,Alexandrium sp.,,0
620,2008,June,25,25/06/2008,,,,Pangasinan,,,,Alexandrium sp.,,0
621,2008,June,25,25/06/2008,,,,Pangasinan,,,,Alexandrium sp.,,0
622,2008,June,25,25/06/2008,,,,Pangasinan,,,,Alexandrium sp.,,0
623,2008,June,25,25/06/2008,,,,Pangasinan,,,,Alexandrium sp.,,0
624,2008,June,25,25/06/2008,,,,Pangasinan,,,,Alexandrium sp.,,0
625,2008,June,25,25/06/2008,,,,Pangasinan,,,,Alexandrium sp.,,0
626,2008,July,2,02/07/2008,,,,Pangasinan,,,,Alexandrium sp.,,0
627,2008,July,2,02/07/2008,,,,Pangasinan,,,,Alexandrium sp.,,0
628,2008,July,2,02/07/2008,,,,Pangasinan,,,,Alexandrium sp.,,0
629,2008,July,2,02/07/2008,,,,Pangasinan,,,,Alexandrium sp.,,0
630,2008,July,2,02/07/2008,,,,Pangasinan,,,,Alexandrium sp.,,0
631,2008,July,2,02/07/2008,,,,Pangasinan,,,,Alexandrium sp.,,0
632,2008,July,2,02/07/2008,,,,Pangasinan,,,,Alexandrium sp.,,0
633,2008,July,2,02/07/2008,,,,Pangasinan,,,,Alexandrium sp.,,0
634,2008,August,26,26/08/2008,,,,Pangasinan,,,,Alexandrium sp.,,0
635,2008,August,26,26/08/2008,,,,Pangasinan,,,,Alexandrium sp.,,0
636,2008,August,26,26/08/2008,,,,Pangasinan,,,,Alexandrium sp.,,0
637,2008,August,26,26/08/2008,,,,Pangasinan,,,,Alexandrium sp.,,0
638,2008,August,26,26/08/2008,,,,Pangasinan,,,,Alexandrium sp.,,0
639,2008,August,26,26/08/2008,,,,Pangasinan,,,,Alexandrium sp.,,0
640,2008,August,26,26/08/2008,,,,Pangasinan,,,,Alexandrium sp.,,0
641,2008,August,26,26/08/2008,,,,Pangasinan,,,,Alexandrium sp.,,0
642,2008,September,24,24/09/2008,,,,Pangasinan,,,,Alexandrium sp.,,0
643,2008,September,24,24/09/2008,,,,Pangasinan,,,,Alexandrium sp.,,0
644,2008,September,24,24/09/2008,,,,Pangasinan,,,,Alexandrium sp.,,0
645,2008,September,24,24/09/2008,,,,Pangasinan,,,,Alexandrium sp.,,0
646,2008,September,24,24/09/2008,,,,Pangasinan,,,,Alexandrium sp.,,0
647,2008,September,24,24/09/2008,,,,Pangasinan,,,,Alexandrium sp.,,0
648,2008,September,24,24/09/2008,,,,Pangasinan,,,,Alexandrium sp.,,0
649,2008,September,24,24/09/2008,,,,Pangasinan,,,,Alexandrium sp.,,0
650,2008,October,15,15/10/2008,,,,Pangasinan,,,,Alexandrium sp.,,0
651,2008,October,15,15/10/2008,,,,Pangasinan,,,,Alexandrium sp.,,0
652,2008,October,15,15/10/2008,,,,Pangasinan,,,,Alexandrium sp.,,0
653,2008,October,15,15/10/2008,,,,Pangasinan,,,,Alexandrium sp.,,0
654,2008,October,15,15/10/2008,,,,Pangasinan,,,,Alexandrium sp.,,0
655,2008,October,15,15/10/2008,,,,Pangasinan,,,,Alexandrium sp.,,0
656,2008,October,15,15/10/2008,,,,Pangasinan,,,,Alexandrium sp.,,0
657,2008,October,15,15/10/2008,,,,Pangasinan,,,,Alexandrium sp.,,0
658,2008,November,18,18/11/2008,,,,Pangasinan,,,,Alexandrium sp.,,0
659,2008,November,18,18/11/2008,,,,Pangasinan,,,,Alexandrium sp.,,0
660,2008,November,18,18/11/2008,,,,Pangasinan,,,,Alexandrium sp.,,0
661,2008,November,18,18/11/2008,,,,Pangasinan,,,,Alexandrium sp.,,0
662,2008,November,18,18/11/2008,,,,Pangasinan,,,,Alexandrium sp.,,0
663,2008,November,18,18/11/2008,,,,Pangasinan,,,,Alexandrium sp.,,0
664,2008,November,18,18/11/2008,,,,Pangasinan,,,,Alexandrium sp.,,0
665,2008,November,18,18/11/2008,,,,Pangasinan,,,,Alexandrium sp.,,0
666,2008,December,15,15/12/2008,,,,Pangasinan,,,,Alexandrium sp.,,0
667,2008,December,15,15/12/2008,,,,Pangasinan,,,,Alexandrium sp.,,0
668,2008,December,15,15/12/2008,,,,Pangasinan,,,,Alexandrium sp.,,0
669,2008,December,15,15/12/2008,,,,Pangasinan,,,,Alexandrium sp.,,0
670,2008,December,15,15/12/2008,,,,Pangasinan,,,,Alexandrium sp.,,0
671,2008,December,15,15/12/2008,,,,Pangasinan,,,,Alexandrium sp.,,0
672,2008,December,15,15/12/2008,,,,Pangasinan,,,,Alexandrium sp.,,0
673,2008,December,15,15/12/2008,,,,Pangasinan,,,,Alexandrium sp.,,0
674,2009,January,7,07/01/2009,,,,Pangasinan,,,,Alexandrium sp.,,0
675,2009,January,7,07/01/2009,,,,Pangasinan,,,,Alexandrium sp.,,0
676,2009,January,7,07/01/2009,,,,Pangasinan,,,,Alexandrium sp.,,0
677,2009,January,7,07/01/2009,,,,Pangasinan,,,,Alexandrium sp.,,0
678,2009,January,7,07/01/2009,,,,Pangasinan,,,,Alexandrium sp.,,0
679,2009,January,7,07/01/2009,,,,Pangasinan,,,,Alexandrium sp.,,0
680,2009,January,7,07/01/2009,,,,Pangasinan,,,,Alexandrium sp.,,0
681,2009,February,13,13/02/2009,,,,Pangasinan,,,,Alexandrium sp.,,0
682,2009,February,13,13/02/2009,,,,Pangasinan,,,,Alexandrium sp.,,0
683,2009,February,20,20/02/2009,,,,Pangasinan,,,,Alexandrium sp.,,0
684,2009,February,20,20/02/2009,,,,Pangasinan,,,,Alexandrium sp.,,0
685,2009,February,20,20/02/2009,,,,Pangasinan,,,,Alexandrium sp.,,0
686,2009,February,20,20/02/2009,,,,Pangasinan,,,,Alexandrium sp.,,0
687,2009,February,20,20/02/2009,,,,Pangasinan,,,,Alexandrium sp.,,0
688,2009,February,20,20/02/2009,,,,Pangasinan,,,,Alexandrium sp.,,0
689,2009,February,20,20/02/2009,,,,Pangasinan,,,,Alexandrium sp.,,0
690,2009,February,20,20/02/2009,,,,Pangasinan,,,,Alexandrium sp.,,0
691,2009,March,25,25/03/2009,,,,Pangasinan,,,,Alexandrium sp.,,0
692,2009,March,25,25/03/2009,,,,Pangasinan,,,,Alexandrium sp.,,0
693,2009,March,25,25/03/2009,,,,Pangasinan,,,,Alexandrium sp.,,0
694,2009,March,25,25/03/2009,,,,Pangasinan,,,,Alexandrium sp.,,0
695,2009,March,25,25/03/2009,,,,Pangasinan,,,,Alexandrium sp.,,0
696,2009,March,25,25/03/2009,,,,Pangasinan,,,,Alexandrium sp.,,0
697,2009,March,25,25/03/2009,,,,Pangasinan,,,,Alexandrium sp.,,0
698,2009,March,25,25/03/2009,,,,Pangasinan,,,,Alexandrium sp.,,0
699,2009,April,21,21/04/2009,,,,Pangasinan,,,,Alexandrium sp.,,0
700,2009,April,21,21/04/2009,,,,Pangasinan,,,,Alexandrium sp.,,0
701,2009,April,29,29/04/2009,,,,Pangasinan,,,,Alexandrium sp.,,0
702,2009,April,29,29/04/2009,,,,Pangasinan,,,,Alexandrium sp.,,0
703,2009,April,29,29/04/2009,,,,Pangasinan,,,,Alexandrium sp.,,0
704,2009,April,29,29/04/2009,,,,Pangasinan,,,,Alexandrium sp.,,0
705,2009,April,29,29/04/2009,,,,Pangasinan,,,,Alexandrium sp.,,0
706,2009,May,26,26/05/2009,,,,Pangasinan,,,,Alexandrium sp.,,0
707,2009,May,26,26/05/2009,,,,Pangasinan,,,,Alexandrium sp.,,0
708,2009,June,29,29/06/2009,,,,Pangasinan,,,,Alexandrium sp.,,0
709,2009,June,29,29/06/2009,,,,Pangasinan,,,,Alexandrium sp.,,0
710,2009,June,29,29/06/2009,,,,Pangasinan,,,,Alexandrium sp.,,0
711,2009,June,29,29/06/2009,,,,Pangasinan,,,,Alexandrium sp.,,0
712,2009,June,29,29/06/2009,,,,Pangasinan,,,,Alexandrium sp.,,0
713,2009,June,29,29/06/2009,,,,Pangasinan,,,,Alexandrium sp.,,0
714,2009,June,29,29/06/2009,,,,Pangasinan,,,,Alexandrium sp.,,0
715,2009,July,29,29/07/2009,,,,Pangasinan,,,,Alexandrium sp.,,0
716,2009,July,29,29/07/2009,,,,Pangasinan,,,,Alexandrium sp.,,0
717,2009,July,29,29/07/2009,,,,Pangasinan,,,,Alexandrium sp.,,0
718,2009,July,29,29/07/2009,,,,Pangasinan,,,,Alexandrium sp.,,0
719,2009,July,29,29/07/2009,,,,Pangasinan,,,,Alexandrium sp.,,0
720,2009,July,29,29/07/2009,,,,Pangasinan,,,,Alexandrium sp.,,0
721,2009,July,29,29/07/2009,,,,Pangasinan,,,,Alexandrium sp.,,0
722,2009,August,25,25/08/2009,,,,Pangasinan,,,,Alexandrium sp.,,0
723,2009,August,25,25/08/2009,,,,Pangasinan,,,,Alexandrium sp.,,0
724,2009,August,25,25/08/2009,,,,Pangasinan,,,,Alexandrium sp.,,0
725,2009,August,26,26/08/2009,,,,Pangasinan,,,,Alexandrium sp.,,0
726,2009,August,26,26/08/2009,,,,Pangasinan,,,,Alexandrium sp.,,0
727,2009,September,15,15/09/2009,,,,Pangasinan,,,,Alexandrium sp.,,0
728,2009,September,15,15/09/2009,,,,Pangasinan,,,,Alexandrium sp.,,0
729,2009,September,15,15/09/2009,,,,Pangasinan,,,,Alexandrium sp.,,0
730,2009,September,15,15/09/2009,,,,Pangasinan,,,,Alexandrium sp.,,0
731,2009,September,15,15/09/2009,,,,Pangasinan,,,,Alexandrium sp.,,0
732,2009,September,15,15/09/2009,,,,Pangasinan,,,,Alexandrium sp.,,0
733,2009,October,27,27/10/2009,,,,Pangasinan,,,,Alexandrium sp.,,0
734,2009,October,27,27/10/2009,,,,Pangasinan,,,,Alexandrium sp.,,0
735,2009,October,27,27/10/2009,,,,Pangasinan,,,,Alexandrium sp.,,0
736,2009,October,27,27/10/2009,,,,Pangasinan,,,,Alexandrium sp.,,0
737,2009,October,27,27/10/2009,,,,Pangasinan,,,,Alexandrium sp.,,0
738,2009,October,27,27/10/2009,,,,Pangasinan,,,,Alexandrium sp.,,0
739,2009,November,24,24/11/2009,,,,Pangasinan,,,,Alexandrium sp.,,0
740,2009,November,24,24/11/2009,,,,Pangasinan,,,,Alexandrium sp.,,0
741,2009,November,24,24/11/2009,,,,Pangasinan,,,,Alexandrium sp.,,0
742,2009,November,24,24/11/2009,,,,Pangasinan,,,,Alexandrium sp.,,0
743,2009,November,24,24/11/2009,,,,Pangasinan,,,,Alexandrium sp.,,0
744,2009,November,24,24/11/2009,,,,Pangasinan,,,,Alexandrium sp.,,0
745,2009,November,24,24/11/2009,,,,Pangasinan,,,,Alexandrium sp.,,0
746,2009,December,17,17/12/2009,,,,Pangasinan,,,,Alexandrium sp.,,0
747,2009,December,17,17/12/2009,,,,Pangasinan,,,,Alexandrium sp.,,0
748,2009,December,17,17/12/2009,,,,Pangasinan,,,,Alexandrium sp.,,0
749,2009,December,17,17/12/2009,,,,Pangasinan,,,,Alexandrium sp.,,0
750,2009,December,17,17/12/2009,,,,Pangasinan,,,,Alexandrium sp.,,0
751,2010,February,2,02/02/2010,,,,Pangasinan,,,,Alexandrium sp.,,0
752,2010,February,2,02/02/2010,,,,Pangasinan,,,,Alexandrium sp.,,0
753,2010,February,2,02/02/2010,,,,Pangasinan,,,,Alexandrium sp.,,0
754,2010,February,2,02/02/2010,,,,Pangasinan,,,,Alexandrium sp.,,0
755,2010,February,2,02/02/2010,,,,Pangasinan,,,,Alexandrium sp.,,0
756,2010,February,2,02/02/2010,,,,Pangasinan,,,,Alexandrium sp.,,0
757,2010,February,2,02/02/2010,,,,Pangasinan,,,,Alexandrium sp.,,0
758,2010,March ,2,02/03/2010,,,,Pangasinan,,,,Alexandrium sp.,,0
759,2010,March ,2,02/03/2010,,,,Pangasinan,,,,Alexandrium sp.,,0
760,2010,March ,2,02/03/2010,,,,Pangasinan,,,,Alexandrium sp.,,0
761,2010,March ,2,02/03/2010,,,,Pangasinan,,,,Alexandrium sp.,,0
762,2010,March ,2,02/03/2010,,,,Pangasinan,,,,Alexandrium sp.,,0
763,2010,March ,2,02/03/2010,,,,Pangasinan,,,,Alexandrium sp.,,0
764,2010,March ,2,02/03/2010,,,,Pangasinan,,,,Alexandrium sp.,,0
765,2010,March ,2,02/03/2010,,,,Pangasinan,,,,Alexandrium sp.,,0
766,2010,March,6,06/03/2010,,,,Pangasinan,,,,Alexandrium sp.,,0
767,2010,March,6,06/03/2010,,,,Pangasinan,,,,Alexandrium sp.,,0
768,2010,March,6,06/03/2010,,,,Pangasinan,,,,Alexandrium sp.,,0
769,2010,March,6,06/03/2010,,,,Pangasinan,,,,Alexandrium sp.,,0
770,2010,April,6,06/04/2010,,,,Pangasinan,,,,Alexandrium sp.,,0
771,2010,April,6,06/04/2010,,,,Pangasinan,,,,Alexandrium sp.,,0
772,2010,April,6,06/04/2010,,,,Pangasinan,,,,Alexandrium sp.,,0
773,2010,April,6,06/04/2010,,,,Pangasinan,,,,Alexandrium sp.,,0
774,2010,April,6,06/04/2010,,,,Pangasinan,,,,Alexandrium sp.,,0
775,2010,April,6,06/04/2010,,,,Pangasinan,,,,Alexandrium sp.,,0
776,2010,April,6,06/04/2010,,,,Pangasinan,,,,Alexandrium sp.,,0
777,2010,April,6,06/04/2010,,,,Pangasinan,,,,Alexandrium sp.,,0
778,2010,May,4,04/05/2010,,,,Pangasinan,,,,Alexandrium sp.,,3
779,2010,May,4,04/05/2010,,,,Pangasinan,,,,Alexandrium sp.,,14
780,2010,May,4,04/05/2010,,,,Pangasinan,,,,Alexandrium sp.,,4
781,2010,May,4,04/05/2010,,,,Pangasinan,,,,Alexandrium sp.,,3
782,2010,May,4,04/05/2010,,,,Pangasinan,,,,Alexandrium sp.,,3
783,2010,May,4,04/05/2010,,,,Pangasinan,,,,Alexandrium sp.,,12
784,2010,May,4,04/05/2010,,,,Pangasinan,,,,Alexandrium sp.,,15
785,2010,May,4,04/05/2010,,,,Pangasinan,,,,Alexandrium sp.,,17
786,2010,June,2,02/06/2010,,,,Pangasinan,,,,Alexandrium sp.,,0
787,2010,June,2,02/06/2010,,,,Pangasinan,,,,Alexandrium sp.,,0
788,2010,June,2,02/06/2010,,,,Pangasinan,,,,Alexandrium sp.,,0
789,2010,June,2,02/06/2010,,,,Pangasinan,,,,Alexandrium sp.,,0
790,2010,June,2,02/06/2010,,,,Pangasinan,,,,Alexandrium sp.,,0
791,2010,June,2,02/06/2010,,,,Pangasinan,,,,Alexandrium sp.,,0
792,2010,June,2,02/06/2010,,,,Pangasinan,,,,Alexandrium sp.,,0
793,2010,June,2,02/06/2010,,,,Pangasinan,,,,Alexandrium sp.,,0
794,2010,July,13,13/07/2010,,,,Pangasinan,,,,Alexandrium sp.,,0
795,2010,July,13,13/07/2010,,,,Pangasinan,,,,Alexandrium sp.,,0
796,2010,July,13,13/07/2010,,,,Pangasinan,,,,Alexandrium sp.,,0
797,2010,July,13,13/07/2010,,,,Pangasinan,,,,Alexandrium sp.,,0
798,2010,July,13,13/07/2010,,,,Pangasinan,,,,Alexandrium sp.,,0
799,2010,July,13,13/07/2010,,,,Pangasinan,,,,Alexandrium sp.,,0
800,2010,July,13,13/07/2010,,,,Pangasinan,,,,Alexandrium sp.,,0
801,2010,July,13,13/07/2010,,,,Pangasinan,,,,Alexandrium sp.,,0
802,2010,August,3,03/08/2010,,,,Pangasinan,,,,Alexandrium sp.,,0
803,2010,August,3,03/08/2010,,,,Pangasinan,,,,Alexandrium sp.,,0
804,2010,August,3,03/08/2010,,,,Pangasinan,,,,Alexandrium sp.,,0
805,2010,August,3,03/08/2010,,,,Pangasinan,,,,Alexandrium sp.,,0
806,2010,August,24,24/08/2010,,,,Pangasinan,,,,Alexandrium sp.,,0
807,2010,August,24,24/08/2010,,,,Pangasinan,,,,Alexandrium sp.,,0
808,2010,September,14,14/09/2010,,,,Pangasinan,,,,Alexandrium sp.,,0
809,2010,September,14,14/09/2010,,,,Pangasinan,,,,Alexandrium sp.,,0
810,2010,September,14,14/09/2010,,,,Pangasinan,,,,Alexandrium sp.,,0
811,2010,September,14,14/09/2010,,,,Pangasinan,,,,Alexandrium sp.,,0
812,2010,September,14,14/09/2010,,,,Pangasinan,,,,Alexandrium sp.,,0
813,2010,September,14,14/09/2010,,,,Pangasinan,,,,Alexandrium sp.,,0
814,2010,September,14,14/09/2010,,,,Pangasinan,,,,Alexandrium sp.,,0
815,2010,October,13,13/10/2010,,,,Pangasinan,,,,Alexandrium sp.,,0
816,2010,October,13,13/10/2010,,,,Pangasinan,,,,Alexandrium sp.,,0
817,2010,October,13,13/10/2010,,,,Pangasinan,,,,Alexandrium sp.,,0
818,2010,October,13,13/10/2010,,,,Pangasinan,,,,Alexandrium sp.,,0
819,2010,October,13,13/10/2010,,,,Pangasinan,,,,Alexandrium sp.,,0
820,2010,October,13,13/10/2010,,,,Pangasinan,,,,Alexandrium sp.,,0
821,2010,October,13,13/10/2010,,,,Pangasinan,,,,Alexandrium sp.,,0
822,2010,November,10,10/11/2010,,,,Pangasinan,,,,Alexandrium sp.,,0
823,2010,November,10,10/11/2010,,,,Pangasinan,,,,Alexandrium sp.,,0
824,2010,November,10,10/11/2010,,,,Pangasinan,,,,Alexandrium sp.,,0
825,2010,November,10,10/11/2010,,,,Pangasinan,,,,Alexandrium sp.,,0
826,2010,November,10,10/11/2010,,,,Pangasinan,,,,Alexandrium sp.,,0
827,2010,November,10,10/11/2010,,,,Pangasinan,,,,Alexandrium sp.,,0
828,2010,December,28,28/12/2010,,,,Pangasinan,,,,Alexandrium sp.,,0
829,2010,December,28,28/12/2010,,,,Pangasinan,,,,Alexandrium sp.,,0
830,2010,December,28,28/12/2010,,,,Pangasinan,,,,Alexandrium sp.,,0
831,2010,December,28,28/12/2010,,,,Pangasinan,,,,Alexandrium sp.,,0
832,2010,December,28,28/12/2010,,,,Pangasinan,,,,Alexandrium sp.,,0
833,2010,December,28,28/12/2010,,,,Pangasinan,,,,Alexandrium sp.,,0
834,2010,December,28,28/12/2010,,,,Pangasinan,,,,Alexandrium sp.,,0
835,2010,December,28,28/12/2010,,,,Pangasinan,,,,Alexandrium sp.,,0
836,2011,January,11,11/01/2011,,,,Pangasinan,,,,Alexandrium sp.,,0
837,2011,January,11,11/01/2011,,,,Pangasinan,,,,Alexandrium sp.,,0
838,2011,January,11,11/01/2011,,,,Pangasinan,,,,Alexandrium sp.,,0
839,2011,January,11,11/01/2011,,,,Pangasinan,,,,Alexandrium sp.,,0
840,2011,January,11,11/01/2011,,,,Pangasinan,,,,Alexandrium sp.,,0
841,2011,January,18,18/01/2011,,,,Pangasinan,,,,Alexandrium sp.,,0
842,2011,January,18,18/01/2011,,,,Pangasinan,,,,Alexandrium sp.,,0
843,2011,February,16,16/02/2011,,,,Pangasinan,,,,Alexandrium sp.,,0
844,2011,February,16,16/02/2011,,,,Pangasinan,,,,Alexandrium sp.,,0
845,2011,February,16,16/02/2011,,,,Pangasinan,,,,Alexandrium sp.,,0
846,2011,February,16,16/02/2011,,,,Pangasinan,,,,Alexandrium sp.,,0
847,2011,February,16,16/02/2011,,,,Pangasinan,,,,Alexandrium sp.,,0
848,2011,February,16,16/02/2011,,,,Pangasinan,,,,Alexandrium sp.,,0
849,2011,February,16,16/02/2011,,,,Pangasinan,,,,Alexandrium sp.,,0
850,2011,February,16,16/02/2011,,,,Pangasinan,,,,Alexandrium sp.,,0
851,2011,March,15,15/03/2011,,,,Pangasinan,,,,Alexandrium sp.,,0
852,2011,March,15,15/03/2011,,,,Pangasinan,,,,Alexandrium sp.,,0
853,2011,March,15,15/03/2011,,,,Pangasinan,,,,Alexandrium sp.,,4
854,2011,March,15,15/03/2011,,,,Pangasinan,,,,Alexandrium sp.,,2
855,2011,March,15,15/03/2011,,,,Pangasinan,,,,Alexandrium sp.,,0
856,2011,March,15,15/03/2011,,,,Pangasinan,,,,Alexandrium sp.,,0
857,2011,March,15,15/03/2011,,,,Pangasinan,,,,Alexandrium sp.,,0
858,2011,March,15,15/03/2011,,,,Pangasinan,,,,Alexandrium sp.,,0
859,2011,March,22,22/03/2011,,,,Pangasinan,,,,Alexandrium sp.,,2
860,2011,March,22,22/03/2011,,,,Pangasinan,,,,Alexandrium sp.,,9
861,2011,March,22,22/03/2011,,,,Pangasinan,,,,Alexandrium sp.,,0
862,2011,March,22,22/03/2011,,,,Pangasinan,,,,Alexandrium sp.,,1
863,2011,March,22,22/03/2011,,,,Pangasinan,,,,Alexandrium sp.,,1051
864,2011,March,22,22/03/2011,,,,Pangasinan,,,,Alexandrium sp.,,388
865,2011,March,22,22/03/2011,,,,Pangasinan,,,,Alexandrium sp.,,42
866,2011,March,22,22/03/2011,,,,Pangasinan,,,,Alexandrium sp.,,773
867,2011,April,19,19/04/2011,,,,Pangasinan,,,,Alexandrium sp.,,0
868,2011,April,19,19/04/2011,,,,Pangasinan,,,,Alexandrium sp.,,0
869,2011,April,19,19/04/2011,,,,Pangasinan,,,,Alexandrium sp.,,0
870,2011,April,19,19/04/2011,,,,Pangasinan,,,,Alexandrium sp.,,0
871,2011,April,19,19/04/2011,,,,Pangasinan,,,,Alexandrium sp.,,0
872,2011,April,19,19/04/2011,,,,Pangasinan,,,,Alexandrium sp.,,0
873,2011,April,19,19/04/2011,,,,Pangasinan,,,,Alexandrium sp.,,0
874,2011,April,27,27/04/2011,,,,Pangasinan,,,,Alexandrium sp.,,0
875,2011,April,27,27/04/2011,,,,Pangasinan,,,,Alexandrium sp.,,0
876,2011,April,27,27/04/2011,,,,Pangasinan,,,,Alexandrium sp.,,0
877,2011,April,27,27/04/2011,,,,Pangasinan,,,,Alexandrium sp.,,0
878,2011,May,18,18/05/2011,,,,Pangasinan,,,,Alexandrium sp.,,0
879,2011,May,18,18/05/2011,,,,Pangasinan,,,,Alexandrium sp.,,0
880,2011,May,18,18/05/2011,,,,Pangasinan,,,,Alexandrium sp.,,0
881,2011,May,18,18/05/2011,,,,Pangasinan,,,,Alexandrium sp.,,0
882,2011,May,18,18/05/2011,,,,Pangasinan,,,,Alexandrium sp.,,0
883,2011,May,18,18/05/2011,,,,Pangasinan,,,,Alexandrium sp.,,0
884,2011,June,29,29/06/2011,,,,Pangasinan,,,,Alexandrium sp.,,0
885,2011,June,29,29/06/2011,,,,Pangasinan,,,,Alexandrium sp.,,0
886,2011,June,29,29/06/2011,,,,Pangasinan,,,,Alexandrium sp.,,0
887,2011,June,29,29/06/2011,,,,Pangasinan,,,,Alexandrium sp.,,0
888,2011,June,29,29/06/2011,,,,Pangasinan,,,,Alexandrium sp.,,0
889,2011,June,29,29/06/2011,,,,Pangasinan,,,,Alexandrium sp.,,0
890,2011,June,29,29/06/2011,,,,Pangasinan,,,,Alexandrium sp.,,0
891,2011,July,27,27/07/2011,,,,Pangasinan,,,,Alexandrium sp.,,0
892,2011,July,27,27/07/2011,,,,Pangasinan,,,,Alexandrium sp.,,0
893,2011,July,27,27/07/2011,,,,Pangasinan,,,,Alexandrium sp.,,0
894,2011,July,27,27/07/2011,,,,Pangasinan,,,,Alexandrium sp.,,0
895,2011,July,27,27/07/2011,,,,Pangasinan,,,,Alexandrium sp.,,0
896,2011,July,27,27/07/2011,,,,Pangasinan,,,,Alexandrium sp.,,0
897,2011,August,31,31/08/2011,,,,Pangasinan,,,,Alexandrium sp.,,0
898,2011,August,31,31/08/2011,,,,Pangasinan,,,,Alexandrium sp.,,0
899,2011,August,31,31/08/2011,,,,Pangasinan,,,,Alexandrium sp.,,0
900,2011,August,31,31/08/2011,,,,Pangasinan,,,,Alexandrium sp.,,0
901,2011,August,31,31/08/2011,,,,Pangasinan,,,,Alexandrium sp.,,0
902,2011,August,31,31/08/2011,,,,Pangasinan,,,,Alexandrium sp.,,0
903,2011,September,13,13/09/2011,,,,Pangasinan,,,,Alexandrium sp.,,0
904,2011,September,13,13/09/2011,,,,Pangasinan,,,,Alexandrium sp.,,0
905,2011,September,13,13/09/2011,,,,Pangasinan,,,,Alexandrium sp.,,0
906,2011,September,13,13/09/2011,,,,Pangasinan,,,,Alexandrium sp.,,0
907,2011,September,13,13/09/2011,,,,Pangasinan,,,,Alexandrium sp.,,0
908,2011,September,13,13/09/2011,,,,Pangasinan,,,,Alexandrium sp.,,0
909,2011,September,13,13/09/2011,,,,Pangasinan,,,,Alexandrium sp.,,0
910,2011,October,20,20/10/2011,,,,Pangasinan,,,,Alexandrium sp.,,0
911,2011,October,20,20/10/2011,,,,Pangasinan,,,,Alexandrium sp.,,0
912,2011,October,20,20/10/2011,,,,Pangasinan,,,,Alexandrium sp.,,0
913,2011,October,20,20/10/2011,,,,Pangasinan,,,,Alexandrium sp.,,0
914,2011,October,20,20/10/2011,,,,Pangasinan,,,,Alexandrium sp.,,0
915,2011,October,20,20/10/2011,,,,Pangasinan,,,,Alexandrium sp.,,0
916,2011,October,20,20/10/2011,,,,Pangasinan,,,,Alexandrium sp.,,0
917,2011,November,22,22/11/2011,,,,Pangasinan,,,,Alexandrium sp.,,0
918,2011,November,22,22/11/2011,,,,Pangasinan,,,,Alexandrium sp.,,0
919,2011,November,22,22/11/2011,,,,Pangasinan,,,,Alexandrium sp.,,0
920,2011,November,22,22/11/2011,,,,Pangasinan,,,,Alexandrium sp.,,0
921,2011,November,22,22/11/2011,,,,Pangasinan,,,,Alexandrium sp.,,0
922,2011,November,22,22/11/2011,,,,Pangasinan,,,,Alexandrium sp.,,0
923,2011,November,22,22/11/2011,,,,Pangasinan,,,,Alexandrium sp.,,0
924,2011,December,13,13/12/2011,,,,Pangasinan,,,,Alexandrium sp.,,0
925,2011,December,13,13/12/2011,,,,Pangasinan,,,,Alexandrium sp.,,0
926,2011,December,13,13/12/2011,,,,Pangasinan,,,,Alexandrium sp.,,0
927,2011,December,13,13/12/2011,,,,Pangasinan,,,,Alexandrium sp.,,0
928,2011,December,13,13/12/2011,,,,Pangasinan,,,,Alexandrium sp.,,0
929,2011,December,27,27/12/2011,,,,Pangasinan,,,,Alexandrium sp.,,0
930,2011,December,27,27/12/2011,,,,Pangasinan,,,,Alexandrium sp.,,0
931,2012,January,18,18/01/2012,,,,Pangasinan,,,,Alexandrium sp.,,0
932,2012,January,18,18/01/2012,,,,Pangasinan,,,,Alexandrium sp.,,0
933,2012,January,27,27/01/2012,,,,Pangasinan,,,,Alexandrium sp.,,0
934,2012,January,27,27/01/2012,,,,Pangasinan,,,,Alexandrium sp.,,0
935,2012,January,27,27/01/2012,,,,Pangasinan,,,,Alexandrium sp.,,0
936,2012,January,27,27/01/2012,,,,Pangasinan,,,,Alexandrium sp.,,0
937,2012,January,27,27/01/2012,,,,Pangasinan,,,,Alexandrium sp.,,0
938,2012,January,27,27/01/2012,,,,Pangasinan,,,,Alexandrium sp.,,0
939,2012,January,27,27/01/2012,,,,Pangasinan,,,,Alexandrium sp.,,0
940,2012,January,27,27/01/2012,,,,Pangasinan,,,,Alexandrium sp.,,0
941,2012,February,28,28/02/2012,,,,Pangasinan,,,,Alexandrium sp.,,0
942,2012,February,28,28/02/2012,,,,Pangasinan,,,,Alexandrium sp.,,0
943,2012,February,28,28/02/2012,,,,Pangasinan,,,,Alexandrium sp.,,0
944,2012,February,28,28/02/2012,,,,Pangasinan,,,,Alexandrium sp.,,0
945,2012,February,28,28/02/2012,,,,Pangasinan,,,,Alexandrium sp.,,0
946,2012,February,28,28/02/2012,,,,Pangasinan,,,,Alexandrium sp.,,0
947,2012,March,27,27/03/2012,,,,Pangasinan,,,,Alexandrium sp.,,3
948,2012,March,27,27/03/2012,,,,Pangasinan,,,,Alexandrium sp.,,12
949,2012,March,27,27/03/2012,,,,Pangasinan,,,,Alexandrium sp.,,0
950,2012,March,27,27/03/2012,,,,Pangasinan,,,,Alexandrium sp.,,0
951,2012,March,27,27/03/2012,,,,Pangasinan,,,,Alexandrium sp.,,6
952,2012,March,27,27/03/2012,,,,Pangasinan,,,,Alexandrium sp.,,10
953,2012,March,27,27/03/2012,,,,Pangasinan,,,,Alexandrium sp.,,0
954,2012,March,27,27/03/2012,,,,Pangasinan,,,,Alexandrium sp.,,11
955,2012,April,24,24/04/2012,,,,Pangasinan,,,,Alexandrium sp.,,0
956,2012,April,24,24/04/2012,,,,Pangasinan,,,,Alexandrium sp.,,0
957,2012,May,29,29/05/2012,,,,Pangasinan,,,,Alexandrium sp.,,0
958,2012,May,29,29/05/2012,,,,Pangasinan,,,,Alexandrium sp.,,0
959,2012,June,22,22/06/2012,,,,Pangasinan,,,,Alexandrium sp.,,0
960,2012,June,22,22/06/2012,,,,Pangasinan,,,,Alexandrium sp.,,0
961,2012,June,22,22/06/2012,,,,Pangasinan,,,,Alexandrium sp.,,0
962,2012,June,22,22/06/2012,,,,Pangasinan,,,,Alexandrium sp.,,0
963,2012,June,22,22/06/2012,,,,Pangasinan,,,,Alexandrium sp.,,0
964,2012,June,22,22/06/2012,,,,Pangasinan,,,,Alexandrium sp.,,0
965,2012,June,22,22/06/2012,,,,Pangasinan,,,,Alexandrium sp.,,0
966,2012,July,25,25/07/2012,,,,Pangasinan,,,,Alexandrium sp.,,0
967,2012,July,25,25/07/2012,,,,Pangasinan,,,,Alexandrium sp.,,0
968,2012,October,23,23/10/2012,,,,Pangasinan,,,,Alexandrium sp.,,0
969,2012,October,23,23/10/2012,,,,Pangasinan,,,,Alexandrium sp.,,0
970,2012,October,23,23/10/2012,,,,Pangasinan,,,,Alexandrium sp.,,0
971,2012,October,23,23/10/2012,,,,Pangasinan,,,,Alexandrium sp.,,0
972,2012,October,23,23/10/2012,,,,Pangasinan,,,,Alexandrium sp.,,0
973,2012,October,23,23/10/2012,,,,Pangasinan,,,,Alexandrium sp.,,0
974,2012,October,23,23/10/2012,,,,Pangasinan,,,,Alexandrium sp.,,0
975,2012,October,23,23/10/2012,,,,Pangasinan,,,,Alexandrium sp.,,0
976,2012,November,20,20/11/2012,,,,Pangasinan,,,,Alexandrium sp.,,0
977,2012,November,20,20/11/2012,,,,Pangasinan,,,,Alexandrium sp.,,0
978,2012,December,4,04/12/2012,,,,Pangasinan,,,,Alexandrium sp.,,0
979,2012,December,4,04/12/2012,,,,Pangasinan,,,,Alexandrium sp.,,0
980,2012,December,4,04/12/2012,,,,Pangasinan,,,,Alexandrium sp.,,0
981,2012,December,4,04/12/2012,,,,Pangasinan,,,,Alexandrium sp.,,0
982,2012,December,4,04/12/2012,,,,Pangasinan,,,,Alexandrium sp.,,1
983,2012,December,4,04/12/2012,,,,Pangasinan,,,,Alexandrium sp.,,6
984,2012,December,4,04/12/2012,,,,Pangasinan,,,,Alexandrium sp.,,1
985,2012,December,4,04/12/2012,,,,Pangasinan,,,,Alexandrium sp.,,0
986,2013,January,22,22/01/2013,,,,Pangasinan,,,,Alexandrium sp.,,0
987,2013,January,22,22/01/2013,,,,Pangasinan,,,,Alexandrium sp.,,0
988,2013,January,30,30/01/2013,,,,Pangasinan,,,,Alexandrium sp.,,0
989,2013,January,30,30/01/2013,,,,Pangasinan,,,,Alexandrium sp.,,0
990,2013,February,12,12/02/2013,,,,Pangasinan,,,,Alexandrium sp.,,0
991,2013,February,12,12/02/2013,,,,Pangasinan,,,,Alexandrium sp.,,0
992,2013,March,13,13/03/2013,,,,Pangasinan,,,,Alexandrium sp.,,0
993,2013,March,13,13/03/2013,,,,Pangasinan,,,,Alexandrium sp.,,0
994,2013,March,19,19/03/2013,,,,Pangasinan,,,,Alexandrium sp.,,0
995,2013,March,19,19/03/2013,,,,Pangasinan,,,,Alexandrium sp.,,0
996,2013,March,25,25/03/2013,,,,Pangasinan,,,,Alexandrium sp.,,0
997,2013,April,2,02/04/2013,,,,Pangasinan,,,,Alexandrium sp.,,0
998,2013,April,2,02/04/2013,,,,Pangasinan,,,,Alexandrium sp.,,0
999,2013,April,16,16/04/2013,,,,Pangasinan,,,,Alexandrium sp.,,0
1000,2013,April,16,16/04/2013,,,,Pangasinan,,,,Alexandrium sp.,,0
1001,2013,April,30,30/04/2013,,,,Pangasinan,,,,Alexandrium sp.,,0
1002,2013,April,30,30/04/2013,,,,Pangasinan,,,,Alexandrium sp.,,0
1003,2013,May,15,15/05/2013,,,,Pangasinan,,,,Alexandrium sp.,,0
1004,2013,May,15,15/05/2013,,,,Pangasinan,,,,Alexandrium sp.,,0
1005,2013,June,13,13/06/2013,,,,Pangasinan,,,,Alexandrium sp.,,0
1006,2013,June,13,13/06/2013,,,,Pangasinan,,,,Alexandrium sp.,,0
1007,2013,June,25,25/06/2013,,,,Pangasinan,,,,Alexandrium sp.,,0
1008,2013,June,25,25/06/2013,,,,Pangasinan,,,,Alexandrium sp.,,0
1009,2013,July,9,09/07/2013,,,,Pangasinan,,,,Alexandrium sp.,,0
1010,2013,July,9,09/07/2013,,,,Pangasinan,,,,Alexandrium sp.,,0
1011,2013,July,23,23/07/2013,,,,Pangasinan,,,,Alexandrium sp.,,0
1012,2013,July,23,23/07/2013,,,,Pangasinan,,,,Alexandrium sp.,,0
1013,2013,August,6,06/08/2013,,,,Pangasinan,,,,Alexandrium sp.,,0
1014,2013,August,6,06/08/2013,,,,Pangasinan,,,,Alexandrium sp.,,0
1015,2013,August,15,15/08/2013,,,,Pangasinan,,,,Alexandrium sp.,,0
1016,2013,August,15,15/08/2013,,,,Pangasinan,,,,Alexandrium sp.,,0
1017,2013,September,3,03/09/2013,,,,Pangasinan,,,,Alexandrium sp.,,0
1018,2013,September,3,03/09/2013,,,,Pangasinan,,,,Alexandrium sp.,,0
1019,2013,September,17,17/09/2013,,,,Pangasinan,,,,Alexandrium sp.,,0
1020,2013,September,17,17/09/2013,,,,Pangasinan,,,,Alexandrium sp.,,0
1021,2013,October,8,08/10/2013,,,,Pangasinan,,,,Alexandrium sp.,,0
1022,2013,October,8,08/10/2013,,,,Pangasinan,,,,Alexandrium sp.,,0
1023,2013,October,22,22/10/2013,,,,Pangasinan,,,,Alexandrium sp.,,0
1024,2013,October,22,22/10/2013,,,,Pangasinan,,,,Alexandrium sp.,,0
1025,2013,November,6,06/11/2013,,,,Pangasinan,,,,Alexandrium sp.,,0
1026,2013,November,6,06/11/2013,,,,Pangasinan,,,,Alexandrium sp.,,0
1027,2013,November,26,26/11/2013,,,,Pangasinan,,,,Alexandrium sp.,,0
1028,2013,December,4,04/12/2013,,,,Pangasinan,,,,Alexandrium sp.,,0
1029,2013,December,4,04/12/2013,,,,Pangasinan,,,,Alexandrium sp.,,0
1030,2013,December,16,16/12/2013,,,,Pangasinan,,,,Alexandrium sp.,,0
1031,2013,December,16,16/12/2013,,,,Pangasinan,,,,Alexandrium sp.,,0
